名称,大类,中类,小类,地址,省,市,区,WGS84_经度,WGS84_纬度
喇叭沟原始森林风景区-白桦林景区,风景名胜,风景名胜,风景名胜,喇叭沟门满族乡红螺凤凰台观光区,北京市,北京市,怀柔区,116.47545,40.96251398
红螺凤凰台观光区,风景名胜,风景名胜,风景名胜,017县道,北京市,北京市,怀柔区,116.4757993,40.96299956
五龙潭原始次生林景区,风景名胜,风景名胜,风景名胜,北部喇叭沟门满族乡孙栅子,北京市,北京市,怀柔区,116.4936565,40.96156428
红螺五龙潭观光区,风景名胜,风景名胜,风景名胜,北喇叭沟门,北京市,北京市,怀柔区,116.4941551,40.96332827
喇叭沟原始森林风景区-凤凰台景区,风景名胜,风景名胜,风景名胜,,北京市,北京市,怀柔区,116.4862425,40.95732482
北京喇叭沟原始森林公园,风景名胜,风景名胜,风景名胜,喇叭沟门满族乡孙栅子村西300号,北京市,北京市,怀柔区,116.4835601,40.95819016
五龙潭,风景名胜,风景名胜,风景名胜,喇碾路与017县道交叉口东北100米,北京市,北京市,怀柔区,116.4983304,40.95401364
夏凉宫B区,风景名胜,风景名胜,风景名胜,孙栅子村西500米,北京市,北京市,怀柔区,116.4909888,40.95661153
红螺夏凉宫,风景名胜,风景名胜,风景名胜,喇叭沟门,北京市,北京市,怀柔区,116.4962836,40.95344602
喇叭沟原始森林风景区(暂停营业),风景名胜,风景名胜,风景名胜,北喇叭沟门满族乡孙栅子(喇叭沟原始森林公园),北京市,北京市,怀柔区,116.5106873,40.94310215
龙泉,风景名胜,风景名胜,风景名胜,017县道南100米,北京市,北京市,怀柔区,116.5237468,40.94605867
喇叭沟原始森林风景区-冰川景区,风景名胜,风景名胜,风景名胜,喇碾路西50米,北京市,北京市,怀柔区,116.4781321,40.93859298
千总府,风景名胜,风景名胜,风景名胜,017县道东100米,北京市,北京市,怀柔区,116.5500681,40.93454453
北京高寒植物园,风景名胜,公园广场,植物园,喇嘛沟门满族乡X017,北京市,北京市,怀柔区,116.5517689,40.93281799
喇叭沟门白桦谷,风景名胜,风景名胜,风景名胜,喇叭沟门满族乡,北京市,北京市,怀柔区,116.6011958,40.89882763
满韵旗风,风景名胜,风景名胜,风景名胜,喇叭沟门满族乡喇叭沟门村2号喇叭沟门满族民俗博物馆附近,北京市,北京市,怀柔区,116.6153498,40.90027255
八旗文化广场,风景名胜,公园广场,城市广场,喇叭沟门,北京市,北京市,怀柔区,116.6168444,40.9004779
龙门店森林公园,风景名胜,公园广场,公园,宝碾公路南100米,北京市,北京市,怀柔区,116.42126,40.89013954
道德坑红色旅游基地,风景名胜,风景名胜,风景名胜,宝山镇道德坑村村东北1000米处,北京市,北京市,怀柔区,116.4082982,40.87432695
大冰沟,风景名胜,风景名胜,风景名胜,,北京市,北京市,怀柔区,116.3843567,40.8688083
老爷庙,风景名胜,风景名胜相关,旅游景点,庄喇路附近,北京市,北京市,怀柔区,116.5373884,40.84700885
雪梨公园,风景名胜,公园广场,公园,庄喇路与006乡道交叉口北150米,北京市,北京市,怀柔区,116.5401237,40.84131552
七星关,风景名胜,风景名胜,风景名胜,京加路附近,北京市,北京市,怀柔区,116.7130769,40.83307946
八股山,风景名胜,风景名胜,风景名胜,006乡道西50米,北京市,北京市,怀柔区,116.5201392,40.80033834
银河谷市级森林公园,风景名胜,公园广场,公园,,北京市,北京市,怀柔区,116.5576829,40.7631015
柏泉墅休闲谷,风景名胜,公园广场,公园,长司公路,北京市,北京市,怀柔区,116.8140638,40.76957903
祥云寺,风景名胜,风景名胜,寺庙道观,008县道和长司公路的交叉口,北京市,北京市,密云区,116.8647765,40.76813893
关帝庙,风景名胜,风景名胜,寺庙道观,花盆中心对面,北京市,北京市,延庆区,116.3852883,40.75560888
娘娘庙,风景名胜,风景名胜,寺庙道观,花盆中心对面关帝庙内,北京市,北京市,延庆区,116.3852412,40.75609054
百里山水画廊-花盆森林公园,风景名胜,公园广场,公园,东店村153号北京百里山水画廊内,北京市,北京市,延庆区,116.3849646,40.75451086
椴槐沟,风景名胜,风景名胜相关,旅游景点,,北京市,北京市,怀柔区,116.7388392,40.75130896
侯殿义民俗户,风景名胜,风景名胜相关,旅游景点,冯家峪镇西苍峪村32号,北京市,北京市,密云区,116.8563909,40.76044089
西苍峪金瓜谷,风景名胜,风景名胜,风景名胜,冯家峪镇西苍峪村下仓峪村,北京市,北京市,密云区,116.8594317,40.76035215
千年大榆树京北长寿村,风景名胜,风景名胜相关,旅游景点,大榆树村,北京市,北京市,怀柔区,116.5819665,40.74856097
黄粱根金鱼泉,风景名胜,风景名胜,风景名胜,黄梁根村黄梁根,北京市,北京市,密云区,116.867695,40.74662653
黄粱根映山红峡谷,风景名胜,风景名胜,风景名胜,冯家峪镇黄梁根村委会向西100米,北京市,北京市,密云区,116.8673856,40.74710583
银河谷生态观光园,风景名胜,风景名胜,风景名胜,滦赤路与006乡道交叉口北200米,北京市,北京市,怀柔区,116.6254949,40.73279135
京螺汤河一川漂流,风景名胜,风景名胜,风景名胜,汤河口镇汤河口大街63号,北京市,北京市,怀柔区,116.6342538,40.7337502
番字石刻,风景名胜,风景名胜,风景名胜,番字牌,北京市,北京市,密云区,116.8851777,40.7384941
天河第一瀑,风景名胜,风景名胜,风景名胜,,北京市,北京市,怀柔区,116.6120665,40.72680423
天河漂流(暂停营业),风景名胜,风景名胜相关,旅游景点,白河漂流上游,北京市,北京市,怀柔区,116.6183869,40.72636749
天河水韵,风景名胜,公园广场,公园,滦赤路南50米,北京市,北京市,怀柔区,116.6118755,40.72908172
天河川滨水公园,风景名胜,公园广场,公园,天河川滨水公园(滦赤路东),北京市,北京市,怀柔区,116.6097227,40.72611161
怀柔汤河廉政文化公园,风景名胜,公园广场,公园,,北京市,北京市,怀柔区,116.6240882,40.7283654
北京市汤河口湿地公园,风景名胜,公园广场,公园,汤河口环岛与滦赤路交叉口东150米,北京市,北京市,怀柔区,116.6346761,40.73103155
大峪沟门,风景名胜,风景名胜相关,旅游景点,,北京市,北京市,密云区,116.9021923,40.71562612
白马关古城堡,风景名胜,风景名胜,风景名胜,白马关村白马关,北京市,北京市,密云区,116.9100151,40.71352293
白马天涯公园,风景名胜,公园广场,公园,008县道南50米,北京市,北京市,密云区,116.9207273,40.71259204
百里山水画廊-九龙山,风景名胜,风景名胜,风景名胜,木化石路东端硅化木国家地质公园内,北京市,北京市,延庆区,116.388549,40.70201286
百里山水画廊-硅化木保护展示区,风景名胜,风景名胜,风景名胜,木化石路东端硅化木国家地质公园内,北京市,北京市,延庆区,116.3873436,40.70078416
乌龙峡,风景名胜,风景名胜相关,旅游景点,千家店镇下湾村,北京市,北京市,延庆区,116.4448496,40.70488239
龙王庙,风景名胜,风景名胜,寺庙道观,千家店镇沙梁子乡四潭沟村西,北京市,北京市,延庆区,116.4530988,40.70202256
五仙殿,风景名胜,风景名胜,风景名胜,龙王庙内,北京市,北京市,延庆区,116.4529904,40.70224015
药王殿,风景名胜,风景名胜,风景名胜,龙王庙内,北京市,北京市,延庆区,116.452846,40.7022598
百里山水画廊-龙栖湖,风景名胜,风景名胜,风景名胜,千家店镇沙梁子地区乌龙峡谷景区内,北京市,北京市,延庆区,116.452467,40.70118868
黑龙潭冰灯,风景名胜,风景名胜,风景名胜,石城镇大关桥,北京市,北京市,延庆区,116.450543,40.70262527
乌龙峡谷景区(出口),风景名胜,风景名胜相关,旅游景点,千家店镇沙梁子地区乌龙峡谷景区内,北京市,北京市,延庆区,116.4529002,40.7017343
宝山八景之盘道瑶台,风景名胜,风景名胜,风景名胜,盘道沟村村西南侧,北京市,北京市,怀柔区,116.5188757,40.70721304
宝山八景之牤牛岚壑,风景名胜,风景名胜,风景名胜,宝山镇盘道沟牤牛沟村村口西边,北京市,北京市,怀柔区,116.5349352,40.70679918
宝山福地,风景名胜,风景名胜,风景名胜,鸽子堂58号,北京市,北京市,怀柔区,116.6186307,40.70861907
鸽子堂广场,风景名胜,公园广场,公园广场,鸽子堂村,北京市,北京市,怀柔区,116.6188802,40.70891159
长城,风景名胜,风景名胜,风景名胜,,北京市,北京市,密云区,116.8909942,40.70312163
百里山水画廊-朝阳寺,风景名胜,风景名胜,寺庙道观,西店村西朝阳寺,北京市,北京市,延庆区,116.3268765,40.69302786
百里山水画廊-朝阳寺牌坊,风景名胜,风景名胜,风景名胜,西店村西朝阳寺内,北京市,北京市,延庆区,116.3279622,40.69120505
百里山水画廊-白仙庙,风景名胜,风景名胜,风景名胜,西店村西朝阳寺内,北京市,北京市,延庆区,116.3282484,40.69282937
百里山水画廊-韦陀庙,风景名胜,风景名胜,风景名胜,西店村西朝阳寺内,北京市,北京市,延庆区,116.3281396,40.69287255
百里山水画廊-灵官庙,风景名胜,风景名胜,风景名胜,西店村西朝阳寺内,北京市,北京市,延庆区,116.3281667,40.69184122
百里山水画廊-佛殿,风景名胜,风景名胜,风景名胜,西店村西朝阳寺内,北京市,北京市,延庆区,116.3282104,40.69299533
百里山水画廊-娘娘殿,风景名胜,风景名胜,风景名胜,西店村西朝阳寺内,北京市,北京市,延庆区,116.3281346,40.69285257
百里山水画廊-阎王殿,风景名胜,风景名胜,风景名胜,西店村西朝阳寺内,北京市,北京市,延庆区,116.3280358,40.69290672
百里山水画廊-朝阳寺下处,风景名胜,风景名胜,风景名胜,西店村西朝阳寺内,北京市,北京市,延庆区,116.3285517,40.69270288
百里山水画廊-戏楼,风景名胜,风景名胜,风景名胜,西店村西朝阳寺内,北京市,北京市,延庆区,116.3277466,40.6921608
百里山水画廊-鼓楼,风景名胜,风景名胜,风景名胜,西店村西朝阳寺内,北京市,北京市,延庆区,116.3278892,40.69264019
百里山水画廊-火神殿,风景名胜,风景名胜,风景名胜,西店村西朝阳寺内,北京市,北京市,延庆区,116.3280767,40.6929746
百里山水画廊-钟楼,风景名胜,风景名胜相关,旅游景点,西店村西朝阳寺内,北京市,北京市,延庆区,116.3280858,40.69258585
百里山水画廊-朝阳寺景观亭,风景名胜,风景名胜相关,旅游景点,西店村西朝阳寺内,北京市,北京市,延庆区,116.3274702,40.69218631
百里山水画廊-水母奶奶庙,风景名胜,风景名胜,风景名胜,西店村西朝阳寺内,北京市,北京市,延庆区,116.3304056,40.69119041
百里山水画廊-河南花海景区,风景名胜,风景名胜,风景名胜,滦赤路中国·延庆世界地质公园千家店园区内,北京市,北京市,延庆区,116.3477772,40.69418007
百里山水画廊-大滩自然保护区,风景名胜,风景名胜,风景名胜,东店村153号北京百里山水画廊内,北京市,北京市,延庆区,116.3453076,40.69150711
百里山水画廊-千家店村,风景名胜,风景名胜相关,旅游景点,东北部千家店镇百里山水画廊内,北京市,北京市,延庆区,116.3439251,40.69427955
百里山水画廊-定山塔,风景名胜,风景名胜,风景名胜,千沙公路与滦赤路交叉口西南100米,北京市,北京市,延庆区,116.3443527,40.69104907
北京延庆硅化木国家地质公园,风景名胜,风景名胜,国家级景点,千家店镇下德龙湾村,北京市,北京市,延庆区,116.3869628,40.69996089
百里山水画廊硅化木景区,风景名胜,风景名胜相关,旅游景点,千家店镇硅化木国家地质公园,北京市,北京市,延庆区,116.3869449,40.69997789
百里山水画廊-延庆古木化石群,风景名胜,风景名胜,风景名胜,千家店镇,北京市,北京市,延庆区,116.3872128,40.69990284
百里山水画廊-乌龙峡谷,风景名胜,风景名胜,省级景点,千家店镇沙梁子地区,北京市,北京市,延庆区,116.4529491,40.6962173
百里山水画廊-构造节理,风景名胜,风景名胜,风景名胜,千家店镇沙梁子地区乌龙峡谷景区内,北京市,北京市,延庆区,116.4515518,40.69681966
百里山水画廊-河流侧蚀凹槽,风景名胜,风景名胜,风景名胜,千家店镇沙梁子地区乌龙峡谷景区内,北京市,北京市,延庆区,116.4502699,40.69791898
乌龙峡谷旅游风景区,风景名胜,风景名胜,风景名胜,沙梁子乡四潭沟村西,北京市,北京市,延庆区,116.4526883,40.69594789
百里山水画廊-粗安岩露头,风景名胜,风景名胜,风景名胜,千家店镇沙梁子地区乌龙峡谷景区内,北京市,北京市,延庆区,116.451623,40.69678485
百里山水画廊-龙柱大门,风景名胜,风景名胜相关,旅游景点,千家店镇沙梁子地区乌龙峡谷景区内,北京市,北京市,延庆区,116.4531287,40.69609081
宝山八景之白河翠堤,风景名胜,风景名胜,风景名胜,滦赤路东50米,北京市,北京市,怀柔区,116.5222048,40.69356767
宝山寺,风景名胜,风景名胜,风景名胜,宝山大街北50米,北京市,北京市,怀柔区,116.5661447,40.69273311
白河滨水公园,风景名胜,公园广场,公园,京加路与马圈子桥交叉口东北150米,北京市,北京市,怀柔区,116.6540383,40.69482705
取树沟,风景名胜,风景名胜相关,旅游景点,,北京市,北京市,密云区,116.7655334,40.70080058
响水峪自然风景区(建设中),风景名胜,风景名胜,风景名胜,,北京市,北京市,密云区,116.9341731,40.69670921
长城,风景名胜,风景名胜,风景名胜,,北京市,北京市,密云区,117.1409947,40.6965216
吕祠庙,风景名胜,风景名胜,寺庙道观,车站路,北京市,北京市,密云区,117.147519,40.69362271
潮河主坝,风景名胜,风景名胜,观景点,101国道,北京市,北京市,密云区,117.1542224,40.69184694
古北口,风景名胜,风景名胜,风景名胜,古北口镇古北口村,北京市,北京市,密云区,117.1627296,40.69120213
蟠龙山长城景区-古(北口),风景名胜,风景名胜,风景名胜,古北口村,北京市,北京市,密云区,117.1627296,40.69120213
百里山水画廊-白河峡谷,风景名胜,风景名胜,风景名胜,千家店镇,北京市,北京市,延庆区,116.2405953,40.6825636
百里山水画廊-小昆仑构造地貌,风景名胜,风景名胜,风景名胜,滦赤路中国·延庆世界地质公园千家店园区内,北京市,北京市,延庆区,116.254969,40.68563002
百里山水画廊-六道河背斜,风景名胜,风景名胜,风景名胜,滦赤路中国·延庆世界地质公园千家店园区内,北京市,北京市,延庆区,116.254969,40.68563002
百里山水画廊(暂停营业),风景名胜,风景名胜,国家级景点,千家店镇,北京市,北京市,延庆区,116.315975,40.68385419
百里山水画廊-长寿树,风景名胜,风景名胜,风景名胜,东店村153号北京百里山水画廊内,北京市,北京市,延庆区,116.3237387,40.68646246
百里山水画廊-排子岭,风景名胜,风景名胜,风景名胜,河南路西200米,北京市,北京市,延庆区,116.3427158,40.68562769
百里山水画廊-滴水壶景区,风景名胜,风景名胜,风景名胜,千家店镇下湾村,北京市,北京市,延庆区,116.4577088,40.68216649
百里山水画廊-燕山书院,风景名胜,风景名胜,风景名胜,四沙公路南50米,北京市,北京市,延庆区,116.4581743,40.68232853
百里山水画廊-滴水壶单斜,风景名胜,风景名胜,风景名胜,下湾村滴水壶景区内,北京市,北京市,延庆区,116.4579456,40.68210012
百里山水画廊-下湾村,风景名胜,风景名胜相关,旅游景点,滦赤路千家店镇下湾村党支部附近,北京市,北京市,延庆区,116.4574546,40.68531169
百里山水画廊-芦获漫步,风景名胜,风景名胜,风景名胜,下湾村滴水壶景区内,北京市,北京市,延庆区,116.4590753,40.68191706
宝山八景之幽谷鹂歌,风景名胜,风景名胜,风景名胜,滦赤路西50米,北京市,北京市,怀柔区,116.4928233,40.68968075
宝山八景之鱼岛烟树,风景名胜,风景名胜,风景名胜,宝山镇帽山碾子村西南200米,北京市,北京市,怀柔区,116.5117791,40.68718828
南天观澜,风景名胜,风景名胜相关,旅游景点,转年村村西南,北京市,北京市,怀柔区,116.5986991,40.68860228
牛郎峪门,风景名胜,风景名胜相关,旅游景点,,北京市,北京市,密云区,116.909334,40.69108827
长城,风景名胜,风景名胜,风景名胜,,北京市,北京市,密云区,117.1043018,40.68353453
清真寺,风景名胜,风景名胜,回教寺,近郊古下线,北京市,北京市,密云区,117.1456128,40.68562997
万寿行宫,风景名胜,风景名胜,风景名胜,古北口长城景区内,北京市,北京市,密云区,117.1519376,40.68851912
古北口长城,风景名胜,风景名胜相关,旅游景点,东横街与西横街交叉口北150米,北京市,北京市,密云区,117.1578257,40.68821509
古北口(卧虎山)长城管理处,风景名胜,风景名胜,风景名胜,古北口,北京市,北京市,密云区,117.1524075,40.68828413
蟠龙山长城景区-财神庙,风景名胜,风景名胜,寺庙道观,古北口,北京市,北京市,密云区,117.1598359,40.68504102
蟠龙山长城景区-杨令公庙,风景名胜,风景名胜,寺庙道观,当铺后东街,北京市,北京市,密云区,117.1601475,40.68523047
蟠龙山长城景区-古镇文化景区,风景名胜,风景名胜相关,旅游景点,京密路东50米,北京市,北京市,密云区,117.1589876,40.6824962
古北口文化文物旅游景区管理处,风景名胜,风景名胜,风景名胜,古北口,北京市,北京市,密云区,117.1590948,40.68260333
古御道,风景名胜,风景名胜,风景名胜,古北口民俗村古北口隧道旁,北京市,北京市,密云区,117.1591399,40.68249149
古北口文化文物旅游景区,风景名胜,风景名胜,风景名胜,古北口镇古北口村,北京市,北京市,密云区,117.1602487,40.68500881
蟠龙山长城景区-古北口东关二郎庙,风景名胜,风景名胜,寺庙道观,南上坡街10号,北京市,北京市,密云区,117.1659688,40.6839962
御道宫灯,风景名胜,风景名胜相关,旅游景点,古北口,北京市,北京市,密云区,117.1638177,40.68389824
百里山水画廊-稻香谷,风景名胜,风景名胜,风景名胜,千家店镇百里山水画廊景区稻香谷,北京市,北京市,延庆区,116.2678819,40.67346865
百里山水画廊-南猴岭,风景名胜,风景名胜,风景名胜,,北京市,北京市,延庆区,116.370671,40.6804872
百里山水画廊-石屋,风景名胜,风景名胜,风景名胜,下湾村滴水壶景区内,北京市,北京市,延庆区,116.4566337,40.67969655
百里山水画廊-岩溶台地,风景名胜,风景名胜,风景名胜,下湾村滴水壶景区内,北京市,北京市,延庆区,116.4566879,40.67956678
百里山水画廊-滴水壶瀑布,风景名胜,风景名胜,风景名胜,下湾村滴水壶景区内,北京市,北京市,延庆区,116.4562364,40.67990844
百里山水画廊-滴水壶岩溶景观,风景名胜,风景名胜,风景名胜,下湾村滴水壶景区内,北京市,北京市,延庆区,116.4565985,40.68011118
百里山水画廊-滴水壶岩溶遗迹,风景名胜,风景名胜,风景名胜,千家店镇下湾村滴水壶景区内,北京市,北京市,延庆区,116.4565985,40.68011118
白河湿地生态文化公园,风景名胜,公园广场,公园,后安岭,北京市,北京市,怀柔区,116.6580778,40.67980685
白河湾-狼虎哨漂流,风景名胜,风景名胜相关,旅游景点,狼虎哨大石窑度假村,北京市,北京市,怀柔区,116.6922609,40.67953461
古北口·森林公园,风景名胜,公园广场,公园,古北口镇,北京市,北京市,密云区,117.1129745,40.67772453
瘟神庙,风景名胜,风景名胜,寺庙道观,古北口镇潮关古下线瘟神庙戏楼,北京市,北京市,密云区,117.1227679,40.67954731
瘟神庙戏楼,风景名胜,风景名胜,风景名胜,潮关村村口,北京市,北京市,密云区,117.1227679,40.67954831
古北口长城抗战纪念馆,风景名胜,风景名胜,纪念馆,京密路西100米,北京市,北京市,密云区,117.1551979,40.67970014
长城抗战古北口战役纪念碑,风景名胜,风景名胜,风景名胜,京密路西100米,北京市,北京市,密云区,117.1564641,40.68057686
蟠龙山长城景区-西域楼,风景名胜,风景名胜,风景名胜,巴克什营镇金山岭长城内,北京市,北京市,密云区,117.2363658,40.67541043
蟠龙山长城景区-沙岭口,风景名胜,风景名胜,风景名胜,巴克什营镇金山岭长城内,北京市,北京市,密云区,117.2389262,40.67593158
蟠龙山长城景区-无名楼,风景名胜,风景名胜,风景名胜,巴克什营镇金山岭长城内,北京市,北京市,密云区,117.2537666,40.67972405
百里山水画廊-近直立地层,风景名胜,风景名胜,风景名胜,滦赤路中国·延庆世界地质公园千家店园区内,北京市,北京市,延庆区,116.195865,40.66392212
百里山水画廊-干沟民俗村,风景名胜,风景名胜,风景名胜,百里画廊景区内,北京市,北京市,延庆区,116.2402387,40.66203549
百里山水画廊-深谷幽山,风景名胜,风景名胜,风景名胜,东店村153号北京百里山水画廊内,北京市,北京市,延庆区,116.2463984,40.66398917
百里山水画廊-泥裂,风景名胜,风景名胜,风景名胜,滦赤路中国·延庆世界地质公园千家店园区内,北京市,北京市,延庆区,116.2416792,40.66330177
硅质条带白云岩露头,风景名胜,风景名胜,风景名胜,滦赤路中国·延庆世界地质公园千家店园区内,北京市,北京市,延庆区,116.2416792,40.66330177
百里山水画廊-波痕沉积构造,风景名胜,风景名胜,风景名胜,滦赤路中国·延庆世界地质公园千家店园区内,北京市,北京市,延庆区,116.2416792,40.66330177
百里山水画廊-石英砂岩,风景名胜,风景名胜,风景名胜,滦赤路中国·延庆世界地质公园千家店园区内,北京市,北京市,延庆区,116.2439962,40.66946167
百里山水画廊-天桥,风景名胜,风景名胜,风景名胜,滦赤路东200米,北京市,北京市,延庆区,116.2458695,40.67016907
百里山水画廊秀水湾,风景名胜,风景名胜,风景名胜,河西村滦赤路,北京市,北京市,延庆区,116.2648168,40.66278346
白河漂流,风景名胜,风景名胜相关,旅游景点,琉璃庙镇白河北村,北京市,北京市,怀柔区,116.6756018,40.66186442
白河湾-湿地公园,风景名胜,风景名胜,风景名胜,双狼路南50米,北京市,北京市,怀柔区,116.671721,40.66866424
白河湾,风景名胜,风景名胜,风景名胜,琉璃庙镇白河北新村,北京市,北京市,怀柔区,116.6833289,40.67058025
狼虎哨村法治廉政文化公园,风景名胜,公园广场,公园,双狼路东50米,北京市,北京市,怀柔区,116.6918182,40.67091823
白河湾-高峡平湖,风景名胜,风景名胜,风景名胜,,北京市,北京市,怀柔区,116.6929104,40.66271794
清凉谷风景区高峡平湖,风景名胜,公园广场,公园内部设施,,北京市,北京市,怀柔区,116.6931668,40.66272352
古北口娘娘庙,风景名胜,风景名胜,寺庙道观,,北京市,北京市,密云区,117.1484339,40.66972478
白岭关,风景名胜,风景名胜,风景名胜,新城子乡头道沟村,北京市,北京市,密云区,117.3496229,40.66327217
东沟天云山风景区,风景名胜,风景名胜,风景名胜,新城子镇东沟村北,北京市,北京市,密云区,117.3944751,40.66904605
白河堡水库观景平台,风景名胜,风景名胜,风景名胜,,北京市,北京市,延庆区,116.1770575,40.65213109
百里山水画廊-东边村木化石,风景名胜,风景名胜,风景名胜,滦赤路中国·延庆世界地质公园千家店园区内,北京市,北京市,延庆区,116.1852316,40.66066295
百里山水画廊-天生桥,风景名胜,风景名胜,风景名胜,滦赤路中国·延庆世界地质公园千家店园区内,北京市,北京市,延庆区,116.2036151,40.65886064
中国延庆地质公园千家店园区,风景名胜,风景名胜,风景名胜,刘干路与滦赤路交叉口北50米,北京市,北京市,延庆区,116.2443986,40.65916056
百里山水画廊-迎宾湖,风景名胜,风景名胜,风景名胜,东店村153号北京百里山水画廊内,北京市,北京市,延庆区,116.2434083,40.65909462
百里山水画廊文昌帝君庙碑,风景名胜,风景名胜相关,旅游景点,东北部千家店镇百里山水画廊内,北京市,北京市,延庆区,116.2441425,40.65919255
红云岭,风景名胜,风景名胜,风景名胜,,北京市,北京市,延庆区,116.4848622,40.65595099
宝山八景之天门潭月,风景名胜,风景名胜,风景名胜,宝山镇牛圈子后南天门村村口后南天门桥处,北京市,北京市,怀柔区,116.5237553,40.65949803
琉璃庙镇法治廉政文化公园,风景名胜,公园广场,公园,前青路与双狼路交叉口西北200米,北京市,北京市,怀柔区,116.674364,40.65650733
白河湾湿地生态公园,风景名胜,风景名胜,风景名胜,青石岭村西,北京市,北京市,怀柔区,116.678701,40.65391789
袁秀荣民俗园,风景名胜,风景名胜相关,旅游景点,琉璃庙镇双文铺民俗村,北京市,北京市,怀柔区,116.6754015,40.65255698
白河第一漂基地,风景名胜,风景名胜相关,旅游景点,东峪路与前青路交叉口东北150米,北京市,北京市,怀柔区,116.6978909,40.65561173
绿游百纳(白河青石岭影视基地漂流),风景名胜,风景名胜相关,旅游景点,琉璃庙镇青石岭影视外景基地漂流码头,北京市,北京市,怀柔区,116.6939698,40.65421686
白河湾-京北一漂,风景名胜,风景名胜,风景名胜,琉璃庙镇青石岭(蚂蚁山庄南500米),北京市,北京市,怀柔区,116.6939359,40.65471958
清凉谷风景区乐仙瀑,风景名胜,公园广场,公园内部设施,,北京市,北京市,怀柔区,116.6977426,40.66064562
白河湾-悦仙瀑,风景名胜,风景名胜,风景名胜,琉璃庙镇青石岭村残疾人协会附近,北京市,北京市,怀柔区,116.700883,40.65389837
白河湾-母子潭,风景名胜,风景名胜,风景名胜,,北京市,北京市,怀柔区,116.6998848,40.65809806
清凉谷风景区母子潭,风景名胜,公园广场,公园内部设施,,北京市,北京市,怀柔区,116.7000844,40.65807678
东峪沟,风景名胜,风景名胜相关,旅游景点,,北京市,北京市,密云区,116.8588689,40.65194449
紫海香堤薰衣草庄园,风景名胜,风景名胜相关,旅游景点,古北口镇汤河村北大街9号,北京市,北京市,密云区,117.2062565,40.65160191
紫海香堤香草艺术庄园,风景名胜,风景名胜,风景名胜,古北口镇汤河村,北京市,北京市,密云区,117.2142608,40.65742224
紫海香堤香草艺术庄园-聂长山,风景名胜,风景名胜相关,旅游景点,司马台村小岭32-2,北京市,北京市,密云区,117.2266223,40.65732543
老李利盛和,风景名胜,风景名胜相关,旅游景点,司水路(近司马台),北京市,北京市,密云区,117.2369214,40.65575578
大金山森林公园,风景名胜,公园广场,公园,G45大广高速附近,北京市,北京市,密云区,117.2415596,40.65972179
密云古北口水镇,风景名胜,风景名胜相关,旅游景点,蔡家窝铺5-3民俗,北京市,北京市,密云区,117.2433978,40.65264351
司马台长城民居,风景名胜,风景名胜相关,旅游景点,古北水镇司马台新村(近京承高速司马台出口24出口),北京市,北京市,密云区,117.2389061,40.65517754
古北水镇-日月岛码头,风景名胜,风景名胜相关,旅游景点,古北口镇古北水镇景区内,北京市,北京市,密云区,117.26736,40.6510414
古北水镇,风景名胜,风景名胜,风景名胜,古北口镇司马台村,北京市,北京市,密云区,117.2697688,40.65223936
汤和古寨区,风景名胜,风景名胜,风景名胜,古北口镇司马台村古北水镇,北京市,北京市,密云区,117.2704884,40.65358576
古北水镇-望京楼留念,风景名胜,风景名胜相关,旅游景点,,北京市,北京市,密云区,117.2840278,40.65785256
白岭关长城,风景名胜,风景名胜,风景名胜,新城子镇头道沟村,北京市,北京市,密云区,117.3414952,40.6584212
二郎庙,风景名胜,风景名胜,寺庙道观,催四路与松曹路交叉口西北100米,北京市,北京市,密云区,117.3718428,40.65141078
降篷山,风景名胜,风景名胜相关,旅游景点,,北京市,北京市,延庆区,116.1334389,40.64910603
齐仙岭,风景名胜,风景名胜,风景名胜,,北京市,北京市,延庆区,116.4949091,40.64418958
齐仙岭风景区,风景名胜,风景名胜,风景名胜,川宝路北50米,北京市,北京市,延庆区,116.5117172,40.64475861
西湾子休闲产业公园,风景名胜,公园广场,公园,京加路与206乡道交叉口西南100米,北京市,北京市,怀柔区,116.6460058,40.64368427
滨水沙滩公园,风景名胜,公园广场,公园,京加路东50米,北京市,北京市,怀柔区,116.6553606,40.6478784
眼镜潭,风景名胜,风景名胜,风景名胜,,北京市,北京市,怀柔区,116.6920212,40.64341214
三潭叠泻,风景名胜,风景名胜,风景名胜,,北京市,北京市,怀柔区,116.694918,40.64207627
三仙捧玉,风景名胜,风景名胜,风景名胜,,北京市,北京市,怀柔区,116.6948892,40.64871599
白河湾薰衣草庄园,体育休闲服务,休闲场所,休闲场所|风景名胜,琉璃庙镇青石岭村南500米,北京市,北京市,怀柔区,116.6967474,40.65070674
积翠潭,风景名胜,风景名胜,风景名胜,,北京市,北京市,怀柔区,116.7008806,40.64171433
司马台秀伍民俗,风景名胜,风景名胜相关,旅游景点,古北口镇司马台小岭村8-4号,北京市,北京市,密云区,117.2050415,40.64781883
古北水镇-驿通门,风景名胜,风景名胜,风景名胜,古北口镇古北水镇景区内,北京市,北京市,密云区,117.2610592,40.64331042
北京古北水镇(司马台长城)国际旅游度假区,风景名胜,风景名胜,风景名胜,古北口镇,北京市,北京市,密云区,117.2601164,40.643373
古北水镇-永安桥,风景名胜,风景名胜,风景名胜,古北口镇司马台村古北水镇,北京市,北京市,密云区,117.264504,40.64606009
古北水镇-红妆桥,风景名胜,风景名胜,风景名胜,古北口镇司马台村古北水镇,北京市,北京市,密云区,117.267364,40.65080456
古北水镇-杨无敌祠戏台,风景名胜,风景名胜,风景名胜,古北口镇司马台村古北水镇,北京市,北京市,密云区,117.266842,40.64934198
古北水镇-卧龙堡民俗文化区,风景名胜,风景名胜,风景名胜,古北口镇司马台村古北水镇,北京市,北京市,密云区,117.2653382,40.64996585
古北水镇-圆通塔,风景名胜,风景名胜,风景名胜,古北口镇司马台村古北水镇,北京市,北京市,密云区,117.2646893,40.64939076
威远桥,风景名胜,风景名胜,风景名胜,古北口镇司马台村古北水镇,北京市,北京市,密云区,117.2667844,40.64688964
古北水镇-寒沙桥,风景名胜,风景名胜,风景名胜,古北口镇司马台村古北水镇,北京市,北京市,密云区,117.2665726,40.64785319
古北水镇-水街历史风景区,风景名胜,风景名胜,风景名胜,古北口镇司马台村古北水镇,北京市,北京市,密云区,117.265103,40.64705595
古北水镇-佛爷桥,风景名胜,风景名胜,风景名胜,古北口镇司马台村古北水镇,北京市,北京市,密云区,117.2652629,40.64623835
古北水镇-潮河第一营,风景名胜,风景名胜,风景名胜,古北口镇古北水镇景区内,北京市,北京市,密云区,117.2666063,40.64989083
古北水镇-半晴桥,风景名胜,风景名胜,风景名胜,古北口镇古北水镇景区内,北京市,北京市,密云区,117.2658675,40.64977953
古北水镇-川桥,风景名胜,风景名胜,风景名胜,古北口镇古北水镇景区内,北京市,北京市,密云区,117.2660322,40.6494646
古北水镇-云霓,风景名胜,风景名胜,风景名胜,古北口镇古北水镇景区内,北京市,北京市,密云区,117.2657597,40.64926696
古北水镇-皮影戏馆,风景名胜,风景名胜相关,旅游景点,古北口镇古北水镇景区内,北京市,北京市,密云区,117.2659956,40.64762783
古北水镇-司马小烧酒坊,风景名胜,风景名胜相关,旅游景点,古北口镇古北水镇景区内,北京市,北京市,密云区,117.2650961,40.64651131
古北水镇-圆桥,风景名胜,风景名胜,风景名胜,古北口镇古北水镇景区内,北京市,北京市,密云区,117.2650731,40.64624251
古北水镇-蓝桥,风景名胜,风景名胜,风景名胜,古北口镇古北水镇景区内,北京市,北京市,密云区,117.267553,40.64831102
古北水镇-英华桥,风景名胜,风景名胜,风景名胜,古北口镇古北水镇景区内,北京市,北京市,密云区,117.2675121,40.64844597
古北水镇-英华书院,风景名胜,风景名胜,风景名胜,古北口镇古北水镇景区内,北京市,北京市,密云区,117.2677107,40.64857571
古北水镇-水榭回廊,风景名胜,风景名胜,风景名胜,古北口镇古北水镇景区内,北京市,北京市,密云区,117.2679553,40.64884431
古北水镇-杨无敌祠,风景名胜,风景名胜,风景名胜,令公街003号,北京市,北京市,密云区,117.2672464,40.64935761
古北水镇-观景台(司水路),风景名胜,风景名胜,风景名胜,令公街与杨家巷交叉口东150米,北京市,北京市,密云区,117.2683775,40.64931961
古北水镇-月老庙,风景名胜,风景名胜,风景名胜,古北口镇古北水镇景区,北京市,北京市,密云区,117.2670351,40.64649967
古北水镇-喜鹊桥,风景名胜,风景名胜相关,旅游景点,古北口镇古北水镇景区内,北京市,北京市,密云区,117.2673245,40.64720895
古北水镇-南天门(汤市街),风景名胜,风景名胜,风景名胜,古北口镇古北水镇景区内,北京市,北京市,密云区,117.2654885,40.64610026
古北水镇-雁归游船码头,风景名胜,风景名胜,风景名胜,古北口镇古北水镇景区内,北京市,北京市,密云区,117.2641756,40.64557167
古北水镇-喊泉,风景名胜,风景名胜,风景名胜,古北口镇古北水镇景区,北京市,北京市,密云区,117.267639,40.64751746
古北水镇-古北口驿,风景名胜,风景名胜,风景名胜,古北口镇古北水镇景区内,北京市,北京市,密云区,117.261905,40.6439774
古北水镇-水街,风景名胜,风景名胜,风景名胜,古北口镇古北水镇景区内,北京市,北京市,密云区,117.2595979,40.64431372
古北水镇-潮河川桥,风景名胜,风景名胜相关,旅游景点,古北口镇古北水镇景区内,北京市,北京市,密云区,117.2682975,40.65091563
古北水镇-城门桥,风景名胜,风景名胜,风景名胜,古北口镇古北水镇景区内,北京市,北京市,密云区,117.2668759,40.64971271
古北水镇-文昌阁(司水路),风景名胜,风景名胜,风景名胜,令公街001号英华书院西院内,北京市,北京市,密云区,117.2678524,40.64923315
古北水镇-狮子桥,风景名胜,风景名胜,风景名胜,古北口镇古北水镇景区内,北京市,北京市,密云区,117.2592134,40.64430196
古北水镇-永顺染坊,风景名胜,风景名胜相关,旅游景点|购物服务,古北口镇古北水镇景区内,北京市,北京市,密云区,117.2657071,40.64700648
古北水镇-日月岛广场,风景名胜,公园广场,公园广场,古北口镇古北水镇景区内,北京市,北京市,密云区,117.2666611,40.65036846
古北水镇-汤河寨桥,风景名胜,风景名胜,风景名胜,古北口镇古北水镇景区内,北京市,北京市,密云区,117.2692509,40.65059694
古北水镇-长道桥,风景名胜,风景名胜,风景名胜,古北口镇古北水镇景区内,北京市,北京市,密云区,117.2695774,40.65068857
古北水镇-山顶教堂,风景名胜,风景名胜,教堂,令公街5号,北京市,北京市,密云区,117.2688198,40.64953805
龙王庙,风景名胜,风景名胜,寺庙道观,新城子镇,北京市,北京市,密云区,117.3351872,40.64405108
柏神公园,风景名胜,公园广场,公园,松曹路与445村道交叉口东北50米,北京市,北京市,密云区,117.3314755,40.64401505
密云狩猎综合旅游区,风景名胜,风景名胜,风景名胜,253乡道,北京市,北京市,密云区,117.3677068,40.64314049
云岫谷游猎自然风景区-雾灵湖,风景名胜,风景名胜,风景名胜,新城子,北京市,北京市,密云区,117.3808939,40.64509167
东极仙谷自然风景区,风景名胜,风景名胜,风景名胜,新城子镇花园村,北京市,北京市,密云区,117.4902605,40.64451446
喜仙瀑,风景名胜,风景名胜,风景名胜,清凉谷风景区清心潭喜仙瀑,北京市,北京市,密云区,116.7038715,40.63630554
流杯潭,风景名胜,风景名胜,风景名胜,,北京市,北京市,密云区,116.7138576,40.63140122
勺潭,风景名胜,风景名胜,风景名胜,四合堂乡北石城村清凉谷风景区内,北京市,北京市,密云区,116.7108625,40.63830223
清心潭,风景名胜,风景名胜,风景名胜,,北京市,北京市,密云区,116.7148512,40.63579834
清凉谷景区,风景名胜,风景名胜,省级景点,贾峪青龙背村,北京市,北京市,密云区,116.7477191,40.63203173
贾峪观光园,风景名胜,风景名胜,风景名胜,对贾路南50米,北京市,北京市,密云区,116.7534883,40.63165432
龙云山风景区-溅玉瀑,风景名胜,风景名胜,风景名胜,对贾路东150米附近,北京市,北京市,密云区,116.7548111,40.63268515
京都第一瀑溅玉瀑,风景名胜,公园广场,公园内部设施,对贾路东150米,北京市,北京市,密云区,116.7550261,40.63269722
贾峪湿地,风景名胜,公园广场,公园,石城镇贾峪村,北京市,北京市,密云区,116.7679258,40.63131324
龙云山风景区-寻春湖,风景名胜,风景名胜,风景名胜,石城镇对贾路龙云山风景区,北京市,北京市,密云区,116.7698178,40.63349253
京都第一瀑寻春湖,风景名胜,公园广场,公园内部设施,,北京市,北京市,密云区,116.7702962,40.63347199
独秀峰,风景名胜,风景名胜,风景名胜,冯家峪,北京市,北京市,密云区,116.8870687,40.63578704
上水湾自然风景区,风景名胜,风景名胜,风景名胜,冯家峪镇北侧,北京市,北京市,密云区,116.8903039,40.6367054
司马台长城,风景名胜,风景名胜,风景名胜,京密路与马北公路交叉口东50米,北京市,北京市,密云区,117.1861455,40.63911077
云岫园,风景名胜,风景名胜,风景名胜,松曹路与443村道交叉口东北50米,北京市,北京市,密云区,117.2964545,40.63715379
云岫谷游猎自然风景区-雾灵西峰景区,风景名胜,风景名胜,风景名胜,新城子镇,北京市,北京市,密云区,117.3550066,40.63264585
雾灵西峰高山滑水,风景名胜,风景名胜相关,旅游景点,新城子镇沙滩村雾灵西峰生态旅游风景,北京市,北京市,密云区,117.3545695,40.63302926
古堡民俗旅游区,风景名胜,风景名胜,风景名胜,新城子镇云岫谷游猎自然风景区,北京市,北京市,密云区,117.3615843,40.63519103
云岫谷游猎自然风景区-遥桥古堡,风景名胜,风景名胜,风景名胜,253乡道新城子镇遥桥古堡,北京市,北京市,密云区,117.3760095,40.63232642
雾灵山森林公园-千叠溪风景区,风景名胜,风景名胜,风景名胜,265乡道附近,北京市,北京市,密云区,117.4223916,40.63574073
北京西沟原始森林,风景名胜,风景名胜,风景名胜,,北京市,北京市,怀柔区,116.5435794,40.62114639
望京台,风景名胜,风景名胜,风景名胜,310省道东50米,北京市,北京市,密云区,116.7009213,40.62772221
迎仙潭,风景名胜,风景名胜,风景名胜,,北京市,北京市,密云区,116.7118608,40.62840837
山门,风景名胜,风景名胜,风景名胜,,北京市,北京市,密云区,116.7248378,40.63089347
白河大峡谷,风景名胜,风景名胜,风景名胜,石城镇四合堂清凉谷风景区,北京市,北京市,密云区,116.7257701,40.62598391
京都第一瀑-飞珠潭,风景名胜,风景名胜,风景名胜,清凉谷风景区飞珠潭(琉辛路南),北京市,北京市,密云区,116.7468248,40.62919344
京都第一瀑-一叶潭,风景名胜,风景名胜,风景名胜,310省道南200米,北京市,北京市,密云区,116.7548119,40.62658601
龙云山风景区-群花潭,风景名胜,风景名胜,风景名胜,石城镇群花潭,北京市,北京市,密云区,116.7878495,40.62275981
龙云山风景区,风景名胜,风景名胜,风景名胜,四合堂,北京市,北京市,密云区,116.7899546,40.62905892
不老湖风景区,风景名胜,风景名胜,风景名胜,不老屯镇半城子村,北京市,北京市,密云区,117.0168649,40.6288136
密云欢乐桃源,风景名胜,公园广场,公园,"太师屯镇落洼村(京承高速司马台出口左转200米,距古北水镇1200米)",北京市,北京市,密云区,117.2477493,40.63004668
云岫谷游猎自然风景区-岫谷门,风景名胜,风景名胜,风景名胜,新城子乡遥桥峪,北京市,北京市,密云区,117.375838,40.63074457
燕山天池,风景名胜,风景名胜,风景名胜,城东北20公里,北京市,北京市,延庆区,116.1220647,40.61522655
百里山水画廊-云龙山,风景名胜,风景名胜,风景名胜,,北京市,北京市,延庆区,116.2208537,40.62019033
水口文化体育中心,风景名胜,风景名胜相关,旅游景点,龙湖大道148号,北京市,北京市,延庆区,116.2629021,40.61655469
云梦仙境太极大峡谷(暂停营业),风景名胜,风景名胜相关,旅游景点,琉璃庙镇东峪村云梦仙境自然风景区龙潭涧景区,北京市,北京市,怀柔区,116.6873927,40.61785325
鬼谷庐,风景名胜,风景名胜,风景名胜,310省道南50米,北京市,北京市,怀柔区,116.6903906,40.61884148
龙潭涧,风景名胜,风景名胜,省级景点,琉璃庙镇东峪村,北京市,北京市,怀柔区,116.6895567,40.6191567
千尺珍珠瀑风景区,风景名胜,风景名胜,风景名胜,石城镇四合堂,北京市,北京市,密云区,116.713186,40.61503921
龙云山风景区-悬空瀑,风景名胜,风景名胜,风景名胜,,北京市,北京市,密云区,116.768824,40.61920463
京都第一瀑悬空瀑,风景名胜,公园广场,公园内部设施,,北京市,北京市,密云区,116.7688,40.61920961
京都第一瀑,风景名胜,风景名胜,风景名胜,琉辛路101号,北京市,北京市,密云区,116.7641063,40.61104786
京都第一瀑-鹤鸣洞,风景名胜,风景名胜,风景名胜,琉辛路南100米,北京市,北京市,密云区,116.7708333,40.61282042
龙云山风景区-望鹤台,风景名胜,风景名胜,风景名胜,石城镇琉辛路龙云山风景区,北京市,北京市,密云区,116.7738219,40.61940934
龙云山风景区-高峡平湖,风景名胜,风景名胜,风景名胜,石城镇琉辛路龙云山风景区,北京市,北京市,密云区,116.778838,40.61752515
京都第一瀑望鹤台,风景名胜,公园广场,公园内部设施,,北京市,北京市,密云区,116.7738158,40.6194613
北京市密云区绿氧空间农家驿站,风景名胜,风景名胜相关,旅游景点,张家坟村,北京市,北京市,密云区,116.7795332,40.6140991
京都第一瀑高峡平湖,风景名胜,公园广场,公园内部设施,,北京市,北京市,密云区,116.7792114,40.61748362
龙云山风景区-冲天塔,风景名胜,风景名胜,风景名胜,石城镇冲天塔,北京市,北京市,密云区,116.7938727,40.61979874
白云峡风景区,风景名胜,风景名胜,风景名胜,石城镇捧河岩村,北京市,北京市,密云区,116.8085124,40.61478672
捧河湾风景区,风景名胜,风景名胜,风景名胜,石城镇捧河岩村,北京市,北京市,密云区,116.8075598,40.61331891
云岫谷自然风景区,风景名胜,风景名胜,风景名胜,遥侨峪村,北京市,北京市,密云区,117.3826738,40.61838562
京都第一瀑-妹妹潭,风景名胜,风景名胜,风景名胜,,北京市,北京市,密云区,116.7818393,40.61092094
邓玉芬雕塑主题广场,风景名胜,风景名胜相关,旅游景点,琉辛路东100米,北京市,北京市,密云区,116.7881299,40.60657119
黄峪口风景区,风景名胜,风景名胜,风景名胜,西黄路南150米,北京市,北京市,密云区,116.8380009,40.60663503
圣水寺,风景名胜,风景名胜,寺庙道观,顶石虎附近,北京市,北京市,密云区,116.9162764,40.60819316
吉祥寺,风景名胜,风景名胜,寺庙道观,,北京市,北京市,密云区,116.961151,40.60476428
黄岩,风景名胜,风景名胜相关,旅游景点,,北京市,北京市,密云区,117.1367444,40.60625809
云岫谷游猎自然风景区-运子峪,风景名胜,风景名胜相关,旅游景点,二五五乡道,北京市,北京市,密云区,117.3323876,40.60991885
蜡扦山自然风景区,风景名胜,风景名胜,风景名胜,玻璃庙乡草场50号蜡扦山世纪度假村,北京市,北京市,怀柔区,116.5790416,40.59385503
梧桐岭风景区,风景名胜,风景名胜,风景名胜,琉璃庙,北京市,北京市,怀柔区,116.6724245,40.5946669
云蒙山国家森林公园-天仙瀑,风景名胜,风景名胜,风景名胜,"石城乡境内,云蒙山北麓,距市区115公里",北京市,北京市,密云区,116.7248786,40.59352238
精灵谷景区,风景名胜,风景名胜,风景名胜,流辛路45北京市精灵谷度假村,北京市,北京市,密云区,116.7744577,40.5942443
京都第一瀑,风景名胜,风景名胜,风景名胜,琉辛路西150米,北京市,北京市,密云区,116.7793328,40.59252088
瑶亭关帝庙,风景名胜,风景名胜,寺庙道观,琉辛路西50米,北京市,北京市,密云区,117.086585,40.5923674
玄天锁钥,风景名胜,公园广场,公园,琉辛路与高上路交叉口西100米,北京市,北京市,密云区,117.0971031,40.59768822
高岭公园,风景名胜,公园广场,公园,高岭镇,北京市,北京市,密云区,117.102308,40.60038835
化石沟,风景名胜,风景名胜相关,旅游景点,二五七乡道,北京市,北京市,密云区,117.2791509,40.59512561
云岫谷游猎自然风景区,风景名胜,风景名胜,风景名胜,新城子镇遥桥峪雾灵山脚下,北京市,北京市,密云区,117.3772106,40.59893612
崎峰山自然风景区,风景名胜,风景名胜,风景名胜,琉璃庙镇西台子村,北京市,北京市,怀柔区,116.5981958,40.58968301
云蒙山自然风景区,风景名胜,风景名胜,风景名胜,琉璃庙,北京市,北京市,怀柔区,116.6759815,40.58534064
云蒙山国家森林公园-春花潭,风景名胜,风景名胜,风景名胜,琉璃庙镇云蒙山国家森林公园春花潭,北京市,北京市,怀柔区,116.6939194,40.58106727
黑龙潭自然风景区春花潭,风景名胜,公园广场,公园内部设施,,北京市,北京市,怀柔区,116.6937418,40.58107555
云蒙山国家森林公园(暂停营业),风景名胜,风景名胜,省级景点,琉璃庙镇后山铺村,北京市,北京市,怀柔区,116.7041049,40.58251305
天门山风景区,风景名胜,风景名胜,风景名胜,石城镇柳棵峪(距北京100公里),北京市,北京市,密云区,116.7815526,40.59034093
横岭根山洞,风景名胜,风景名胜,风景名胜,,北京市,北京市,密云区,116.8018791,40.58747144
云峰山自然风景区,风景名胜,风景名胜,省级景点,不老屯镇,北京市,北京市,密云区,116.9434389,40.58611713
秋日森林秘境,风景名胜,风景名胜相关,旅游景点,,北京市,北京市,密云区,116.9435528,40.58436392
超胜庵,风景名胜,风景名胜,寺庙道观,云峰山顶,北京市,北京市,密云区,116.9511169,40.58770633
耕读第,风景名胜,风景名胜相关,旅游景点,,北京市,北京市,密云区,116.9516091,40.58770518
龙王宫,风景名胜,风景名胜相关,旅游景点,,北京市,北京市,密云区,116.9512564,40.58746614
山神庙,风景名胜,风景名胜相关,旅游景点,,北京市,北京市,密云区,116.9511966,40.58775112
东净院,风景名胜,风景名胜相关,旅游景点,,北京市,北京市,密云区,116.951069,40.58804424
灵境,风景名胜,风景名胜相关,旅游景点,,北京市,北京市,密云区,116.9495664,40.58895217
普门桥,风景名胜,风景名胜相关,旅游景点,,北京市,北京市,密云区,116.9495136,40.58909021
观音洞,风景名胜,风景名胜相关,旅游景点,,北京市,北京市,密云区,116.9492455,40.58913979
二仙庙,风景名胜,风景名胜相关,旅游景点,,北京市,北京市,密云区,116.9504543,40.58796071
天王殿,风景名胜,风景名胜相关,旅游景点,,北京市,北京市,密云区,116.9509943,40.58793048
竹林茶座,风景名胜,风景名胜相关,旅游景点,,北京市,北京市,密云区,116.9508279,40.58828066
九龙十八潭风景区,风景名胜,风景名胜,风景名胜,松曹路南50米,北京市,北京市,密云区,117.212288,40.58374906
仙居谷自然风景区,风景名胜,风景名胜,风景名胜,太师屯镇令公村甲1号,北京市,北京市,密云区,117.2314617,40.58735569
云瀑沟,风景名胜,风景名胜,风景名胜,龙庆峡风景区东侧半块豆腐山中(延庆盆地西北侧),北京市,北京市,延庆区,116.0362096,40.57614468
对角沟,风景名胜,风景名胜相关,旅游景点,,北京市,北京市,延庆区,116.454643,40.57569128
龙王庙,风景名胜,风景名胜,寺庙道观,龙泉峪路附近,北京市,北京市,怀柔区,116.6519748,40.57914698
云蒙山国家森林公园-秋月潭,风景名胜,风景名胜,风景名胜,,北京市,北京市,怀柔区,116.6948951,40.57935868
黑龙潭自然风景区秋月潭,风景名胜,公园广场,公园内部设施,,北京市,北京市,怀柔区,116.6953081,40.57931504
云蒙山国家森林公园-黑龙真潭,风景名胜,风景名胜,风景名胜,,北京市,北京市,怀柔区,116.700899,40.57676293
云蒙山国家森林公园-无底潭,风景名胜,风景名胜,风景名胜,,北京市,北京市,怀柔区,116.701887,40.57424893
黑龙潭自然风景区黑龙真潭,风景名胜,公园广场,公园内部设施,,北京市,北京市,怀柔区,116.7006096,40.57679234
黑龙潭自然风景区无底潭,风景名胜,公园广场,公园内部设施,,北京市,北京市,怀柔区,116.7023719,40.57424824
云蒙山国家森林公园-望潭岭,风景名胜,风景名胜,风景名胜,石城镇望潭岭,北京市,北京市,密云区,116.7158801,40.57610146
九龙十八潭风景区,风景名胜,风景名胜,风景名胜,太师屯镇石岩井村,北京市,北京市,密云区,117.2738692,40.58080329
龙王庙,风景名胜,风景名胜,寺庙道观,,北京市,北京市,密云区,117.2734923,40.57807728
四季花海·画廊,风景名胜,风景名胜,风景名胜,香刘公路附近,北京市,北京市,延庆区,116.1912349,40.56156856
仙湖沟风景区,风景名胜,风景名胜,风景名胜,川宝路南150米,北京市,北京市,延庆区,116.4539271,40.56537341
云蒙山国家森林公园-珍珠串,风景名胜,风景名胜,风景名胜,石城镇云蒙山国家森林公园,北京市,北京市,密云区,116.7088726,40.56784215
云蒙山国家森林公园-孙膑庙遗址,风景名胜,风景名胜,风景名胜,后山铺村云蒙山国家森林公园内,北京市,北京市,密云区,116.7056306,40.56696684
云蒙山国家森林公园-望京台,风景名胜,风景名胜,风景名胜,后山铺村云蒙山国家森林公园内,北京市,北京市,密云区,116.7038359,40.56387502
云蒙山主峰,风景名胜,风景名胜,风景名胜,后山铺村云蒙山国家森林公园内,北京市,北京市,密云区,116.7038449,40.563882
云蒙山国家森林公园-龙卷身,风景名胜,风景名胜,风景名胜,琉璃庙镇云蒙山国家森林公园,北京市,北京市,怀柔区,116.7068734,40.5710409
黑龙潭自然风景区珍珠串,风景名胜,公园广场,公园内部设施,,北京市,北京市,密云区,116.7084495,40.56784468
黑龙潭自然风景区龙卷身,风景名胜,公园广场,公园内部设施,,北京市,北京市,怀柔区,116.707072,40.57103264
冷风甸梁头,风景名胜,风景名胜,风景名胜,琉璃庙镇后山铺村云蒙山国家森林公园内,北京市,北京市,密云区,116.7187838,40.56300098
观景台,风景名胜,风景名胜,风景名胜,琉璃庙镇后山铺村云蒙山国家森林公园内,北京市,北京市,密云区,116.7181579,40.56235393
三叠潭,风景名胜,风景名胜,风景名胜,,北京市,北京市,密云区,116.7308371,40.5628313
黑龙潭自然风景区苇潭,风景名胜,风景名胜,风景名胜,石城镇大关桥黑龙潭自然风景区内,北京市,北京市,密云区,116.7418248,40.5621703
滴水潭(黑龙潭自然风景区),风景名胜,风景名胜,风景名胜,石城镇滴水潭,北京市,北京市,密云区,116.7498738,40.56129921
黑龙庙,风景名胜,风景名胜,风景名胜,石城镇大关桥黑龙潭自然风景区内,北京市,北京市,密云区,116.7718737,40.56183224
龙卷身,风景名胜,风景名胜,风景名胜,石城镇大关桥黑龙潭自然风景区内,北京市,北京市,密云区,116.7737242,40.56201901
珍珠串,风景名胜,风景名胜,风景名胜,石城镇大关桥黑龙潭自然风景区内,北京市,北京市,密云区,116.7734379,40.5620487
无底潭,风景名胜,风景名胜,风景名胜,石城镇大关桥黑龙潭自然风景区内,北京市,北京市,密云区,116.7732678,40.56199755
龙戏潭,风景名胜,风景名胜,风景名胜,石城镇大关桥黑龙潭自然风景区内,北京市,北京市,密云区,116.7758432,40.56160452
北京黑龙潭自然风景区,风景名胜,风景名胜,国家级景点,石城镇大关桥,北京市,北京市,密云区,116.7878571,40.5639646
青菁顶(暂停营业),风景名胜,风景名胜,风景名胜,琉辛路125号,北京市,北京市,密云区,116.7852757,40.57076215
云蒙山国家地质公园,风景名胜,风景名胜,风景名胜,水库西线公路8号,北京市,北京市,密云区,116.7956801,40.5615139
龙云山风景区-鹿皮关长城,风景名胜,风景名胜,风景名胜,石城镇(近黑龙潭),北京市,北京市,密云区,116.7978975,40.56285577
雾雨飞虹谷风景区,风景名胜,风景名胜,风景名胜,石城镇大关桥东侧右转大关桥东(近黑龙潭),北京市,北京市,密云区,116.7984914,40.5634904
龙云山风景区-雾雨飞虹谷,风景名胜,风景名胜,国家级景点,琉辛路附近,北京市,北京市,密云区,116.7978283,40.56307754
黑龙潭自然风景区黑龙头潭,风景名胜,风景名胜,风景名胜,石城镇大关桥黑龙潭自然风景区内,北京市,北京市,密云区,116.7898822,40.56152991
白乙化烈士纪念馆,风景名胜,风景名胜,纪念馆,石城乡河北村,北京市,北京市,密云区,116.8203412,40.56432715
老爷庙,风景名胜,风景名胜相关,旅游景点,琉辛路北50米,北京市,北京市,密云区,116.907313,40.56312397
人间花海,风景名胜,公园广场,公园,太师屯镇车道峪村,北京市,北京市,密云区,117.1970743,40.57004112
小海陀山,地名地址信息,自然地名,山|风景名胜,延庆张山营镇北部与河北赤城县交界处,北京市,北京市,延庆区,115.8138423,40.55815595
海坨山,风景名胜,风景名胜,风景名胜,张山营镇北部松山自然保护区,北京市,北京市,延庆区,115.8129117,40.55783142
点将台,风景名胜,风景名胜,风景名胜,,北京市,北京市,延庆区,115.9728621,40.55511913
龙庆峡风景区-梦幻亭,风景名胜,风景名胜,风景名胜,龙庆峡风景区内,北京市,北京市,延庆区,115.9854073,40.55263039
龙庆峡风景区-金刚山,风景名胜,风景名胜,风景名胜,香龙路,北京市,北京市,延庆区,115.9887966,40.55286298
龙庆峡风景区马蹄潭,风景名胜,风景名胜,风景名胜,旧县镇马蹄潭,北京市,北京市,延庆区,115.9801642,40.55302791
龙庆峡风景区-月亮湾,风景名胜,风景名胜,风景名胜,龙庆峡风景区内,北京市,北京市,延庆区,115.9899677,40.55150515
龙庆峡风景区-玉皇峰,风景名胜,风景名胜,风景名胜,旧县镇玉皇峰(龙庆峡风景区附近),北京市,北京市,延庆区,115.9977709,40.55603187
龙庆峡风景区-仙人棋,风景名胜,风景名胜,风景名胜,龙庆峡风景区内龙庆峡风景区-神仙院附近,北京市,北京市,延庆区,115.99777,40.55563509
龙庆峡风景区-东大寨,风景名胜,风景名胜,风景名胜,,北京市,北京市,延庆区,115.997782,40.5546446
龙庆峡风景区-西大寨,风景名胜,风景名胜,风景名胜,,北京市,北京市,延庆区,115.9967695,40.55473863
龙庆峡风景区-金刚寺遗址,风景名胜,风景名胜,风景名胜,旧县镇古城村北龙庆峡风景区内,北京市,北京市,延庆区,115.9897972,40.55186247
龙庆峡-钟山,风景名胜,风景名胜相关,旅游景点,旧县镇古城村北龙庆峡,北京市,北京市,延庆区,115.9947577,40.55390323
龙庆峡风景区-凤冠岛,风景名胜,风景名胜相关,旅游景点,旧县镇古城村北龙庆峡风景区,北京市,北京市,延庆区,115.9959049,40.55188482
龙庆峡风景区-神仙院,风景名胜,风景名胜,风景名胜,龙庆峡风景区内,北京市,北京市,延庆区,115.997767,40.55533327
天王石(龙庆峡风景区),风景名胜,风景名胜,风景名胜,旧县镇,北京市,北京市,延庆区,115.9977689,40.55579301
龙庆峡风景区-神仙院遗址,风景名胜,风景名胜,风景名胜,龙庆峡峡谷北侧石壁上,北京市,北京市,延庆区,116.0137139,40.55468603
龙王庙(车坊村),风景名胜,风景名胜,寺庙道观,东孟路西50米,北京市,北京市,延庆区,116.1011237,40.55431247
龙王庙,风景名胜,风景名胜,寺庙道观,车坊村村委会西侧,北京市,北京市,延庆区,116.1014961,40.55423666
百花园,风景名胜,公园广场,公园,百花园(延琉路南330米),北京市,北京市,延庆区,116.2013128,40.56036351
大观头,风景名胜,公园广场,公园内部设施,,北京市,北京市,延庆区,116.2913697,40.55320589
红果寺,风景名胜,风景名胜,寺庙道观,琉四路,北京市,北京市,延庆区,116.3417444,40.55991991
四季花海,风景名胜,风景名胜,风景名胜,南湾村,北京市,北京市,延庆区,116.3416099,40.55845096
天猫小镇,风景名胜,风景名胜,风景名胜,四季花海景区,北京市,北京市,延庆区,116.3416109,40.55844696
珠泉喷玉主题公园,风景名胜,风景名胜,风景名胜,珍珠山水人家,北京市,北京市,延庆区,116.418368,40.55498618
留香谷风景区,风景名胜,风景名胜,风景名胜,珍珠泉村东北500米,北京市,北京市,延庆区,116.4221745,40.55511619
云蒙山国家森林公园-映山红观赏区,风景名胜,风景名胜,风景名胜,后山铺村云蒙山国家森林公园内,北京市,北京市,密云区,116.679019,40.5527563
北京云蒙山滑索,风景名胜,风景名胜相关,旅游景点,琉璃庙镇后山铺村云蒙山国家森林公园内,北京市,北京市,密云区,116.6772462,40.55185909
云蒙山国家森林公园-瀑布,风景名胜,风景名胜,风景名胜,后山铺村云蒙山国家森林公园内,北京市,北京市,密云区,116.6869026,40.55835996
云蒙山国家森林公园-四潭雾泉,风景名胜,风景名胜,风景名胜,后山铺村云蒙山国家森林公园内,北京市,北京市,密云区,116.6856226,40.55389466
云蒙山国家森林公园-石碾,风景名胜,风景名胜,风景名胜,琉璃庙镇后山铺村云蒙山国家森林公园内,北京市,北京市,密云区,116.6890248,40.55213767
云蒙山国家森林公园-虎穴潭,风景名胜,风景名胜,风景名胜,后山铺村云蒙山国家森林公园内,北京市,北京市,密云区,116.6837837,40.55394292
云蒙山国家森林公园-一潭,风景名胜,风景名胜,风景名胜,后山铺村云蒙山国家森林公园内,北京市,北京市,密云区,116.6858291,40.55408019
云蒙山国家森林公园-观山楼,风景名胜,风景名胜,风景名胜,后山铺村云蒙山国家森林公园内,北京市,北京市,密云区,116.6791187,40.55358666
云蒙山国家森林公园-鹰嘴石,风景名胜,风景名胜,风景名胜,后山铺村云蒙山国家森林公园内,北京市,北京市,密云区,116.6843023,40.55346125
云蒙山国家森林公园-戏溪,风景名胜,风景名胜,风景名胜,后山铺村云蒙山国家森林公园内,北京市,北京市,密云区,116.6845157,40.55357181
云蒙山国家森林公园-娘娘榆,风景名胜,风景名胜,风景名胜,琉璃庙镇后山铺村云蒙山国家森林公园内,北京市,北京市,密云区,116.6889021,40.55218685
云蒙山国家森林公园-二潭,风景名胜,风景名胜,风景名胜,后山铺村云蒙山国家森林公园内,北京市,北京市,密云区,116.6875881,40.55610899
云蒙山国家森林公园-四潭,风景名胜,风景名胜,风景名胜,后山铺村云蒙山国家森林公园内,北京市,北京市,密云区,116.6870113,40.55831079
云蒙山国家森林公园-虎浴潭,风景名胜,风景名胜,风景名胜,后山铺村云蒙山国家森林公园内,北京市,北京市,密云区,116.6821491,40.55400585
云蒙山国家森林公园-三潭,风景名胜,风景名胜,风景名胜,后山铺村云蒙山国家森林公园内,北京市,北京市,密云区,116.6871481,40.55759295
云蒙山国家森林公园-四潭雾泉瀑布,风景名胜,风景名胜,风景名胜,后山铺村云蒙山国家森林公园四潭雾泉内,北京市,北京市,密云区,116.6860514,40.55480041
四潭雾泉二瀑布,风景名胜,风景名胜,风景名胜,后山铺村云蒙山国家森林公园四潭雾泉内,北京市,北京市,密云区,116.6875881,40.55610899
云蒙山国家森林公园-休息平台,风景名胜,风景名胜相关,旅游景点,后山铺村云蒙山国家森林公园内,北京市,北京市,密云区,116.6792194,40.5533576
云蒙山国家森林公园-净身池,风景名胜,风景名胜,风景名胜,后山铺村云蒙山国家森林公园内,北京市,北京市,密云区,116.694634,40.55423118
云蒙山国家森林公园-杨树坪,风景名胜,风景名胜,风景名胜,后山铺村云蒙山国家森林公园内,北京市,北京市,密云区,116.6973512,40.55513839
云蒙山国家森林公园-连理枝,风景名胜,风景名胜,风景名胜,后山铺村云蒙山国家森林公园内,北京市,北京市,密云区,116.6891923,40.55251318
云蒙山国家森林公园-涧门石,风景名胜,风景名胜,风景名胜,后山铺村云蒙山国家森林公园内,北京市,北京市,密云区,116.6971307,40.55554851
云蒙山国家森林公园-中字松,风景名胜,风景名胜,风景名胜,后山铺村云蒙山国家森林公园内,北京市,北京市,密云区,116.6949212,40.55475743
云蒙山国家森林公园-怀古石屋,风景名胜,风景名胜,风景名胜,后山铺村云蒙山国家森林公园内,北京市,北京市,密云区,116.6986321,40.55486857
天狗守门,风景名胜,风景名胜,风景名胜,琉璃庙镇后山铺村云蒙山国家森林公园内,北京市,北京市,密云区,116.7068502,40.55705572
刺猬石,风景名胜,风景名胜,风景名胜,石城镇大关桥黑龙潭自然风景区内,北京市,北京市,密云区,116.7358495,40.55944008
龙劈石,风景名胜,风景名胜,风景名胜,石城镇龙劈石,北京市,北京市,密云区,116.7388342,40.5586757
曲潭,风景名胜,风景名胜,风景名胜,,北京市,北京市,密云区,116.7538178,40.55772428
龙门,风景名胜,风景名胜,风景名胜,,北京市,北京市,密云区,116.7588194,40.55733372
平沙潭,风景名胜,风景名胜,风景名胜,石城镇密云九道弯大峡谷风景区,北京市,北京市,密云区,116.7628305,40.55943601
悬潭,风景名胜,风景名胜,风景名胜,石城镇密云九道弯大峡谷风景区,北京市,北京市,密云区,116.7768395,40.55944084
落雁潭,风景名胜,风景名胜,风景名胜,,北京市,北京市,密云区,116.7728362,40.5558465
沉潭,风景名胜,风景名胜,风景名胜,石城镇大关桥黑龙潭自然风景区内,北京市,北京市,密云区,116.7838548,40.55596845
北京黑龙潭自然风景区-曲潭,风景名胜,风景名胜,风景名胜,石城镇大关桥黑龙潭自然风景区内,北京市,北京市,密云区,116.7838082,40.56068879
北京黑龙潭自然风景区-通天瀑,风景名胜,风景名胜,风景名胜,石城镇大关桥黑龙潭自然风景区内,北京市,北京市,密云区,116.787429,40.55982328
迷人洞崩塌遗迹,风景名胜,风景名胜,风景名胜,石城镇大关桥黑龙潭自然风景区内,北京市,北京市,密云区,116.7879557,40.55990099
365日梨文化主题公园,风景名胜,公园广场,公园,不老屯,北京市,北京市,密云区,116.9234601,40.558747
石匣镇遗址,风景名胜,风景名胜,风景名胜,东北部的潮河之畔,北京市,北京市,密云区,117.0575794,40.55126936
龙庆峡风景区-十八盘,风景名胜,风景名胜,风景名胜,,北京市,北京市,延庆区,115.9778416,40.54820239
龙庆峡风景区-金刚寺,风景名胜,风景名胜,寺庙道观,古城村龙庆峡风景区内,北京市,北京市,延庆区,115.987313,40.5508056
龙庆峡风景区-小桂林,风景名胜,风景名胜,风景名胜,龙庆峡风景区内,北京市,北京市,延庆区,115.9835626,40.54541683
龙庆峡风景区-望江亭,风景名胜,风景名胜,风景名胜,龙庆峡风景区内,北京市,北京市,延庆区,115.9883744,40.54968698
龙庆峡风景区-神笔峰,风景名胜,风景名胜,风景名胜,龙庆峡风景区内,北京市,北京市,延庆区,115.9887184,40.54820573
龙庆峡风景区-毗灵宝殿,风景名胜,风景名胜,风景名胜,龙庆峡风景区金刚寺内,北京市,北京市,延庆区,115.9871854,40.5509639
龙庆峡风景区-爱鹿园,风景名胜,风景名胜,风景名胜,龙庆峡风景区金刚寺内,北京市,北京市,延庆区,115.9880694,40.55061341
龙庆峡风景区-木划船,风景名胜,风景名胜相关,旅游景点,龙庆峡风景区木划船内,北京市,北京市,延庆区,115.9884441,40.55048334
龙庆峡-留念,风景名胜,风景名胜,风景名胜,龙庆峡风景区内,北京市,北京市,延庆区,115.9864699,40.5503554
龙庆峡风景区-小石林,风景名胜,风景名胜相关,旅游景点,旧县镇古城村北龙庆峡风景区,北京市,北京市,延庆区,115.9835955,40.54539575
龙庆峡风景区造钱炉,风景名胜,风景名胜,风景名胜,旧县镇造钱炉,北京市,北京市,延庆区,115.9809225,40.54611437
龙庆峡风景区,风景名胜,风景名胜,国家级景点,旧县镇古城村北,北京市,北京市,延庆区,115.9960137,40.55045227
龙庆峡风景区-湿地公园,风景名胜,风景名胜相关,旅游景点,龙庆峡风景区内,北京市,北京市,延庆区,116.0053426,40.54192056
龙庆峡风景区-风暴岩,风景名胜,风景名胜,风景名胜,龙庆峡风景区中国延庆世界地质公园龙庆峡园区内,北京市,北京市,延庆区,115.9998047,40.54965715
龙庆峡风景区-神盆,风景名胜,风景名胜,风景名胜,龙庆峡风景区内,北京市,北京市,延庆区,115.9992298,40.54826565
龙庆峡风景区-雾迷山组剖面,风景名胜,风景名胜,风景名胜,龙庆峡风景区中国延庆世界地质公园龙庆峡园区内,北京市,北京市,延庆区,116.0001976,40.54766403
龙庆峡风景区-范老道,风景名胜,风景名胜,风景名胜,龙庆峡风景区内,北京市,北京市,延庆区,115.9994292,40.5479682
龙庆峡风景区-喀斯特地貌特征,风景名胜,风景名胜相关,旅游景点,龙庆峡风景区内,北京市,北京市,延庆区,115.9992824,40.54992159
龙庆峡风景区-云水楼,风景名胜,风景名胜,风景名胜,龙庆峡风景区内,北京市,北京市,延庆区,115.9989486,40.5499486
龙庆峡风景区-清音亭,风景名胜,风景名胜,风景名胜,龙庆峡风景区内,北京市,北京市,延庆区,115.9991749,40.54910936
龙庆峡风景区-龙字石刻,风景名胜,风景名胜,风景名胜,龙庆峡风景区内,北京市,北京市,延庆区,116.0047641,40.54544542
龙庆峡风景区-玉皇阁,风景名胜,风景名胜相关,旅游景点,龙庆峡风景区内,北京市,北京市,延庆区,115.9991021,40.5500011
中国延庆世界地质公园龙庆峡园区,风景名胜,公园广场,公园,龙庆峡风景区内,北京市,北京市,延庆区,116.0053542,40.54484497
龙庆峡风景区-一线天,风景名胜,风景名胜,风景名胜,龙庆峡风景区中国延庆世界地质公园龙庆峡园区内,北京市,北京市,延庆区,115.9997509,40.54956236
龙庆峡风景区-玄达斋,风景名胜,风景名胜,风景名胜,龙庆峡风景区内,北京市,北京市,延庆区,115.9993115,40.54834635
龙庆峡风景区-差异风化现象,风景名胜,风景名胜,风景名胜,龙庆峡风景区中国延庆世界地质公园龙庆峡园区内,北京市,北京市,延庆区,115.999734,40.54863192
龙庆峡风景区-燧石条带白云岩,风景名胜,风景名胜,风景名胜,龙庆峡风景区中国延庆世界地质公园龙庆峡园区内,北京市,北京市,延庆区,115.9990315,40.54876298
龙庆峡风景区-神仙院吉祥钟声,风景名胜,风景名胜,风景名胜,龙庆峡风景区内,北京市,北京市,延庆区,115.9991222,40.54825398
龙庆峡风景区-古溶洞堆积,风景名胜,风景名胜,风景名胜,龙庆峡风景区中国延庆世界地质公园龙庆峡园区内,北京市,北京市,延庆区,115.9992018,40.54903932
龙庆峡风景区-天门,风景名胜,风景名胜,风景名胜,龙庆峡风景区内,北京市,北京市,延庆区,115.999724,40.54952247
龙庆峡风景区-百花洞,风景名胜,风景名胜,风景名胜,龙庆峡风景区内,北京市,北京市,延庆区,116.0007997,40.54619299
龙庆峡风景区-天洞,风景名胜,风景名胜,风景名胜,龙庆峡风景区内,北京市,北京市,延庆区,115.999715,40.54947452
龙庆峡风景区-侧蚀凹槽,风景名胜,风景名胜,风景名胜,龙庆峡风景区中国延庆世界地质公园龙庆峡园区内,北京市,北京市,延庆区,115.9996791,40.54931771
龙庆峡风景区-雾迷山组露头,风景名胜,风景名胜,风景名胜,古城村龙庆峡风景区内,北京市,北京市,延庆区,116.000368,40.54770449
神仙居观光索道下站,风景名胜,风景名胜相关,旅游景点,龙庆峡风景区内,北京市,北京市,延庆区,116.0001335,40.54979708
龙庆峡风景区-溶洞角砾岩,风景名胜,风景名胜,风景名胜,龙庆峡风景区中国延庆世界地质公园龙庆峡园区内,北京市,北京市,延庆区,115.9996892,40.54884794
龙庆峡风景区-亭子,风景名胜,风景名胜相关,旅游景点,龙庆峡风景区内,北京市,北京市,延庆区,116.0050243,40.54520777
龙庆峡风景区-龙庆峡冰灯,风景名胜,风景名胜相关,旅游景点,旧县镇古城村,北京市,北京市,延庆区,116.0044232,40.54584823
龙庆峡风景区-腾龙电梯,风景名胜,风景名胜相关,旅游景点,旧县镇古城村北龙庆峡,北京市,北京市,延庆区,116.0050781,40.54481082
龙庆峡风景区-古城大坝,风景名胜,风景名胜相关,旅游景点,旧县镇古城村北龙庆峡,北京市,北京市,延庆区,116.0005773,40.54747798
龙庆峡风景区-玉皇顶,风景名胜,风景名胜相关,旅游景点,旧县镇古城村北龙庆峡风景区,北京市,北京市,延庆区,115.9994161,40.54858391
龙庆峡风景区-滨水长廊,风景名胜,风景名胜,风景名胜,龙庆峡风景区内,北京市,北京市,延庆区,116.0055883,40.54510713
绿富隆观光园,风景名胜,风景名胜,风景名胜,旧县镇人民政府西侧,北京市,北京市,延庆区,116.0605107,40.5440265
旧县南,风景名胜,风景名胜相关,旅游景点,前街与旧大路交叉口西南100米,北京市,北京市,延庆区,116.0857946,40.54506657
东铺,风景名胜,风景名胜,风景名胜,刘斌堡乡东铺,北京市,北京市,延庆区,116.3028389,40.54690097
天池,风景名胜,风景名胜,风景名胜,天池峡谷森林公园,北京市,北京市,怀柔区,116.6789507,40.54120462
莲藕双生,风景名胜,风景名胜,风景名胜,,北京市,北京市,怀柔区,116.6789437,40.54180531
绝壁岩古松,风景名胜,风景名胜,风景名胜,,北京市,北京市,怀柔区,116.6769539,40.54510828
百丈岩,风景名胜,风景名胜,风景名胜,莲藕双生(幽谷神潭自然风景区西北),北京市,北京市,怀柔区,116.6789675,40.54221405
云蒙山国家森林公园-杜鹃花,风景名胜,风景名胜,风景名胜,后山铺村云蒙山国家森林公园内,北京市,北京市,密云区,116.6878093,40.54934528
霞溪春晓,风景名胜,风景名胜,风景名胜,幽谷神潭自然风景区西北80米,北京市,北京市,怀柔区,116.6809449,40.54340277
炭窑,风景名胜,风景名胜,风景名胜,,北京市,北京市,怀柔区,116.6809458,40.5439005
天泉,风景名胜,风景名胜,风景名胜,琉璃庙镇,北京市,北京市,怀柔区,116.6839325,40.54389607
霞松岭,风景名胜,风景名胜,风景名胜,霞溪春晓北140米,北京市,北京市,怀柔区,116.6809397,40.54460114
闻涛谷,风景名胜,风景名胜,风景名胜,,北京市,北京市,怀柔区,116.6809439,40.54290004
石人坊,风景名胜,风景名胜,风景名胜,幽谷神潭自然风景区,北京市,北京市,怀柔区,116.6869205,40.54299224
八戒背媳妇,风景名胜,风景名胜,风景名胜,怀北镇幽谷神潭自然风景区八戒背媳妇,北京市,北京市,怀柔区,116.685944,40.54419932
红叶区,风景名胜,公园广场,植物园,幽谷神潭自然风景区,北京市,北京市,怀柔区,116.6869377,40.54160395
天池峡谷森林公园照相处,风景名胜,公园广场,公园内部设施,,北京市,北京市,怀柔区,116.6808634,40.54125905
观音洞,风景名胜,风景名胜,风景名胜,石城乡南石城村桃源仙谷自然风景区内,北京市,北京市,密云区,116.7787235,40.54319484
龙泉瀑,风景名胜,风景名胜,风景名胜,石城乡南石城村桃源仙谷自然风景区内,北京市,北京市,密云区,116.7786604,40.54306283
桃源仙谷自然风景区-佛门池,风景名胜,风景名胜,风景名胜,石城乡南石城村桃源仙谷自然风景区内,北京市,北京市,密云区,116.7874619,40.54544114
桃源仙谷自然风景区-敬佛潭,风景名胜,风景名胜,风景名胜,石城乡南石城村桃源仙谷自然风景区内,北京市,北京市,密云区,116.7883832,40.54514862
观音大佛,风景名胜,风景名胜,风景名胜,石城乡南石城村桃源仙谷自然风景区内,北京市,北京市,密云区,116.7794092,40.54355147
八仙过海,风景名胜,风景名胜,风景名胜,石城乡南石城村桃源仙谷自然风景区内,北京市,北京市,密云区,116.7884994,40.54488493
饮狍潭,风景名胜,风景名胜,风景名胜,石城乡南石城村桃源仙谷自然风景区内,北京市,北京市,密云区,116.7810552,40.54265799
秋涧潭,风景名胜,风景名胜,风景名胜,石城乡南石城村桃源仙谷自然风景区内,北京市,北京市,密云区,116.7838964,40.5443158
桃源仙谷自然风景区-天画,风景名胜,风景名胜,风景名胜,石城乡南石城村桃源仙谷自然风景区内,北京市,北京市,密云区,116.788276,40.54542831
桃源仙谷自然风景区-群仙潭,风景名胜,风景名胜,风景名胜,石城乡南石城村桃源仙谷自然风景区内,北京市,北京市,密云区,116.7881239,40.5450423
圣水瀑,风景名胜,风景名胜,风景名胜,石城乡南石城村桃源仙谷自然风景区内,北京市,北京市,密云区,116.7879086,40.54494904
悬空瀑,风景名胜,风景名胜相关,旅游景点,石城乡南石城村桃源仙谷自然风景区内,北京市,北京市,密云区,116.7807788,40.54267963
金钟峰,风景名胜,风景名胜,风景名胜,石城乡南石城村桃源仙谷自然风景区内,北京市,北京市,密云区,116.7848344,40.54525856
桃源仙谷自然风景区-桃花谷,风景名胜,风景名胜,风景名胜,石城乡南石城村桃源仙谷自然风景区内,北京市,北京市,密云区,116.7876322,40.54527947
九龙潭,风景名胜,风景名胜,风景名胜,石城乡南石城村桃源仙谷自然风景区内,北京市,北京市,密云区,116.7973052,40.54178224
风雨雪登山基地,风景名胜,风景名胜,风景名胜,石城乡南石城村桃源仙谷自然风景区内,北京市,北京市,密云区,116.7959259,40.54262355
桃源仙谷自然风景区-将军峰,风景名胜,风景名胜,风景名胜,石城乡南石城村桃源仙谷自然风景区内,北京市,北京市,密云区,116.792927,40.54405803
慈母洞,风景名胜,风景名胜,风景名胜,石城乡南石城村桃源仙谷自然风景区内,北京市,北京市,密云区,116.7935812,40.54256285
桃源仙谷自然风景区-五指峰,风景名胜,风景名胜,风景名胜,石城乡南石城村桃源仙谷自然风景区内,北京市,北京市,密云区,116.792927,40.54405803
桃源仙谷自然风景区-天书洞,风景名胜,风景名胜,风景名胜,石城乡南石城村桃源仙谷自然风景区内,北京市,北京市,密云区,116.7980574,40.54195838
桃源仙谷自然风景区-骆驼峰,风景名胜,风景名胜,风景名胜,石城乡南石城村桃源仙谷自然风景区内,北京市,北京市,密云区,116.79358,40.54382318
桃源仙谷自然风景区-大帽石,风景名胜,风景名胜,风景名胜,石城乡南石城村桃源仙谷自然风景区内,北京市,北京市,密云区,116.7914247,40.54411269
桃源仙谷自然风景区,风景名胜,风景名胜,国家级景点,石城镇南石城村,北京市,北京市,密云区,116.7993248,40.54813619
乘凉潭,风景名胜,风景名胜,风景名胜,石城乡南石城村桃源仙谷自然风景区内,北京市,北京市,密云区,116.8031922,40.54189012
桃源仙谷桥,风景名胜,风景名胜,风景名胜,石城乡南石城村桃源仙谷自然风景区内,北京市,北京市,密云区,116.8076611,40.5428435
桃源瀑,风景名胜,风景名胜,风景名胜,石城乡南石城村桃源仙谷自然风景区,北京市,北京市,密云区,116.8046445,40.54380064
群峰奇特,风景名胜,风景名胜相关,旅游景点,石城镇石城乡南石城村桃源仙谷自然风景区,北京市,北京市,密云区,116.8061354,40.54197324
问仙楼,风景名胜,风景名胜相关,旅游景点,石城镇石城乡南石城村桃源仙谷自然风景区,北京市,北京市,密云区,116.8056514,40.54292088
桃源湖,风景名胜,风景名胜相关,旅游景点,石城镇石城乡南石城村桃源仙谷自然风景区,北京市,北京市,密云区,116.8073074,40.54310373
天池九龙潭,风景名胜,风景名胜,风景名胜,近郊密云县石城乡张家坟村西,北京市,北京市,密云区,116.8182319,40.55081363
谷古峪,风景名胜,风景名胜相关,旅游景点,,北京市,北京市,密云区,117.1787743,40.54985475
玉渡山风景区-青寺顶,风景名胜,风景名胜,风景名胜,,北京市,北京市,延庆区,115.9070793,40.53124647
平北抗日战争纪念馆,风景名胜,风景名胜,纪念馆,龙庆峡景区入口处,北京市,北京市,延庆区,116.007249,40.53543328
平北抗日烈士纪念园,风景名胜,风景名胜,纪念馆,龙庆峡景区入口处,北京市,北京市,延庆区,116.007249,40.53543228
龙庆峡森林公园,风景名胜,风景名胜,风景名胜,双龙南路与旧小路交叉口南50米,北京市,北京市,延庆区,116.0118717,40.53324579
古城民俗村,风景名胜,风景名胜相关,旅游景点,旧县镇古城村,北京市,北京市,延庆区,116.018695,40.53816072
妫川牡丹园,风景名胜,风景名胜相关,旅游景点,旧县镇常里营村东100米附近,北京市,北京市,延庆区,116.0576573,40.53977293
妫州牡丹园,风景名胜,风景名胜相关,旅游景点,旧县镇常里营牡丹生态观光园,北京市,北京市,延庆区,116.0576573,40.53977293
乐陶园,风景名胜,风景名胜,风景名胜,旧大路附近,北京市,北京市,延庆区,116.0878751,40.5363477
龙湾河湿地法治公园,风景名胜,公园广场,公园,大团路,北京市,北京市,延庆区,116.079083,40.53130168
九龙山,风景名胜,风景名胜,风景名胜,,北京市,北京市,延庆区,116.1047511,40.53443273
怀柔圆金梦国家矿山公园,风景名胜,公园广场,公园,琉璃庙乡杨树底下村,北京市,北京市,怀柔区,116.5146892,40.54012671
金驼峰风景区,风景名胜,风景名胜,风景名胜,琉璃庙金驼峰度假村,北京市,北京市,怀柔区,116.5191919,40.53288497
幽谷神潭-情深潭,风景名胜,风景名胜,风景名胜,京加路东200米,北京市,北京市,怀柔区,116.6689765,40.53122977
迎客松,风景名胜,风景名胜,风景名胜,020县道东150米,北京市,北京市,怀柔区,116.6689756,40.53772838
幽谷神潭-祈雨神庙,风景名胜,风景名胜,寺庙道观,,北京市,北京市,怀柔区,116.6759562,40.53362021
天池峡谷森林公园(暂停营业),风景名胜,风景名胜,风景名胜,黄土梁48号,北京市,北京市,怀柔区,116.6699227,40.53928174
幽谷神潭-天梯,风景名胜,风景名胜,风景名胜,,北京市,北京市,怀柔区,116.6739589,40.5332182
四龟探母,风景名胜,风景名胜,风景名胜,怀北镇幽谷神潭自然风景区四龟探母,北京市,北京市,怀柔区,116.6789521,40.53830915
幽谷神潭-洞天胜境,风景名胜,风景名胜,风景名胜,,北京市,北京市,怀柔区,116.6719877,40.53213152
幽谷神潭-幽溪涧,风景名胜,风景名胜,风景名胜,怀北镇椴树岭村黄土梁1号幽谷深潭景区,北京市,北京市,怀柔区,116.6759609,40.53571711
幽谷神潭-炼丹谷,风景名胜,风景名胜,风景名胜,,北京市,北京市,怀柔区,116.675954,40.53501849
红果园,风景名胜,风景名胜,风景名胜,怀北镇幽谷神潭自然风景区四龟探母,北京市,北京市,怀柔区,116.677971,40.53681876
幽谷神潭-铁索桥,风景名胜,风景名胜,风景名胜,,北京市,北京市,怀柔区,116.674958,40.53391494
幽谷神潭-纳凉台,风景名胜,风景名胜,风景名胜,,北京市,北京市,怀柔区,116.673969,40.5324216
速降,风景名胜,风景名胜,风景名胜,怀北镇大水峪北500米,北京市,北京市,怀柔区,116.6749574,40.53791785
休闲洞,风景名胜,风景名胜,风景名胜,,北京市,北京市,怀柔区,116.6729701,40.53802157
幽谷神潭-铁索攀岩,风景名胜,风景名胜,风景名胜,,北京市,北京市,怀柔区,116.675954,40.5346117
飞来石,风景名胜,风景名胜,风景名胜,,北京市,北京市,怀柔区,116.6729779,40.53933187
栗园,风景名胜,风景名胜,风景名胜,,北京市,北京市,怀柔区,116.678952,40.53890883
幽谷神潭-子母龟,风景名胜,风景名胜,风景名胜,怀北镇京加路幽谷神潭自然风景区,北京市,北京市,怀柔区,116.6699746,40.53123185
幽谷神潭-飞瀑,风景名胜,风景名胜,风景名胜,,北京市,北京市,怀柔区,116.6739799,40.53282936
幽谷深潭景区祈雨神庙,风景名胜,公园广场,公园内部设施,铁索桥附近幽谷神潭-祈雨神庙附近,北京市,北京市,怀柔区,116.6755004,40.53365905
幽谷深潭景区洞天胜境,风景名胜,公园广场,公园内部设施,,北京市,北京市,怀柔区,116.6720365,40.53211644
幽谷深潭景区子母龟,风景名胜,公园广场,公园内部设施,,北京市,北京市,怀柔区,116.6703884,40.53118808
福从天降,风景名胜,风景名胜,风景名胜,,北京市,北京市,怀柔区,116.6809592,40.54061022
神驼峰,风景名胜,风景名胜,风景名胜,怀北镇幽谷神潭自然风景区神驼峰,北京市,北京市,怀柔区,116.6819355,40.54020465
情人谷,风景名胜,风景名胜,风景名胜,怀北镇幽谷神潭自然风景区情人谷,北京市,北京市,怀柔区,116.6839471,40.53910058
戏水情台,风景名胜,风景名胜,风景名胜,怀北镇幽谷神潭自然风景区戏水情台,北京市,北京市,怀柔区,116.6829358,40.53970409
观峰台,风景名胜,风景名胜,风景名胜,石城乡南石城村桃源仙谷自然风景区内,北京市,北京市,密云区,116.7682739,40.53997273
云蒙山长城遗址公园,风景名胜,公园广场,公园,水库西线公路127号,北京市,北京市,密云区,116.8087435,40.53184322
桃源仙谷度假山庄,风景名胜,风景名胜,国家级景点|体育休闲服务,石城镇桃源仙谷南石城94号,北京市,北京市,密云区,116.8115617,40.53957829
太师屯公园,风景名胜,公园广场,公园,永安街南150米,北京市,北京市,密云区,117.1115671,40.53663002
松山国家级自然保护区大西沟管理保护站,风景名胜,风景名胜,风景名胜,012县道南50米,北京市,北京市,延庆区,115.7658745,40.52279201
玉渡山风景区,风景名胜,风景名胜,国家级景点,张山营镇玉皇庙村北,北京市,北京市,延庆区,115.8970453,40.52810601
玉渡山风景区-青寺顶,风景名胜,风景名胜,风景名胜,,北京市,北京市,延庆区,115.9070793,40.53124647
玉渡山风景区-延庆野人谷,风景名胜,风景名胜相关,旅游景点,玉渡山风景区内,北京市,北京市,延庆区,115.9176857,40.52836395
玉渡山风景区-应梦寺,风景名胜,风景名胜,寺庙道观,,北京市,北京市,延庆区,115.9318756,40.53031045
玉渡山风景区-应梦寺山,风景名胜,风景名胜,风景名胜,,北京市,北京市,延庆区,115.9328141,40.53026194
石京龙滑雪场,体育休闲服务,运动场馆,滑雪场|风景名胜,张山营镇旧小路,北京市,北京市,延庆区,115.9636688,40.52393412
龙王庙,风景名胜,风景名胜,寺庙道观,旧小路黄柏寺禅院附近,北京市,北京市,延庆区,115.9831958,40.52981612
黄柏寺禅院,风景名胜,风景名胜,寺庙道观,旧小路,北京市,北京市,延庆区,115.9831958,40.52981812
韩郝庄龙母庙,风景名胜,风景名胜,寺庙道观,苏韩路与001县道交叉口西50米,北京市,北京市,延庆区,116.0086092,40.52917549
玉皇阁,风景名胜,风景名胜相关,旅游景点,巷后街与拱辰街交叉口南150米,北京市,北京市,延庆区,116.1599277,40.52363332
三角地公园,风景名胜,公园广场,公园,S212(昌赤路),北京市,北京市,延庆区,116.161665,40.52850606
永宁古城,风景名胜,风景名胜相关,旅游景点,昌赤路,北京市,北京市,延庆区,116.1603422,40.5214262
永宁天主堂,风景名胜,风景名胜,教堂,永宁镇阜民街黄甲巷7号(延流路昌赤路),北京市,北京市,延庆区,116.1608365,40.52194486
永宁古城墙遗址,风景名胜,风景名胜,风景名胜,永宁镇昌赤路,北京市,北京市,延庆区,116.1630169,40.52819874
西沟里自然风景区,风景名胜,风景名胜,风景名胜,四海镇西沟流域上游,北京市,北京市,延庆区,116.3557745,40.52157724
花卉苗木观赏园,风景名胜,公园广场,植物园,四海镇中国石化加油站西南四海镇政府路口西,北京市,北京市,延庆区,116.4031747,40.5288052
长城,风景名胜,风景名胜,风景名胜,,北京市,北京市,延庆区,116.4440032,40.5295998
幽谷神潭-鲶鱼塘,风景名胜,风景名胜,风景名胜,京加路东200米,北京市,北京市,怀柔区,116.6689825,40.53083096
百泉谷,风景名胜,风景名胜,风景名胜,京加路西50米,北京市,北京市,怀柔区,116.6656115,40.5284117
幽谷深潭景区客房,风景名胜,公园广场,公园内部设施,,北京市,北京市,怀柔区,116.6687347,40.52696842
幽谷深潭景区洗浴中心,风景名胜,公园广场,公园内部设施,,北京市,北京市,怀柔区,116.668346,40.52561586
幽谷神潭,风景名胜,风景名胜,省级景点,怀北镇椴树岭村北黄土梁1号,北京市,北京市,怀柔区,116.6721993,40.53037303
黄峪口风景区,风景名胜,风景名胜,风景名胜,,北京市,北京市,密云区,116.9886659,40.52329135
玉渡山风景区-上板泉水库,风景名胜,风景名胜相关,旅游景点,,北京市,北京市,延庆区,115.866599,40.51685476
玉渡山风景区-观景台,风景名胜,风景名胜,观景点,玉海路南50米,北京市,北京市,延庆区,115.8883917,40.51828794
玉皇庙山戎墓遗址,风景名胜,风景名胜,风景名胜,玉海路北50米,北京市,北京市,延庆区,115.8936604,40.51363627
玉渡山风景区-神奇野山峡(暂停营业),风景名胜,风景名胜,风景名胜,张山营镇丁家堡村北200米,北京市,北京市,延庆区,115.9212697,40.51878396
玉渡山风景区-野山峡,风景名胜,风景名胜,风景名胜,靳家堡,北京市,北京市,延庆区,115.9213406,40.51878488
上磨民俗村,风景名胜,风景名胜相关,旅游景点,永宁镇上磨村,北京市,北京市,延庆区,116.1008231,40.51114174
永宁禅寺,风景名胜,风景名胜,寺庙道观,南关村党支部对面,北京市,北京市,延庆区,116.1616485,40.5169039
东北口关,风景名胜,风景名胜,风景名胜,延琉路北50米,北京市,北京市,怀柔区,116.4648118,40.51747404
东北口长城旧址,风景名胜,风景名胜,风景名胜,延琉路北50米,北京市,北京市,怀柔区,116.4645709,40.51741943
云蒙峡,风景名胜,风景名胜,省级景点,石城乡水库西线公路175号(密云水库西侧),北京市,北京市,密云区,116.7958115,40.52079865
塔寺会,风景名胜,风景名胜,风景名胜,002县道西50米,北京市,北京市,密云区,117.0642763,40.51432931
北京松山森林旅游区(装修中),风景名胜,风景名胜,省级景点,张山营镇,北京市,北京市,延庆区,115.8282075,40.5104185
金牛湖,风景名胜,风景名胜,风景名胜,西龙湾村中街十一巷11号,北京市,北京市,延庆区,116.0884218,40.50159004
泽润寺,风景名胜,风景名胜,风景名胜,孔化营路西100米,北京市,北京市,延庆区,116.1445173,40.50687103
紫云山自然风景区,风景名胜,风景名胜,风景名胜,怀北镇椴树岭村,北京市,北京市,怀柔区,116.6668242,40.5110341
北京市五座楼森林公园,风景名胜,风景名胜,风景名胜,密关路,北京市,北京市,密云区,116.7991333,40.50991452
观库台,风景名胜,风景名胜相关,旅游景点,密关路附近,北京市,北京市,密云区,116.8165239,40.50156859
北京松山国家级自然保护区,风景名胜,风景名胜,风景名胜,张山营,北京市,北京市,延庆区,115.812391,40.49660274
北京松山森林旅游区-回声崖,风景名胜,风景名胜,风景名胜,松阎路与012县道交叉口东南100米,北京市,北京市,延庆区,115.8119597,40.49720267
北京松山森林旅游区-仙人床,风景名胜,风景名胜,风景名胜,松阎路与012县道交叉口东南100米,北京市,北京市,延庆区,115.8116548,40.49700121
北京松山森林旅游区-天龟石,风景名胜,风景名胜,风景名胜,松阎路与012县道交叉口北200米,北京市,北京市,延庆区,115.812802,40.49766
北京松山森林旅游区-雄狮饮水,风景名胜,风景名胜,风景名胜,松阎路与012县道交叉口东南150米,北京市,北京市,延庆区,115.811698,40.49690133
北京松山森林旅游区-云松观湖,风景名胜,风景名胜,风景名胜,松阎路东150米,北京市,北京市,延庆区,115.812806,40.49825772
北京松山森林旅游区-松月印潭,风景名胜,风景名胜,风景名胜,松阎路与012县道交叉口北200米,北京市,北京市,延庆区,115.812799,40.4978529
北京松山森林旅游区-金蟾望月,风景名胜,风景名胜,风景名胜,松阎路与012县道交叉口东南150米,北京市,北京市,延庆区,115.8116799,40.4969073
北京松山森林旅游区-百瀑泉,风景名胜,风景名胜,风景名胜,松阎路东150米,北京市,北京市,延庆区,115.812814,40.49816878
北京松山森林旅游区-鸳鸯岩,风景名胜,风景名胜,风景名胜,张山营镇012县道附近,北京市,北京市,延庆区,115.812796,40.49755104
北京松山森林旅游区-顶水鲨,风景名胜,风景名胜,风景名胜,松阎路与012县道交叉口北150米,北京市,北京市,延庆区,115.8128141,40.49746811
北京松山森林旅游区-观景亭,风景名胜,风景名胜,风景名胜,松阎路东150米,北京市,北京市,延庆区,115.8128211,40.49796589
北京松山森林旅游区-登塔远眺,风景名胜,风景名胜,风景名胜,松阎路与012县道交叉口西北100米,北京市,北京市,延庆区,115.8118173,40.49666466
北京松山森林旅游区-原始森林(装修中),风景名胜,风景名胜,风景名胜,松阎路东150米,北京市,北京市,延庆区,115.812804,40.49835467
北京松山森林旅游区-雷劈石,风景名胜,风景名胜,风景名胜,松阎路与012县道交叉口东南100米,北京市,北京市,延庆区,115.8116548,40.4970042
北京松山森林旅游区-松海云涛,风景名胜,风景名胜,风景名胜,松阎路与012县道交叉口北150米,北京市,北京市,延庆区,115.8128171,40.49732318
听乐潭(松山自然保护区),风景名胜,风景名胜,风景名胜,张山营镇,北京市,北京市,延庆区,115.8125434,40.49709379
北京松山森林旅游区-三叠水,风景名胜,风景名胜,风景名胜,张山营镇北京松山国家级自然保护区,北京市,北京市,延庆区,115.8128121,40.49722522
延庆小河屯村公园,风景名胜,公园广场,公园,小松路西侧,北京市,北京市,延庆区,115.8729135,40.49326957
明双营古城,风景名胜,风景名胜,风景名胜,河广路与西唐路交叉口西北150米,北京市,北京市,延庆区,115.9991614,40.49186422
下花园龙王庙,风景名胜,风景名胜,寺庙道观,下苏路西150米,北京市,北京市,延庆区,116.0143127,40.49511762
九眼楼长城景区,风景名胜,风景名胜,风景名胜,四海镇郭石路,北京市,北京市,延庆区,116.5183181,40.4992973
濂泉响谷自然风景区(暂停营业),风景名胜,风景名胜,风景名胜,八道河乡八道河68号,北京市,北京市,怀柔区,116.569165,40.4942743
北京云蒙三峪自然风景区-一眼楼,风景名胜,风景名胜,风景名胜,,北京市,北京市,密云区,116.7208547,40.49926806
三叠瀑布,风景名胜,风景名胜,风景名胜,溪翁庄镇云龙涧自然风景区西450米,北京市,北京市,密云区,116.7678388,40.4914655
烟墩,风景名胜,风景名胜,风景名胜,溪翁庄镇五座楼山,北京市,北京市,密云区,116.769834,40.50066691
北一楼,风景名胜,风景名胜,风景名胜,溪翁庄镇云龙涧自然风景区北500米,北京市,北京市,密云区,116.7798557,40.49719536
白龙潭皇家森林公园,风景名胜,风景名胜,风景名胜,京密路太师屯镇龙潭沟,北京市,北京市,密云区,117.0644382,40.49738935
密云白龙潭自然风景区,风景名胜,风景名胜,省级景点,太师屯镇龙潭沟,北京市,北京市,密云区,117.0680374,40.4921277
小河屯南公园,风景名胜,公园广场,公园,,北京市,北京市,延庆区,115.8850396,40.48445889
下阪泉烽火台,风景名胜,风景名胜相关,旅游景点,,北京市,北京市,延庆区,115.9044799,40.48842963
怡孟园,风景名胜,公园广场,公园,延庆镇,北京市,北京市,延庆区,115.9640396,40.48546873
江水泉公园,风景名胜,公园广场,公园,广兴街人民检察院北,北京市,北京市,延庆区,115.9714082,40.48168006
魏家营佛爷庙,风景名胜,风景名胜相关,旅游景点,延琉路南100米,北京市,北京市,延庆区,116.0587613,40.48225656
观景台,风景名胜,风景名胜,观景点,安四路附近,北京市,北京市,怀柔区,116.3641281,40.48143213
九眼楼长城景区-火焰山风景区,风景名胜,风景名胜,风景名胜,四海镇郭石路,北京市,北京市,延庆区,116.4864927,40.48956193
九眼楼,风景名胜,风景名胜,风景名胜,四海镇东南9公里的火焰山主峰(海拔1141米),北京市,北京市,延庆区,116.4863311,40.48953046
白水湖,风景名胜,风景名胜相关,旅游景点,,北京市,北京市,怀柔区,116.5513573,40.48563871
龟峰谷,风景名胜,风景名胜,风景名胜,雁栖镇范崎路濂泉响谷景区旁,北京市,北京市,怀柔区,116.5760958,40.49011012
龟峰谷山林公园,风景名胜,公园广场,公园,雁栖镇不夜谷,北京市,北京市,怀柔区,116.5797383,40.48620516
百泉山风景区,风景名胜,风景名胜,风景名胜,怀北镇峪道河村北,北京市,北京市,怀柔区,116.6324477,40.48174828
石门山景区(暂停营业),风景名胜,风景名胜,省级景点,怀北镇椴树岭村峪道河自然村1号,北京市,北京市,怀柔区,116.6569848,40.48415374
椴树岭民俗旅游2区,风景名胜,风景名胜,风景名胜,京加路西50米,北京市,北京市,怀柔区,116.6568977,40.48671373
北京云蒙三峪自然风景区,风景名胜,风景名胜,风景名胜,西田各庄镇牛盆峪村村北100米,北京市,北京市,密云区,116.7197667,40.48906683
北京云蒙三峪自然风景区-残存城墙,风景名胜,风景名胜,风景名胜,,北京市,北京市,密云区,116.7508464,40.48517603
兰圃,风景名胜,公园广场,公园,白道峪村,北京市,北京市,密云区,116.7603416,40.48184552
云龙涧自然风景区-大云峰禅寺,风景名胜,风景名胜,寺庙道观,溪翁庄黑山寺村,北京市,北京市,密云区,116.7733457,40.48545148
云龙涧自然风景区,风景名胜,风景名胜,省级景点,溪翁庄镇北白岩村西北,北京市,北京市,密云区,116.7797138,40.48748774
辉煌国际会议度假区,体育休闲服务,度假疗养场所,度假村|风景名胜,营镇古龙路66号(辉煌国际度假区),北京市,北京市,延庆区,115.8086662,40.47423224
兰角沟原始风景区,风景名胜,风景名胜,风景名胜,张山营镇松山国家自然保护区旁,北京市,北京市,延庆区,115.8382948,40.4756711
关帝庙,风景名胜,风景名胜,寺庙道观,京银路,北京市,北京市,延庆区,115.8545189,40.4806533
龙王庙,风景名胜,风景名胜,寺庙道观,京银路,北京市,北京市,延庆区,115.8523266,40.48039115
八达岭古长城,风景名胜,风景名胜,风景名胜,张山营镇东门营村北,北京市,北京市,延庆区,115.8562692,40.47992015
团结公园,风景名胜,公园广场,公园,小河屯东,北京市,北京市,延庆区,115.9375442,40.47946528
庙上红色旅游景区,风景名胜,风景名胜,风景名胜,九渡河镇庙上村村委会北10米,北京市,北京市,怀柔区,116.3153329,40.47238231
凤凰驼自然风景区,风景名胜,风景名胜,风景名胜,安四路,北京市,北京市,怀柔区,116.3148041,40.47251526
树伴宠墓,风景名胜,风景名胜相关,旅游景点,,北京市,北京市,怀柔区,116.3435115,40.47672049
延寿山,风景名胜,风景名胜,风景名胜,安四路西50米,北京市,北京市,怀柔区,116.3721267,40.47926624
西栅子生态观光园,风景名胜,风景名胜,风景名胜,南沟,北京市,北京市,怀柔区,116.5392578,40.47205696
云蒙山抗日斗争纪念碑,风景名胜,风景名胜,纪念馆,西田各庄镇,北京市,北京市,密云区,116.7284957,40.47843213
北京云蒙三峪自然风景区-通天桥,风景名胜,风景名胜,风景名胜,708乡道,北京市,北京市,密云区,116.7332414,40.47119294
北京云蒙三峪自然风景区-白道峪,风景名胜,风景名胜,风景名胜,,北京市,北京市,密云区,116.7558442,40.47818189
碧水公园,风景名胜,公园广场,公园,溪翁庄镇水库宾馆对面,北京市,北京市,密云区,116.8339876,40.47363894
人民公园(环南支线),风景名胜,公园广场,公园,溪翁庄镇313省道,北京市,北京市,密云区,116.8486576,40.47323334
青洞山自然风景区,风景名胜,风景名胜,风景名胜,G101(京密路)西北侧,北京市,北京市,密云区,117.0354819,40.48040293
古崖居遗址,风景名胜,风景名胜,省级景点,张山营镇东门营村北,北京市,北京市,延庆区,115.7691896,40.46171438
世界葡萄博览园,风景名胜,风景名胜,风景名胜,康河路,北京市,北京市,延庆区,115.8671336,40.4645697
三里河湿地公园,风景名胜,公园广场,公园,城走妫水街至庆园街走西环城路,北京市,北京市,延庆区,115.9604534,40.46804004
绿韵广场,风景名胜,公园广场,城市广场,延庆镇高塔街58号,北京市,北京市,延庆区,115.9807246,40.46453949
香水苑公园,风景名胜,公园广场,公园,高塔街50,北京市,北京市,延庆区,115.9880634,40.46542999
芙蓉水湖,风景名胜,风景名胜相关,旅游景点,东社区东,北京市,北京市,延庆区,115.9867418,40.46683939
春芳园,风景名胜,公园广场,公园,滨河北路东50米,北京市,北京市,延庆区,116.0439668,40.46461773
牡丹园,风景名胜,风景名胜相关,旅游景点,大榆树镇阜高营村大榆树镇生态旅游咨询站东400米,北京市,北京市,延庆区,116.0592669,40.46400493
驴鞍岭长城养生大峡谷,风景名胜,风景名胜,风景名胜,洞庄路北50米,北京市,北京市,怀柔区,116.4552697,40.46148697
响水湖长城自然风景区,风景名胜,风景名胜,省级景点,渤海镇大榛峪村东200米,北京市,北京市,怀柔区,116.4826441,40.46552439
箭扣梁,风景名胜,风景名胜,风景名胜,西北八道河乡境内,北京市,北京市,怀柔区,116.5109171,40.46453134
箭扣,风景名胜,风景名胜相关,旅游景点,雁栖镇旧水坑,北京市,北京市,怀柔区,116.5111269,40.46459691
镇北楼,风景名胜,风景名胜相关,旅游景点,雁栖镇响水湖长城自然风景区东400米,北京市,北京市,怀柔区,116.5314933,40.46564684
云湖森林公园,风景名胜,风景名胜,风景名胜,溪翁庄,北京市,北京市,密云区,116.8923531,40.46485855
赏湖轩,风景名胜,风景名胜,风景名胜,313省道西100米,北京市,北京市,密云区,116.8943622,40.46423601
观云楼,风景名胜,风景名胜,风景名胜,313省道,北京市,北京市,密云区,116.8936146,40.46422696
叠彩湖,风景名胜,风景名胜,风景名胜,313省道西50米,北京市,北京市,密云区,116.8950369,40.46403512
北京万爱情侣酒店(密云水库花园店),住宿服务,宾馆酒店,宾馆酒店|风景名胜,密云水库潮河大坝(穆家峪镇北碱厂村北),北京市,北京市,密云区,116.9948628,40.46646828
承兴密联合县政府旧址,风景名胜,风景名胜,纪念馆,北庄镇大岭村,北京市,北京市,密云区,117.120175,40.47041623
老爷庙,风景名胜,风景名胜相关,旅游景点,,北京市,北京市,密云区,117.2256474,40.46733806
世界葡萄博览园-圣溪湖风景区,风景名胜,风景名胜,风景名胜,八亩地村村南100米,北京市,北京市,延庆区,115.869363,40.45560991
水上公园,风景名胜,公园广场,公园,双卉新华园艺公司西幽径园附近,北京市,北京市,延庆区,115.8858036,40.45170155
妫水公园,风景名胜,公园广场,公园,延庆镇东外小区,北京市,北京市,延庆区,115.9552506,40.45468992
夏都公园,风景名胜,公园广场,公园,近郊延庆县湖北西路2号,北京市,北京市,延庆区,115.9682848,40.45238265
灵照寺(暂停营业),风景名胜,风景名胜,寺庙道观,湖北西路7号,北京市,北京市,延庆区,115.9666326,40.45482719
三清观街,风景名胜,风景名胜,风景名胜,草场街与风水街交叉口西北100米,北京市,北京市,延庆区,115.9617058,40.45949546
妫川广场,风景名胜,公园广场,城市广场,延庆镇妫水北街,北京市,北京市,延庆区,115.9707175,40.45711183
中国·延庆世界地质公园,风景名胜,公园广场,公园,延庆镇妫水北街72号,北京市,北京市,延庆区,115.9741678,40.45379735
夏都公园-妫海远航,风景名胜,风景名胜相关,旅游景点,延庆夏都公园,北京市,北京市,延庆区,115.9711684,40.45504042
东湖公园,风景名胜,公园广场,公园,湖南东路16号,北京市,北京市,延庆区,115.9850381,40.45512057
延庆县体育公园,风景名胜,公园广场,公园,延庆镇湖北东路,北京市,北京市,延庆区,115.9876159,40.45766769
延庆区体育公园,风景名胜,公园广场,公园,延庆镇湖北东路,北京市,北京市,延庆区,115.9876189,40.45767068
延庆县北京延庆湖,风景名胜,风景名胜相关,旅游景点,湖南东路10号,北京市,北京市,延庆区,115.9885433,40.45322874
水库公园,风景名胜,公园广场,公园广场,湖南东路18号,北京市,北京市,延庆区,115.9793509,40.4515651
莲花池土地庙,风景名胜,风景名胜,风景名胜,莲花池小学西北(232省道西),北京市,北京市,延庆区,115.9966989,40.45310192
妫河生态走廊,风景名胜,风景名胜,风景名胜,滨河北路与龙庆路交叉口东50米,北京市,北京市,延庆区,115.9965348,40.45895095
康西坝上草原,风景名胜,风景名胜相关,旅游景点,湖南东路一号,北京市,北京市,延庆区,115.9974977,40.45661601
延庆区北京延庆湖,风景名胜,风景名胜相关,旅游景点,湖南东路8号,北京市,北京市,延庆区,115.9903699,40.4539039
北京基督教会延庆堂,风景名胜,风景名胜,教堂,湖北东路,北京市,北京市,延庆区,115.9951196,40.45953802
大榆树镇百草园,风景名胜,风景名胜相关,旅游景点,阜高营村,北京市,北京市,延庆区,116.0533822,40.45649745
响水湖长城自然风景区-连云岭长城,风景名胜,风景名胜,风景名胜,响水湖长城自然风景区连云岭长城,北京市,北京市,怀柔区,116.448636,40.45244358
大榛峪长城,风景名胜,风景名胜相关,旅游景点,大榛峪,北京市,北京市,怀柔区,116.4460616,40.4535356
响水湖长城自然风景区-旺泉峪长城,风景名胜,风景名胜相关,旅游景点,响水湖,北京市,北京市,怀柔区,116.4479532,40.45109066
响水湖长城自然风景区-索尼碳汇林,风景名胜,风景名胜,风景名胜,,北京市,北京市,怀柔区,116.4572591,40.45275949
响水湖长城自然风景区-磨石口关,风景名胜,风景名胜,风景名胜,洞庄路南50米,北京市,北京市,怀柔区,116.4531423,40.45976468
响水湖长城自然风景区-五行云梯,风景名胜,风景名胜,风景名胜,洞庄路北50米,北京市,北京市,怀柔区,116.4522757,40.46010952
响水湖长城自然风景区-磨石口长城,风景名胜,风景名胜,风景名胜,洞庄路南50米,北京市,北京市,怀柔区,116.4531373,40.45976466
响水湖长城自然风景区-响水湖景区,风景名胜,风景名胜,风景名胜,渤海镇响水湖长城旅游风景区,北京市,北京市,怀柔区,116.4558543,40.45565386
长城,风景名胜,风景名胜,风景名胜,,北京市,北京市,怀柔区,116.4660109,40.45481808
响水湖长城自然风景区-观蓝谷,风景名胜,风景名胜相关,旅游景点,雁栖镇西栅子村,北京市,北京市,怀柔区,116.5173947,40.46079919
神堂峪自然风景区-龙潭惨案纪念碑,风景名胜,风景名胜相关,旅游景点,,北京市,北京市,怀柔区,116.6116544,40.4531623
神堂峪自然风景区-龙潭,风景名胜,风景名胜相关,旅游景点,,北京市,北京市,怀柔区,116.6128815,40.4547276
神堂峪风景区-镇山神龟,风景名胜,风景名胜,风景名胜,雁栖镇百泉山风景区,北京市,北京市,怀柔区,116.6260974,40.45633937
神堂峪风景区-千米沙滩,风景名胜,风景名胜,风景名胜,,北京市,北京市,怀柔区,116.6290969,40.45883923
神堂峪风景区-龙潭惨案纪念碑,风景名胜,风景名胜,风景名胜,,北京市,北京市,怀柔区,116.629092,40.45813654
神堂峪风景区-镰刀床,风景名胜,风景名胜,风景名胜,,北京市,北京市,怀柔区,116.6221054,40.45474904
神堂峪风景区-三帘瀑布,风景名胜,风景名胜,风景名胜,,北京市,北京市,怀柔区,116.6211093,40.45384359
神堂峪风景区-双翠山庄,风景名胜,风景名胜,风景名胜,,北京市,北京市,怀柔区,116.625099,40.4517406
神堂峪风景区-菩萨帽,风景名胜,风景名胜,风景名胜,雁栖镇百泉山风景区,北京市,北京市,怀柔区,116.6260945,40.45594354
神堂峪风景区-青蛇洞,风景名胜,风景名胜,风景名胜,,北京市,北京市,怀柔区,116.6300941,40.4558381
神堂峪风景区-天书石,风景名胜,风景名胜,风景名胜,雁栖镇百泉山风景区神堂峪风景区-圣人诗经附近,北京市,北京市,怀柔区,116.63009,40.45733547
神堂峪风景区-青蛇岭,风景名胜,风景名胜,风景名胜,神堂峪,北京市,北京市,怀柔区,116.6330914,40.4563275
神堂峪风景区-圣人诗经,风景名胜,风景名胜,风景名胜,雁栖镇百泉山风景区,北京市,北京市,怀柔区,116.630085,40.45693265
神堂峪自然风景区神堂峪度假村,风景名胜,公园广场,公园内部设施,,北京市,北京市,怀柔区,116.6316569,40.45439745
北京怀柔青龙峡旅游度假区-玉皇台,风景名胜,风景名胜,风景名胜,大水峪村北500米北京怀柔青龙峡旅游度假区内,北京市,北京市,怀柔区,116.6676563,40.45255815
北京怀柔青龙峡旅游度假区(暂停营业),风景名胜,风景名胜,国家级景点,怀北镇大水峪村北500米,北京市,北京市,怀柔区,116.6726033,40.45823626
青龙峡索道,风景名胜,风景名胜,风景名胜,大水峪村北500米北京怀柔青龙峡旅游度假区内,北京市,北京市,怀柔区,116.6781013,40.45331495
玉龙池,风景名胜,风景名胜,风景名胜,怀北镇的古长城关口大水峪关附近,北京市,北京市,怀柔区,116.6876363,40.45145247
曲径通幽,风景名胜,风景名胜相关,旅游景点,大水峪村北500米北京怀柔青龙峡旅游度假区内,北京市,北京市,怀柔区,116.6806434,40.4512631
青龙出水,风景名胜,风景名胜,风景名胜,大水峪村北500米北京怀柔青龙峡旅游度假区内,北京市,北京市,怀柔区,116.6813005,40.45239042
北京怀柔青龙峡旅游度假区-佛像,风景名胜,风景名胜,风景名胜,大水峪村北500米北京怀柔青龙峡旅游度假区内,北京市,北京市,怀柔区,116.6809841,40.45435517
魔幻森林,风景名胜,风景名胜,风景名胜,大水峪村北500米青龙峡旅游度假区内,北京市,北京市,怀柔区,116.6809405,40.45188529
北京怀柔青龙峡旅游度假区-慕蹊苑,风景名胜,风景名胜,风景名胜,红星路1号,北京市,北京市,怀柔区,116.6811739,40.45197882
北京怀柔青龙峡旅游度假区-苍龙峪,风景名胜,风景名胜,风景名胜,大水峪村北500米北京怀柔青龙峡旅游度假区内,北京市,北京市,怀柔区,116.6871495,40.45218401
翠径登亭,风景名胜,风景名胜,风景名胜,大水峪村北500米北京怀柔青龙峡旅游度假区内,北京市,北京市,怀柔区,116.6802094,40.45325906
青龙峡旅游度假区-水战船,风景名胜,风景名胜,风景名胜,大水峪村北500米北京怀柔青龙峡旅游度假区内,北京市,北京市,怀柔区,116.6878278,40.451765
北京怀柔青龙峡旅游度假区-溢洪瀑,风景名胜,风景名胜,风景名胜,大水峪村北500米北京怀柔青龙峡旅游度假区内,北京市,北京市,怀柔区,116.6796278,40.45512535
北京怀柔青龙峡旅游度假区-关岭门,风景名胜,风景名胜,风景名胜,大水峪村北500米北京怀柔青龙峡旅游度假区内,北京市,北京市,怀柔区,116.6808798,40.45131464
青龙峡旅游度假区-观景亭,风景名胜,风景名胜,风景名胜,大水峪村北500米北京怀柔青龙峡旅游度假区内,北京市,北京市,怀柔区,116.6795123,40.45348526
青龙峡旅游度假区-休闲区,风景名胜,风景名胜,风景名胜,大水峪村北500米北京怀柔青龙峡旅游度假区内,北京市,北京市,怀柔区,116.6814053,40.45176249
青龙峡旅游度假区-手划船区,风景名胜,风景名胜相关,旅游景点,大水峪村北500米北京怀柔青龙峡旅游度假区内,北京市,北京市,怀柔区,116.6808956,40.45258708
绝壁攀云,风景名胜,风景名胜,风景名胜,大水峪村北500米北京怀柔青龙峡旅游度假区内,北京市,北京市,怀柔区,116.6870748,40.45135449
龙湖公园,风景名胜,公园广场,公园,青龙峡旁,北京市,北京市,怀柔区,116.6892909,40.45153057
北京怀柔青龙峡旅游度假区-一石六景,风景名胜,风景名胜相关,旅游景点,怀北镇北京怀柔青龙峡旅游度假区,北京市,北京市,怀柔区,116.689617,40.45173393
北京怀柔青龙峡旅游度假区(出口),风景名胜,风景名胜相关,旅游景点,,北京市,北京市,怀柔区,116.6893029,40.45150656
青龙峡风景区,风景名胜,风景名胜,风景名胜,怀北镇大水峪村北500米青龙峡,北京市,北京市,怀柔区,116.689238,40.45179355
石马峪民俗村,风景名胜,风景名胜相关,旅游景点,溪翁庄镇沙石路石马峪村,北京市,北京市,密云区,116.899457,40.45495267
妫河森林公园-秋枫园,风景名胜,公园广场,公园,环湖南路北100米,北京市,北京市,延庆区,115.8814034,40.44427741
延庆杏花林,风景名胜,风景名胜,风景名胜,,北京市,北京市,延庆区,115.8794485,40.44608845
静心园,风景名胜,公园广场,公园,康庄,北京市,北京市,延庆区,115.8990478,40.44239213
妫河森林公园,风景名胜,公园广场,公园,妫水河,北京市,北京市,延庆区,115.8990429,40.44148649
花博园,风景名胜,公园广场,公园,011县道,北京市,北京市,延庆区,115.9077554,40.44190628
妫河印象,风景名胜,风景名胜相关,旅游景点,,北京市,北京市,延庆区,115.9361848,40.44692779
妫河森林公园-伏象园,风景名胜,公园广场,公园,环湖南路北50米,北京市,北京市,延庆区,115.9439337,40.44368016
百泉公园,风景名胜,公园广场,公园,菜园南街西端,北京市,北京市,延庆区,115.9668603,40.44440689
万家福生态养殖观光园,风景名胜,公园广场,植物园,,北京市,北京市,延庆区,116.061503,40.44768669
柳沟民俗旅游度假区,风景名胜,风景名胜,风景名胜,柳果路与西北路交叉口,北京市,北京市,延庆区,116.0909551,40.44524384
柳沟文化园,风景名胜,风景名胜相关,旅游景点,胡柳路东200米,北京市,北京市,延庆区,116.0900692,40.44979302
鳞龙山自然风景区,风景名胜,风景名胜,风景名胜,九渡河镇安四路,北京市,北京市,怀柔区,116.3243842,40.44797139
天华洞,风景名胜,风景名胜,风景名胜,沙峪,北京市,北京市,怀柔区,116.4115361,40.44881448
北京摩崖石刻自然风景区,风景名胜,风景名胜,风景名胜,渤海镇龙泉庄村,北京市,北京市,怀柔区,116.4763234,40.44326945
箭扣长城箭扣(入口),风景名胜,风景名胜,风景名胜,,北京市,北京市,怀柔区,116.5294189,40.44210564
慕田峪长城-界碑,风景名胜,风景名胜,风景名胜,渤海镇慕田峪长城风景区慕田峪长城国家级旅游景区内,北京市,北京市,怀柔区,116.5545888,40.44621332
慕田峪长城国家级旅游景区-21号敌楼,风景名胜,风景名胜,风景名胜,渤海镇慕田峪长城内,北京市,北京市,怀柔区,116.553815,40.44819823
慕田峪长城国家级旅游景区-15号敌楼,风景名胜,风景名胜,风景名胜,渤海镇慕田峪长城内,北京市,北京市,怀柔区,116.5579946,40.4418034
慕田峪长城国家级旅游景区-17号敌楼,风景名胜,风景名胜,风景名胜,渤海镇慕田峪长城内,北京市,北京市,怀柔区,116.5565708,40.44412031
慕田峪长城国家级旅游景区-19号敌楼,风景名胜,风景名胜,风景名胜,渤海镇慕田峪长城内,北京市,北京市,怀柔区,116.5545888,40.44620032
慕田峪长城国家级旅游景区-18号敌楼,风景名胜,风景名胜,风景名胜,渤海镇慕田峪长城内,北京市,北京市,怀柔区,116.5553844,40.44494211
慕田峪长城国家级旅游景区-16号敌楼,风景名胜,风景名胜,风景名胜,渤海镇慕田峪长城内,北京市,北京市,怀柔区,116.5569435,40.44362608
慕田峪长城国家级旅游景区-20号敌楼,风景名胜,风景名胜,风景名胜,渤海镇慕田峪长城内,北京市,北京市,怀柔区,116.5551958,40.44700797
神堂峪自然风景区-神堂余韵,风景名胜,风景名胜相关,旅游景点,神堂峪道东100米,北京市,北京市,怀柔区,116.6192653,40.44765525
神堂峪自然风景区木屋,风景名胜,风景名胜相关,旅游景点,神堂峪自然风景区下官地村19号,北京市,北京市,怀柔区,116.6149782,40.44845931
九谷口,风景名胜,风景名胜,省级景点,怀北镇河防口村548号(近雁栖湖),北京市,北京市,怀柔区,116.6578474,40.44394454
椴树岭,风景名胜,风景名胜,风景名胜,京加路西50米,北京市,北京市,怀柔区,116.6548161,40.45101735
河防口关,风景名胜,风景名胜,风景名胜,京加路西50米,北京市,北京市,怀柔区,116.6552291,40.44939925
九谷口关,风景名胜,风景名胜,风景名胜,京加路西50米,北京市,北京市,怀柔区,116.6558437,40.44736493
怀北漂流,风景名胜,风景名胜,风景名胜,京加路南100米,北京市,北京市,怀柔区,116.6586812,40.44311929
百泉谷,风景名胜,风景名胜,风景名胜,京加路西50米,北京市,北京市,怀柔区,116.6593392,40.44385574
北京怀柔青龙峡旅游度假区-憩松园,风景名胜,风景名胜,风景名胜,大水峪村北500米北京怀柔青龙峡旅游度假区内,北京市,北京市,怀柔区,116.6806396,40.45019855
北京青龙峡绿洲缘水,风景名胜,风景名胜相关,旅游景点,怀北镇大水峪村(青龙峡),北京市,北京市,怀柔区,116.6982908,40.44716175
青龙湖旅游度假区,体育休闲服务,度假疗养场所,度假村|风景名胜,怀北镇大水峪村青龙湖度假村内,北京市,北京市,怀柔区,116.705707,40.44549478
山西雅丹地貌,风景名胜,风景名胜相关,旅游景点,,北京市,北京市,怀柔区,116.7091544,40.44816523
青龙湖-东观景亭,风景名胜,风景名胜,风景名胜,青龙湖,北京市,北京市,怀柔区,116.7114294,40.44417412
西沙地民俗旅游村,风景名胜,风景名胜相关,旅游景点,密西路,北京市,北京市,密云区,116.7231378,40.44828589
柱金宅,风景名胜,风景名胜相关,旅游景点,穆家峪镇阁老峪村希望小镇75-2,北京市,北京市,密云区,116.920214,40.44170685
密云水库,风景名胜,风景名胜,风景名胜,南碱厂村西南100米,北京市,北京市,密云区,116.9777421,40.45009203
云舍艺术田园,风景名胜,风景名胜相关,旅游景点,穆家峪镇碱厂村村南侧农地,北京市,北京市,密云区,116.9850672,40.44896759
穆家峪镇庄头峪村文化大院,风景名胜,公园广场,城市广场,密古路,北京市,北京市,密云区,117.0054669,40.4467145
妫河森林公园-清风园,风景名胜,公园广场,公园,康庄镇环湖南路太公湖渔村东50米,北京市,北京市,延庆区,115.9008278,40.43808552
大营村烽火台遗址,风景名胜,风景名胜相关,旅游景点,环湖南路东150米,北京市,北京市,延庆区,115.9014829,40.43860215
妫河森林公园-月季园,风景名胜,公园广场,公园,环湖南路北50米,北京市,北京市,延庆区,115.9095349,40.43446521
雅荷园,风景名胜,公园广场,公园,延庆镇,北京市,北京市,延庆区,115.9252362,40.44069337
延庆火车站北广场,风景名胜,公园广场,城市广场,圣百街,北京市,北京市,延庆区,115.9789193,40.43648753
司家营龙王庙,风景名胜,风景名胜,寺庙道观,司连路附近,北京市,北京市,延庆区,115.9884632,40.44070415
郎各庄村文化广场,风景名胜,公园广场,城市广场,,北京市,北京市,延庆区,116.1231709,40.43989248
冰川绿谷,风景名胜,风景名胜相关,旅游景点,大庄科乡,北京市,北京市,延庆区,116.2368304,40.4311441
莲花山森林公园,风景名胜,风景名胜,风景名胜,大庄科乡汉家川村东北的山区内,北京市,北京市,延庆区,116.2765827,40.43723713
铁军纪念馆,风景名胜,风景名胜,纪念馆,兴水路附近,北京市,北京市,怀柔区,116.3852339,40.43189674
九公山长城纪念林,生活服务,丧葬设施,陵园|风景名胜,兴水路与怀黄公路交叉口西北50米,北京市,北京市,怀柔区,116.3879057,40.43185764
九公祭堂,风景名胜,风景名胜,风景名胜,安四路,北京市,北京市,怀柔区,116.3855605,40.43350095
慕田峪长城-牦牛,风景名胜,风景名胜,风景名胜,渤海镇慕田峪长城中华梦石城内,北京市,北京市,怀柔区,116.5589644,40.43269945
慕田峪长城-昆仑遗韵,风景名胜,风景名胜,风景名胜,渤海镇慕田峪长城中华梦石城内,北京市,北京市,怀柔区,116.5588723,40.43253039
慕田峪长城-神仙迎客,风景名胜,风景名胜,风景名胜,渤海镇慕田峪长城中华梦石城内,北京市,北京市,怀柔区,116.5590265,40.43270654
慕田峪长城-戚继光雕塑像,风景名胜,风景名胜,风景名胜,渤海镇慕田峪长城内,北京市,北京市,怀柔区,116.5587671,40.43214739
慕田峪长城-云岭雄阁,风景名胜,风景名胜,风景名胜,渤海镇慕田峪长城内,北京市,北京市,怀柔区,116.5583114,40.43175188
慕田峪长城-石塔凌云,风景名胜,风景名胜,风景名胜,渤海镇慕田峪长城中华梦石城内,北京市,北京市,怀柔区,116.5587561,40.43253822
慕田峪长城-北券门,风景名胜,风景名胜,风景名胜,渤海镇慕田峪长城内,北京市,北京市,怀柔区,116.5588542,40.44103497
慕田峪长城-八戒除妖,风景名胜,风景名胜,风景名胜,渤海镇慕田峪长城内,北京市,北京市,怀柔区,116.5588161,40.43261727
慕田峪长城-大鹏展翅,风景名胜,风景名胜,风景名胜,渤海镇慕田峪长城内,北京市,北京市,怀柔区,116.5590846,40.43269263
慕田峪长城-梁祝峰,风景名胜,风景名胜,风景名胜,渤海镇慕田峪长城内,北京市,北京市,怀柔区,116.5587761,40.43256424
慕田峪长城-狐狸,风景名胜,风景名胜,风景名胜,渤海镇慕田峪长城内,北京市,北京市,怀柔区,116.5592229,40.43248291
慕田峪长城-漫山红遍,风景名胜,风景名胜,风景名胜,渤海镇慕田峪长城中华梦石城内,北京市,北京市,怀柔区,116.5588202,40.43246434
慕田峪长城-神仙桌,风景名胜,风景名胜,风景名胜,渤海镇慕田峪长城中华梦石城内,北京市,北京市,怀柔区,116.5588021,40.43243133
慕田峪长城-索道滑道下站,风景名胜,风景名胜,风景名胜,渤海镇慕田峪长城内,北京市,北京市,怀柔区,116.5585949,40.43191023
慕田峪长城-敌楼,风景名胜,风景名胜,风景名胜,慕田峪长城敌楼,北京市,北京市,怀柔区,116.5571333,40.44005382
慕田峪长城-中华梦石城,风景名胜,风景名胜,风景名胜,渤海镇慕田峪长城内,北京市,北京市,怀柔区,116.558731,40.43240124
慕田峪长城-神龟,风景名胜,风景名胜,风景名胜,渤海镇慕田峪长城中华梦石城内,北京市,北京市,怀柔区,116.5588923,40.4325654
慕田峪长城-醉石亭,风景名胜,风景名胜,风景名胜,渤海镇慕田峪长城中华梦石城内,北京市,北京市,怀柔区,116.5592679,40.43255995
慕田峪长城-雄狮迎客,风景名胜,风景名胜,风景名胜,渤海镇慕田峪长城中华梦石城内,北京市,北京市,怀柔区,116.5590796,40.43246771
慕田峪长城国家级旅游景区-缆车公司销售部,风景名胜,风景名胜相关,旅游景点,渤海镇慕田峪长城风景区慕田峪长城国家级旅游景区内,北京市,北京市,怀柔区,116.5582982,40.43274947
慕田峪长城-龙头,风景名胜,风景名胜,风景名胜,渤海镇慕田峪长城中华梦石城内,北京市,北京市,怀柔区,116.5591727,40.43263278
慕田峪长城-百果石,风景名胜,风景名胜,风景名胜,渤海镇慕田峪长城中华梦石城内,北京市,北京市,怀柔区,116.558747,40.43251321
慕田峪长城-菇云峰,风景名胜,风景名胜,风景名胜,渤海镇慕田峪长城中华梦石城内,北京市,北京市,怀柔区,116.5588022,40.43237535
慕田峪长城-老鼠待食,风景名胜,风景名胜,风景名胜,渤海镇慕田峪长城中华梦石城内,北京市,北京市,怀柔区,116.5591968,40.43244889
慕田峪长城-鸣叫,风景名胜,风景名胜,风景名胜,渤海镇慕田峪长城中华梦石城内,北京市,北京市,怀柔区,116.5592409,40.43251892
慕田峪长城-城楼,风景名胜,风景名胜,风景名胜,渤海镇慕田峪长城内,北京市,北京市,怀柔区,116.5590615,40.44090532
慕田峪长城-石花横生,风景名胜,风景名胜,风景名胜,渤海镇慕田峪长城中华梦石城内,北京市,北京市,怀柔区,116.5587911,40.43258925
慕田峪长城-孵殖后代,风景名胜,风景名胜,风景名胜,渤海镇慕田峪长城中华梦石城内,北京市,北京市,怀柔区,116.5591958,40.43262782
慕田峪长城国家级旅游景区缆车上站-平台,风景名胜,风景名胜,风景名胜,渤海镇慕田峪长城内,北京市,北京市,怀柔区,116.5593391,40.44033994
慕田峪长城-黄曦基云,风景名胜,风景名胜,风景名胜,渤海镇慕田峪长城内,北京市,北京市,怀柔区,116.5606149,40.43432413
慕田峪长城-隐庐,风景名胜,风景名胜,风景名胜,渤海镇慕田峪长城内,北京市,北京市,怀柔区,116.5607413,40.43287288
慕田峪长城-松荫翳日,风景名胜,风景名胜,风景名胜,渤海镇慕田峪长城内,北京市,北京市,怀柔区,116.5608185,40.4323292
慕田峪长城-情侣亲吻,风景名胜,风景名胜,风景名胜,渤海镇慕田峪长城中华梦石城内,北京市,北京市,怀柔区,116.5594262,40.43265213
慕田峪长城-石林,风景名胜,风景名胜,风景名胜,渤海镇慕田峪长城中华梦石城内,北京市,北京市,怀柔区,116.5596005,40.43272835
慕田峪长城-外支城,风景名胜,风景名胜,风景名胜,渤海镇慕田峪长城风景区慕田峪长城国家级旅游景区内,北京市,北京市,怀柔区,116.5625887,40.4367248
慕田峪长城-千禧龙腾,风景名胜,风景名胜,风景名胜,渤海镇慕田峪长城内,北京市,北京市,怀柔区,116.5606652,40.43289477
慕田峪长城-阶前云海,风景名胜,风景名胜,风景名胜,渤海镇慕田峪长城风景区慕田峪长城国家级旅游景区内,北京市,北京市,怀柔区,116.5612549,40.43460289
慕田峪长城国家级旅游景区-6号敌楼,风景名胜,风景名胜,风景名胜,渤海镇慕田峪长城内,北京市,北京市,怀柔区,116.5645271,40.43160025
慕田峪长城国家级旅游景区-9号敌楼,风景名胜,风景名胜,风景名胜,渤海镇慕田峪长城内,北京市,北京市,怀柔区,116.5624807,40.4351183
慕田峪长城国家级旅游景区-14号敌楼,风景名胜,风景名胜,风景名胜,渤海镇慕田峪长城内,北京市,北京市,怀柔区,116.5601023,40.44060291
慕田峪长城国家级旅游景区-11号敌楼,风景名胜,风景名胜,风景名胜,渤海镇慕田峪长城内,北京市,北京市,怀柔区,116.5625887,40.4367248
慕田峪长城国家级旅游景区-13号敌楼,风景名胜,风景名胜,风景名胜,渤海镇慕田峪长城内,北京市,北京市,怀柔区,116.5608296,40.43954934
慕田峪长城-凌云瑶笛亭,风景名胜,风景名胜,风景名胜,渤海镇慕田峪长城内,北京市,北京市,怀柔区,116.5605929,40.4343221
慕田峪长城国家级旅游景区-12号敌楼,风景名胜,风景名胜,风景名胜,渤海镇慕田峪长城内,北京市,北京市,怀柔区,116.5614427,40.43841862
慕田峪长城国家级旅游景区-8号敌楼,风景名胜,风景名胜,风景名胜,渤海镇慕田峪长城内,北京市,北京市,怀柔区,116.5635153,40.4344069
慕田峪长城国家级旅游景区-7号敌楼,风景名胜,风景名胜,风景名胜,渤海镇慕田峪长城内,北京市,北京市,怀柔区,116.5641524,40.43316118
慕田峪长城国家级旅游景区-10号敌楼,风景名胜,风景名胜,风景名胜,渤海镇慕田峪长城内,北京市,北京市,怀柔区,116.5620359,40.43617231
慕田峪长城-石磨,风景名胜,风景名胜,风景名胜,慕田峪长城石磨,北京市,北京市,怀柔区,116.5601298,40.4372563
慕田峪长城-烽火台,风景名胜,风景名胜,风景名胜,慕田峪长城烽火台,北京市,北京市,怀柔区,116.5601335,40.43936746
慕田峪长城-愚公洞,风景名胜,风景名胜,风景名胜,渤海镇慕田峪长城中华梦石城内,北京市,北京市,怀柔区,116.5597317,40.43275852
慕田峪长城-鹰头峰,风景名胜,风景名胜,风景名胜,渤海镇慕田峪长城中华梦石城内,北京市,北京市,怀柔区,116.5594823,40.43257424
慕田峪长城国家级旅游景区-售卖亭,风景名胜,风景名胜相关,旅游景点,渤海镇慕田峪长城风景区慕田峪长城国家级旅游景区内,北京市,北京市,怀柔区,116.5620825,40.43200702
慕田峪长城-慕田水琳洞,风景名胜,风景名胜,风景名胜,渤海镇慕田峪长城中华梦石城内,北京市,北京市,怀柔区,116.5595113,40.43248332
慕田峪长城-大地书卷,风景名胜,风景名胜,风景名胜,渤海镇慕田峪长城中华梦石城内,北京市,北京市,怀柔区,116.5594752,40.4326682
神堂峪自然风景区-开莲关,风景名胜,风景名胜,风景名胜,范崎路东50米,北京市,北京市,怀柔区,116.5788008,40.43848621
神堂峪风景区-亓莲关,风景名胜,风景名胜,风景名胜,范崎路东50米,北京市,北京市,怀柔区,116.5788308,40.43838527
神堂峪自然风景区,风景名胜,风景名胜,风景名胜,石片村1号,北京市,北京市,怀柔区,116.6085281,40.43943834
神堂峪自然风景区-荣山丽水,风景名胜,风景名胜相关,旅游景点,神堂峪道西50米,北京市,北京市,怀柔区,116.6206713,40.4360224
河防口长城,风景名胜,风景名胜相关,旅游景点,河防口村(青龙峡),北京市,北京市,怀柔区,116.6686987,40.43344193
文达古镇,风景名胜,风景名胜相关,旅游景点,河防口533号,北京市,北京市,怀柔区,116.6686101,40.43201767
河防口民俗旅游村,风景名胜,风景名胜,风景名胜,京加路西50米,北京市,北京市,怀柔区,116.6690768,40.43177187
卸甲山法兴寺,风景名胜,风景名胜,风景名胜,017县道北50米,北京市,北京市,密云区,116.7625429,40.43125537
熙和轩,风景名胜,风景名胜相关,旅游景点,黑大路西100米,北京市,北京市,密云区,116.9209795,40.4409533
中华攀雀观鸟点,风景名胜,风景名胜,风景名胜,027县道路口,北京市,北京市,延庆区,115.8432102,40.4222587
夜鹭观鸟点,风景名胜,风景名胜,风景名胜,,北京市,北京市,延庆区,115.8417483,40.42133556
金翅雀观鸟点,风景名胜,风景名胜,风景名胜,,北京市,北京市,延庆区,115.8434709,40.4221162
莲花山森林公园(白龙潭桥),风景名胜,公园广场,公园,莲花山路和昌赤路的交叉口附近,北京市,北京市,延庆区,116.2388138,40.42150723
莲花山森林公园-黑龙潭(东杨路),风景名胜,风景名胜,风景名胜,东杨路东50米,北京市,北京市,延庆区,116.2535771,40.42229931
鹞子峪城堡,风景名胜,风景名胜,风景名胜,352乡道附近,北京市,北京市,怀柔区,116.3195563,40.42560862
画家村,风景名胜,风景名胜相关,旅游景点,九渡河镇二道关口楼,北京市,北京市,怀柔区,116.3247905,40.43040768
长城古堡旅游区,风景名胜,风景名胜,风景名胜,鹞子峪村,北京市,北京市,怀柔区,116.325285,40.42546565
板栗公园,风景名胜,公园广场,公园,安四路附近,北京市,北京市,怀柔区,116.3293518,40.42416037
黄花城野长城,风景名胜,风景名胜相关,旅游景点,安四路附近,北京市,北京市,怀柔区,116.342676,40.42478361
九公山长城纪念林办公室,风景名胜,风景名胜相关,旅游景点,兴隆城村桥北2000米,北京市,北京市,怀柔区,116.3954967,40.42180604
北京怀柔慕田峪长城清杨小院,风景名胜,风景名胜,风景名胜,慕田峪长城北沟村128号,北京市,北京市,怀柔区,116.5455129,40.43083217
慕田峪长城,风景名胜,风景名胜,国家级景点,渤海镇慕田峪村,北京市,北京市,怀柔区,116.5581614,40.42971645
慕田峪长城-警门,风景名胜,风景名胜,风景名胜,渤海镇慕田峪长城风景区慕田峪长城国家级旅游景区内,北京市,北京市,怀柔区,116.568166,40.42908732
慕田峪长城国家级旅游景区-1号敌楼,风景名胜,风景名胜,风景名胜,渤海镇慕田峪长城风景区慕田峪长城国家级旅游景区内,北京市,北京市,怀柔区,116.568166,40.42908732
慕田峪长城国家级旅游景区-3号敌楼,风景名胜,风景名胜,风景名胜,渤海镇慕田峪长城内,北京市,北京市,怀柔区,116.5662556,40.42954207
慕田峪长城国家级旅游景区-5号敌楼,风景名胜,风景名胜,风景名胜,渤海镇慕田峪长城内,北京市,北京市,怀柔区,116.5649558,40.43068112
慕田峪长城国家级旅游景区-2号敌楼,风景名胜,风景名胜,风景名胜,渤海镇慕田峪长城内,北京市,北京市,怀柔区,116.5669625,40.42924397
慕田峪长城-正关台,风景名胜,风景名胜,风景名胜,渤海镇慕田峪长城内,北京市,北京市,怀柔区,116.5681317,40.43076163
慕田峪长城-施必得滑道上站,风景名胜,风景名胜相关,旅游景点,渤海镇慕田峪长城内,北京市,北京市,怀柔区,116.5642087,40.43069322
慕田峪长城-大角楼,风景名胜,风景名胜,风景名胜,渤海镇慕田峪长城内,北京市,北京市,怀柔区,116.5721561,40.42938203
慕田峪长城-石臼,风景名胜,风景名胜,风景名胜,慕田峪长城,北京市,北京市,怀柔区,116.5711444,40.42756783
西辽阁,风景名胜,风景名胜相关,旅游景点,神堂峪道北50米,北京市,北京市,怀柔区,116.6246049,40.42803979
野长城探险点,风景名胜,风景名胜相关,旅游景点,神堂峪自然风景区的下官地村14号附近,北京市,北京市,怀柔区,116.6293136,40.42562443
怀北镇法制廉政公园,风景名胜,公园广场,公园,环镇路与007县道交叉口西南150米,北京市,北京市,怀柔区,116.6998895,40.42743623
全民健身广场,风景名胜,公园广场,城市广场,密西路,北京市,北京市,密云区,116.7623293,40.42752868
乡村俱乐部,风景名胜,风景名胜,风景名胜,密溪路附近,北京市,北京市,密云区,116.8260339,40.4248905
海角天涯,风景名胜,风景名胜,风景名胜,密关路东150米,北京市,北京市,密云区,116.8289281,40.42682514
云佛洞,风景名胜,风景名胜,风景名胜,溪翁庄镇云佛山旅游度假村,北京市,北京市,密云区,116.8328354,40.42687231
云佛山大溶洞,风景名胜,风景名胜相关,旅游景点,,北京市,北京市,密云区,116.8317041,40.42875851
回族村清真寺,风景名胜,风景名胜,回教寺,穆九路附近,北京市,北京市,密云区,116.9381546,40.42339431
白尾鹞观鸟点,风景名胜,风景名胜,风景名胜,,北京市,北京市,延庆区,115.8383661,40.42004016
短趾雕观鸟点,风景名胜,风景名胜,风景名胜,,北京市,北京市,延庆区,115.8387231,40.42022472
黑翅鸢观鸟点,风景名胜,风景名胜,风景名胜,,北京市,北京市,延庆区,115.8388374,40.41998601
文须雀活动区,风景名胜,风景名胜,风景名胜,,北京市,北京市,延庆区,115.8339466,40.41139048
鹭类繁殖地,风景名胜,风景名胜,风景名胜,027县道路口,北京市,北京市,延庆区,115.8383399,40.41299575
野鸭湖恢复区观鸟亭,风景名胜,风景名胜,风景名胜,,北京市,北京市,延庆区,115.8385862,40.41582413
文须雀生活区,风景名胜,风景名胜,风景名胜,,北京市,北京市,延庆区,115.834081,40.41132174
野鸭湖公益陆类繁殖地,风景名胜,风景名胜,风景名胜,,北京市,北京市,延庆区,115.8383359,40.41294076
东方鸭雀观鸟点,风景名胜,风景名胜,风景名胜,,北京市,北京市,延庆区,115.8387231,40.42022472
恢复区中路观鸟亭,风景名胜,风景名胜相关,旅游景点,,北京市,北京市,延庆区,115.8384448,40.41586287
非车站观景台,风景名胜,风景名胜,观景点,,北京市,北京市,延庆区,115.8384629,40.41598486
白尾海雕观鸟点,风景名胜,风景名胜,风景名胜,,北京市,北京市,延庆区,115.8446973,40.42110164
大鸨观鸟点,风景名胜,风景名胜,风景名胜,,北京市,北京市,延庆区,115.8446291,40.42106254
池鹭观鸟点,风景名胜,风景名胜,风景名胜,,北京市,北京市,延庆区,115.8469255,40.41889815
白腹鹞观鸟点,风景名胜,风景名胜,风景名胜,康野路附近,北京市,北京市,延庆区,115.8453913,40.41236306
苍鹭观鸟点,风景名胜,风景名胜,风景名胜,,北京市,北京市,延庆区,115.8445299,40.42119233
白眼潜鸭观鸟点,风景名胜,风景名胜,风景名胜,康野路附近,北京市,北京市,延庆区,115.8465402,40.41307069
中华宽鹊观鸟点,风景名胜,风景名胜,风景名胜,027县道路口,北京市,北京市,延庆区,115.8459158,40.41942929
棕眉山岩鹨观鸟点,风景名胜,风景名胜,风景名胜,,北京市,北京市,延庆区,115.8487745,40.41715178
草鹭观鸟点,风景名胜,风景名胜,风景名胜,,北京市,北京市,延庆区,115.8466237,40.4187717
乌雕观鸟点,风景名胜,风景名胜,风景名胜,,北京市,北京市,延庆区,115.8414154,40.42116805
楔尾伯劳观鸟点,风景名胜,风景名胜,风景名胜,,北京市,北京市,延庆区,115.8475057,40.41364505
牛背鹭观鸟点,风景名胜,风景名胜,风景名胜,,北京市,北京市,延庆区,115.8480842,40.41382791
骨顶鸡观鸟点,风景名胜,风景名胜,风景名胜,,北京市,北京市,延庆区,115.8458987,40.41941527
罗纹鸭观鸟点,风景名胜,风景名胜,风景名胜,,北京市,北京市,延庆区,115.845993,40.41928947
普通翠鸟观鸟点,风景名胜,风景名胜,风景名胜,,北京市,北京市,延庆区,115.8451867,40.42040572
黑卷尾观鸟点,风景名胜,风景名胜,风景名胜,,北京市,北京市,延庆区,115.8485243,40.41403254
燕雀观鸟点,风景名胜,风景名胜,风景名胜,,北京市,北京市,延庆区,115.8454956,40.42021231
东方大苇莺观鸟点,风景名胜,风景名胜,风景名胜,,北京市,北京市,延庆区,115.8414305,40.42093916
斑鸫观鸟点,风景名胜,风景名胜,风景名胜,,北京市,北京市,延庆区,115.8490514,40.41624156
大杜鹃观鸟点,风景名胜,风景名胜,风景名胜,,北京市,北京市,延庆区,115.8452519,40.42043782
毛白杨小雨淋,风景名胜,风景名胜,风景名胜,康野路附近,北京市,北京市,延庆区,115.844919,40.41223133
灰椋鸟观鸟点,风景名胜,风景名胜,风景名胜,,北京市,北京市,延庆区,115.8486335,40.41440258
鸳鸯鸟观鸟点,风景名胜,风景名胜,风景名胜,,北京市,北京市,延庆区,115.8484361,40.41407739
野鸭湖恢复区观景台,风景名胜,风景名胜,风景名胜,,北京市,北京市,延庆区,115.8401474,40.4168065
黑水鸡观鸟点,风景名胜,风景名胜,风景名胜,,北京市,北京市,延庆区,115.8485504,40.41409056
赤膀鸭观鸟点,风景名胜,风景名胜,风景名胜,,北京市,北京市,延庆区,115.845292,40.42042989
恢复区中路观景台,风景名胜,风景名胜,风景名胜,027县道路口,北京市,北京市,延庆区,115.8402247,40.41680463
黑翅长脚鹬观鸟点,风景名胜,风景名胜,风景名胜,康野路附近,北京市,北京市,延庆区,115.8453922,40.41260098
白骨顶,风景名胜,风景名胜,风景名胜,,北京市,北京市,延庆区,115.8466879,40.41868184
斑鸫,风景名胜,风景名胜,风景名胜,,北京市,北京市,延庆区,115.8485459,40.41730436
绿翅鸭,风景名胜,风景名胜,风景名胜,,北京市,北京市,延庆区,115.8483675,40.41678127
赤嘴潜鸭观鸟点,风景名胜,风景名胜,风景名胜,康野路附近,北京市,北京市,延庆区,115.8465132,40.41308264
黑耳鸢观鸟点,风景名胜,风景名胜,风景名胜,,北京市,北京市,延庆区,115.8413823,40.421164
红头潜鸭观鸟点,风景名胜,风景名胜,风景名胜,,北京市,北京市,延庆区,115.8465987,40.41870769
水鹨观鸟点,风景名胜,风景名胜,风景名胜,康野路附近,北京市,北京市,延庆区,115.8467859,40.41297913
北红尾观鸟点,风景名胜,风景名胜,风景名胜,康野路,北京市,北京市,延庆区,115.8448719,40.41230022
环颈雉观鸟点,风景名胜,风景名胜,风景名胜,,北京市,北京市,延庆区,115.8402144,40.41862493
鸣禽观鸟点,风景名胜,风景名胜相关,旅游景点,康野路附近,北京市,北京市,延庆区,115.8449431,40.41221337
北红尾鸲观鸟点,风景名胜,风景名胜相关,旅游景点,,北京市,北京市,延庆区,115.8415443,40.41696086
白杨树芦苇观鸟区,风景名胜,风景名胜相关,旅游景点,康野路附近,北京市,北京市,延庆区,115.8448509,40.41209726
野鸭湖宣教展示区,风景名胜,风景名胜相关,旅游景点,,北京市,北京市,延庆区,115.8426276,40.41409078
北京青年报(种植林),风景名胜,风景名胜相关,旅游景点,康野路附近,北京市,北京市,延庆区,115.8447275,40.41221202
斑嘴鸭观鸟点,风景名胜,风景名胜相关,旅游景点,,北京市,北京市,延庆区,115.8452589,40.42031587
野鸭湖湿地恢复区,风景名胜,风景名胜相关,旅游景点,康野路附近,北京市,北京市,延庆区,115.8445992,40.41241972
小鸊鷉观鸟点,风景名胜,风景名胜相关,旅游景点,,北京市,北京市,延庆区,115.8458025,40.41935114
翠鸟观鸟点,风景名胜,风景名胜相关,旅游景点,,北京市,北京市,延庆区,115.8463681,40.41870531
绿头鸭观鸟点,风景名胜,风景名胜相关,旅游景点,027县道路口,北京市,北京市,延庆区,115.8458496,40.4193952
凤头鸊鷉观鸟点,风景名胜,风景名胜相关,旅游景点,027县道路口,北京市,北京市,延庆区,115.8458777,40.41940724
斑鸠观鸟点,风景名胜,风景名胜相关,旅游景点,027县道路口,北京市,北京市,延庆区,115.8459517,40.42041798
绿翅鸭观鸟点,风景名胜,风景名胜相关,旅游景点,,北京市,北京市,延庆区,115.8462627,40.41928792
大鵟观鸟点,风景名胜,风景名胜相关,旅游景点,,北京市,北京市,延庆区,115.8479272,40.41804809
白鹭观鸟点,风景名胜,风景名胜相关,旅游景点,,北京市,北京市,延庆区,115.8454795,40.42047018
白骨顶观鸟点,风景名胜,风景名胜,风景名胜,康野路附近,北京市,北京市,延庆区,115.8457812,40.41289051
银喉长尾山雀观鸟点,风景名胜,风景名胜相关,旅游景点,,北京市,北京市,延庆区,115.8489421,40.41652928
红尾鸫观鸟点,风景名胜,风景名胜相关,旅游景点,康野路附近,北京市,北京市,延庆区,115.8453872,40.41258298
红鸟隼观鸟点,风景名胜,风景名胜,风景名胜,,北京市,北京市,延庆区,115.8495459,40.41443501
田鹀观鸟点,风景名胜,风景名胜,风景名胜,康野路,北京市,北京市,延庆区,115.8508942,40.41511886
山斑鸠观鸟点,风景名胜,风景名胜,风景名胜,,北京市,北京市,延庆区,115.8492017,40.41641473
三道眉草鵐观鸟点,风景名胜,风景名胜,风景名胜,,北京市,北京市,延庆区,115.8505213,40.41497934
扇尾沙锥观鸟点,风景名胜,风景名胜,风景名胜,,北京市,北京市,延庆区,115.849305,40.41618498
燕隼观鸟点,风景名胜,风景名胜,风景名胜,,北京市,北京市,延庆区,115.8491095,40.41631862
大斑啄木鸟观鸟点,风景名胜,风景名胜,风景名胜,,北京市,北京市,延庆区,115.8492048,40.41635476
凤头麦鸡观鸟点,风景名胜,风景名胜,风景名胜,,北京市,北京市,延庆区,115.8494714,40.41655511
灰头麦鸡观鸟点,风景名胜,风景名胜相关,旅游景点,,北京市,北京市,延庆区,115.8492098,40.41638876
莲花山森林公园-京北大峡谷,风景名胜,风景名胜相关,旅游景点,延庆水泉沟村边,北京市,北京市,延庆区,116.2515388,40.41873337
龙泉峪,风景名胜,风景名胜,风景名胜,363乡道西50米,北京市,北京市,延庆区,116.271313,40.41189966
黄花城水长城-碧玉潭,风景名胜,风景名胜,风景名胜,九渡河镇境内,北京市,北京市,怀柔区,116.2889871,40.41217497
黄花城水长城-黑龙潭,风景名胜,风景名胜相关,旅游景点,九渡河镇境内,北京市,北京市,延庆区,116.2807888,40.41442571
黄花城水长城,风景名胜,风景名胜,国家级景点,353乡道九渡河镇西水峪村,北京市,北京市,怀柔区,116.2975991,40.4116083
黄花城水长城-蜂山亭,风景名胜,风景名胜,风景名胜,九渡河镇境内,北京市,北京市,怀柔区,116.3057966,40.4149536
黄花城水库,地名地址信息,自然地名,湖泊|风景名胜,九渡河镇黄花城村,北京市,北京市,怀柔区,116.3388471,40.41868377
长城,风景名胜,风景名胜相关,旅游景点,长城溪溪小镇九渡河镇,北京市,北京市,怀柔区,116.3337331,40.413851
九眼楼长城,风景名胜,风景名胜,风景名胜,七队村西北,北京市,北京市,怀柔区,116.4611799,40.41368174
明清栗园,风景名胜,公园广场,城市广场,怀黄公路东50米,北京市,北京市,怀柔区,116.4618522,40.41318165
卧佛山,风景名胜,风景名胜,风景名胜,渤海镇境内,北京市,北京市,怀柔区,116.5191438,40.41296009
兴海广场,风景名胜,公园广场,城市广场,怀黄公路北50米,北京市,北京市,怀柔区,116.5101116,40.41312767
慕田峪长城国家级旅游景区-摆渡车下站,风景名胜,风景名胜相关,旅游景点,慕田峪路,北京市,北京市,怀柔区,116.5414333,40.41829566
神堂峪栈道,风景名胜,风景名胜相关,旅游景点,范崎路西50米,北京市,北京市,怀柔区,116.6403995,40.41141566
两弹一星纪念馆,风景名胜,风景名胜,纪念馆,雁栖湖校区内,北京市,北京市,怀柔区,116.6594781,40.41780969
康乾行宫,风景名胜,风景名胜,风景名胜,羊娄路西50米,北京市,北京市,密云区,116.9745445,40.41801811
从天楼,风景名胜,风景名胜,风景名胜,羊娄路西50米,北京市,北京市,密云区,116.9743026,40.41748402
八方广场,风景名胜,公园广场,城市广场,日月大道与羊娄路交叉口东北50米,北京市,北京市,密云区,116.9727656,40.41554618
荆子峪村健身广场,风景名胜,公园广场,城市广场,京密路西50米,北京市,北京市,密云区,116.9892052,40.41840614
山鶥观鸟点,风景名胜,风景名胜,风景名胜,,北京市,北京市,延庆区,115.8316294,40.40822141
湿地驿站,风景名胜,风景名胜,风景名胜,,北京市,北京市,延庆区,115.8324782,40.4056179
观鹤台,风景名胜,风景名胜,风景名胜,康西路路口,北京市,北京市,延庆区,115.8340532,40.40131131
观鸟台,风景名胜,风景名胜,风景名胜,,北京市,北京市,延庆区,115.8366245,40.40942901
棕灰鸦雀繁殖地,风景名胜,风景名胜,风景名胜,,北京市,北京市,延庆区,115.8315502,40.40744555
望湖楼,风景名胜,风景名胜,风景名胜,,北京市,北京市,延庆区,115.8291489,40.41021811
苍鹭草鹭繁殖地,风景名胜,风景名胜相关,旅游景点,,北京市,北京市,延庆区,115.8316274,40.40821541
燕鸥繁殖地,风景名胜,风景名胜相关,旅游景点,,北京市,北京市,延庆区,115.8330441,40.40335475
斑鸫观测点,风景名胜,风景名胜,风景名胜,,北京市,北京市,延庆区,115.8420807,40.40161538
红嘴鸥观鸟点,风景名胜,风景名胜,风景名胜,,北京市,北京市,延庆区,115.8466394,40.40617937
亲水平台,风景名胜,风景名胜,风景名胜,康野路附近,北京市,北京市,延庆区,115.8470572,40.40861517
鸊鹈观测点,风景名胜,风景名胜,风景名胜,,北京市,北京市,延庆区,115.8429191,40.40865727
皮啼观鸟点,风景名胜,风景名胜,风景名胜,,北京市,北京市,延庆区,115.8466394,40.40617937
曲桥观鸟点,风景名胜,风景名胜相关,旅游景点,,北京市,北京市,延庆区,115.8466213,40.40612036
翠鸟林,风景名胜,风景名胜相关,旅游景点,,北京市,北京市,延庆区,115.8464021,40.40340198
玉带海雕观鸟台,风景名胜,风景名胜相关,旅游景点,,北京市,北京市,延庆区,115.842564,40.40177215
长尾银喉山雀观鸟点,风景名胜,风景名胜相关,旅游景点,康野路附近,北京市,北京市,延庆区,115.8468755,40.41001936
棕头鸦雀观鸟点,风景名胜,风景名胜,风景名胜,,北京市,北京市,延庆区,115.8468585,40.41003233
星头啄木鸟观鸟点,风景名胜,风景名胜相关,旅游景点,,北京市,北京市,延庆区,115.8468544,40.40999034
灰喜鹊观鸟点,风景名胜,风景名胜相关,旅游景点,,北京市,北京市,延庆区,115.8468534,40.41000633
望海坨观景台,风景名胜,风景名胜,观景点,,北京市,北京市,延庆区,115.8434905,40.40988079
野鸭湖国家湿地公园(暂停营业),风景名胜,风景名胜,国家级景点,康野路,北京市,北京市,延庆区,115.8521623,40.40808739
黄喉鹀观鸟点,风景名胜,风景名胜,风景名胜,康野路附近,北京市,北京市,延庆区,115.8510263,40.40900532
金眶鸻观鸟点,风景名胜,风景名胜,风景名胜,康野路附近,北京市,北京市,延庆区,115.8510263,40.40901631
故裹庙,风景名胜,风景名胜,寺庙道观,,北京市,北京市,延庆区,115.9703458,40.40159654
世祖庙,风景名胜,风景名胜,风景名胜,,北京市,北京市,延庆区,115.9709878,40.40139079
元代谷,风景名胜,风景名胜相关,旅游景点,大榆树镇新宝庄村东山,北京市,北京市,延庆区,115.9696957,40.40328277
平北红色第一村,风景名胜,风景名胜,风景名胜,大庄科沙塘沟村(近昌平堆臼峪),北京市,北京市,延庆区,116.1608742,40.40885509
龙泉峪长城,风景名胜,风景名胜,风景名胜,大庄科乡龙泉峪4号,北京市,北京市,延庆区,116.265291,40.40847941
黄花城水长城-栗园亭,风景名胜,风景名胜,风景名胜,九渡河镇境内,北京市,北京市,怀柔区,116.2973178,40.41031326
黄花城水长城-栗树王,风景名胜,风景名胜,风景名胜,九渡河镇境内,北京市,北京市,怀柔区,116.2963277,40.41073077
水长城,风景名胜,风景名胜,省级景点,九渡河镇西水峪村,北京市,北京市,怀柔区,116.3069178,40.4099554
小西湖,风景名胜,风景名胜相关,旅游景点,西北原黄花城乡,北京市,北京市,怀柔区,116.3264753,40.40915649
驼岭隧峒,风景名胜,风景名胜相关,旅游景点,怀黄公路附近,北京市,北京市,怀柔区,116.3922423,40.40352614
沙峪抗日纪念碑,风景名胜,风景名胜,风景名胜,怀黄公路北50米,北京市,北京市,怀柔区,116.4744978,40.41080882
渤海板栗观光园,风景名胜,风景名胜,风景名胜,怀黄公路南50米,北京市,北京市,怀柔区,116.4964958,40.41109436
归故里,风景名胜,风景名胜,纪念馆,渤海镇苇店村(近鱼师傅),北京市,北京市,怀柔区,116.5496718,40.40424203
朝阳寺,风景名胜,风景名胜,寺庙道观,怀柔镇,北京市,北京市,怀柔区,116.575355,40.40321637
十八盘观光园,风景名胜,风景名胜相关,旅游景点,范崎路,北京市,北京市,怀柔区,116.6102395,40.41114898
古槐溪语公园,风景名胜,公园广场,公园,雁水路3号雁栖湖内,北京市,北京市,怀柔区,116.6534302,40.40905936
栖雁台,风景名胜,风景名胜,风景名胜,雁水路3号雁栖湖内,北京市,北京市,怀柔区,116.6678567,40.40527721
鸣雁台,风景名胜,风景名胜,风景名胜,雁水路3号雁栖湖内,北京市,北京市,怀柔区,116.6659122,40.40574179
荷花池(普岚山庄东南),风景名胜,风景名胜,风景名胜,雁秀路12号附近,北京市,北京市,怀柔区,116.6729934,40.40159368
雁栖湖-荷花池,风景名胜,风景名胜,风景名胜,雁秀路8附近,北京市,北京市,怀柔区,116.6729994,40.40159367
长城公园,风景名胜,公园广场,公园,长城公园(密关路东200米),北京市,北京市,密云区,116.845078,40.40175413
白石岭长城,风景名胜,风景名胜,风景名胜,密关路,北京市,北京市,密云区,116.8432369,40.401833
白河公园,风景名胜,公园广场,公园,溪翁庄,北京市,北京市,密云区,116.8415795,40.40721923
娄峪,风景名胜,风景名胜相关,旅游景点,久黄路与达峪大街交叉口西南50米,北京市,北京市,密云区,117.0494963,40.40189822
孝德广场,风景名胜,公园广场,城市广场,杨各庄村,北京市,北京市,密云区,117.1327976,40.40899532
黒鹤观鸟点,风景名胜,风景名胜,风景名胜,,北京市,北京市,延庆区,115.8343772,40.40116195
赤麻鸭观鸟点,风景名胜,风景名胜,风景名胜,,北京市,北京市,延庆区,115.8343772,40.40116195
金雕观鸟点,风景名胜,风景名胜,风景名胜,,北京市,北京市,延庆区,115.8343772,40.40116195
灰鹉观鸟点,风景名胜,风景名胜,风景名胜,,北京市,北京市,延庆区,115.8354043,40.39987726
金雕、赤麻鸭观测点,风景名胜,风景名胜,风景名胜,,北京市,北京市,延庆区,115.8341385,40.40119051
湖区南路观鸟亭,风景名胜,风景名胜,风景名胜,,北京市,北京市,延庆区,115.8361123,40.39950966
尾鹜观测点,风景名胜,风景名胜,风景名胜,,北京市,北京市,延庆区,115.837776,40.39969755
灰头绿观测点,风景名胜,风景名胜相关,旅游景点,,北京市,北京市,延庆区,115.8348065,40.40020206
赤露白露观景点,风景名胜,风景名胜,风景名胜,,北京市,北京市,延庆区,115.8406779,40.40105816
凤头麦鸡观测点,风景名胜,风景名胜,风景名胜,,北京市,北京市,延庆区,115.8406739,40.40106815
灰鹤观鸟点,风景名胜,风景名胜相关,旅游景点,,北京市,北京市,延庆区,115.839603,40.40065143
北京阳光时代马球俱乐部,体育休闲服务,运动场馆,马术俱乐部|风景名胜,康庄镇小曹营村,北京市,北京市,延庆区,115.8554802,40.40101584
小张家口民俗旅游村,风景名胜,风景名胜相关,旅游景点,小张家口村,北京市,北京市,延庆区,116.0248246,40.39710477
红螺慧缘谷生态景区-朝阳禅寺,风景名胜,风景名胜,寺庙道观,怀柔镇甘涧峪风景区,北京市,北京市,怀柔区,116.576978,40.396104
朝阳寺流通处,风景名胜,风景名胜,寺庙道观,,北京市,北京市,怀柔区,116.5791675,40.39433994
中国佛塔艺术公园,风景名胜,公园广场,公园,怀柔镇红螺慧缘谷生态景区,北京市,北京市,怀柔区,116.5790443,40.39491867
灵慧山生态风景区,风景名胜,风景名胜,风景名胜,怀柔镇甘涧峪村灵慧山风景区,北京市,北京市,怀柔区,116.5791373,40.39512365
红螺慧缘谷生态景区-灵慧山生态景区,风景名胜,风景名胜,风景名胜,西北5公里处的怀柔镇甘涧峪村,北京市,北京市,怀柔区,116.5789463,40.39510855
甘涧禅修中心,风景名胜,风景名胜,风景名胜,甘涧村红螺慧缘谷生态景区山脚,北京市,北京市,怀柔区,116.5794155,40.39486689
红螺寺-红螺山顶,风景名胜,风景名胜,风景名胜,怀柔镇卢庄村北红螺东路2号红螺寺内,北京市,北京市,怀柔区,116.6166922,40.39441221
红螺山顶峰,风景名胜,风景名胜,风景名胜,红螺寺景区内,北京市,北京市,怀柔区,116.6164736,40.39452339
红螺寺景区红螺山,风景名胜,风景名胜,风景名胜,怀柔镇红螺山风景区,北京市,北京市,怀柔区,116.6149739,40.39482474
聆雁回鸣,风景名胜,风景名胜,风景名胜,范崎路附近,北京市,北京市,怀柔区,116.6478146,40.39322429
雁栖湖,风景名胜,风景名胜,国家级景点,雁水路3号,北京市,北京市,怀柔区,116.6627232,40.391369
雁栖岛观光大桥(暂停营业),风景名胜,风景名胜,风景名胜,x004雁栖岛内,北京市,北京市,怀柔区,116.6682781,40.39980736
稻香居,风景名胜,风景名胜相关,旅游景点,雁栖湖范崎路湖心岛凯宾斯基酒店别墅内,北京市,北京市,怀柔区,116.660624,40.40065078
雁栖湖-大黄鸭,风景名胜,风景名胜,风景名胜,雁水路3号雁栖湖游乐园内,北京市,北京市,怀柔区,116.6780944,40.39725559
雁栖湖-迷你漂流,风景名胜,风景名胜,风景名胜,雁水路3号雁栖湖游乐园内,北京市,北京市,怀柔区,116.6782029,40.39892579
雁栖湖-龙舟,风景名胜,风景名胜,风景名胜,雁水路3号雁栖湖游乐园内,北京市,北京市,怀柔区,116.6735599,40.40067093
木茅屋,风景名胜,风景名胜,风景名胜,京加路附近,北京市,北京市,怀柔区,116.6779755,40.39916813
雁栖湖-北台上水库,风景名胜,风景名胜,风景名胜,雁水路3号雁栖湖公园内,北京市,北京市,怀柔区,116.6709986,40.39732301
雁栖湖-滨水观,风景名胜,风景名胜,风景名胜,雁水路3号雁栖湖,北京市,北京市,怀柔区,116.6723385,40.39192532
雁栖湖-迎客松,风景名胜,风景名胜,风景名胜,雁水路3号雁栖湖游乐园内,北京市,北京市,怀柔区,116.6790778,40.39652101
雁栖湖-望湖亭,风景名胜,风景名胜,风景名胜,雁水路6号,北京市,北京市,怀柔区,116.6759829,40.3936778
雁栖湖-牵手,风景名胜,风景名胜,风景名胜,雁水路3号雁栖湖游乐园内,北京市,北京市,怀柔区,116.6793429,40.39718129
雁栖湖-银杏林,风景名胜,风景名胜,风景名胜,雁水路3号雁栖湖游乐园内,北京市,北京市,怀柔区,116.6795135,40.39720496
雁栖湖喷泉,风景名胜,风景名胜,风景名胜,雁水路3号雁栖湖游乐园内,北京市,北京市,怀柔区,116.6793241,40.39657654
北京冶仙塔旅游风景区,风景名胜,风景名胜,省级景点,檀营乡檀营村冶山,北京市,北京市,密云区,116.8609563,40.40030536
辛安庄鸡鸣山景区,风景名胜,风景名胜,风景名胜,辛沙路南200米,北京市,北京市,密云区,116.970402,40.39960672
沙厂水库,风景名胜,风景名胜相关,旅游景点,京承高速穆家寨出口附近(近羊山桥),北京市,北京市,密云区,116.9859429,40.39757566
康西草原,风景名胜,风景名胜,风景名胜,康庄镇西侧017县道旁,北京市,北京市,延庆区,115.8338121,40.38924507
冰川绿谷沟域,风景名胜,风景名胜,风景名胜,昌赤路南50米,北京市,北京市,延庆区,116.2498993,40.38414215
坏沙河山庄,风景名胜,风景名胜相关,旅游景点,渤三路南100米,北京市,北京市,怀柔区,116.5297504,40.38194764
红螺寺-景区天门,风景名胜,风景名胜,风景名胜,卢庄村北红螺东路2号红螺寺内,北京市,北京市,怀柔区,116.616901,40.38540608
红螺寺,风景名胜,风景名胜,国家级景点,红螺东路2号,北京市,北京市,怀柔区,116.6201718,40.38286842
雁栖湖畔,风景名胜,风景名胜相关,旅游景点,,北京市,北京市,怀柔区,116.6476736,40.38757548
雕塑公园,风景名胜,风景名胜相关,旅游景点,雁水路3号雁栖湖,北京市,北京市,怀柔区,116.6615469,40.38855622
滨河公园-康居社区文化广场,风景名胜,公园广场,城市广场,党校路与城后街交叉口南150米,北京市,北京市,密云区,116.8373103,40.38138373
密西公园,风景名胜,公园广场,公园,新北路21号,北京市,北京市,密云区,116.840242,40.3849677
云启公园,风景名胜,公园广场,公园,滨河路18号,北京市,北京市,密云区,116.8418249,40.38338697
白河护城古堤,风景名胜,风景名胜,风景名胜,滨河路东50米,北京市,北京市,密云区,116.8429235,40.38512726
法制公园,风景名胜,公园广场,公园,城后街与行宫街交叉口东150米,北京市,北京市,密云区,116.8577287,40.38254415
大致公园,风景名胜,公园广场,公园,行宫街43号,北京市,北京市,密云区,116.8562356,40.38397158
麻梨崖柏,风景名胜,风景名胜相关,旅游景点,百世城商业街5-115号附近,北京市,北京市,密云区,116.849523,40.38534203
澹泊敬诚,风景名胜,风景名胜相关,旅游景点,新东路25号附近,北京市,北京市,密云区,116.8520248,40.38426927
金鼎湖风景区(暂停营业),风景名胜,风景名胜,风景名胜,巨各庄镇沙厂村沙厂水库,北京市,北京市,密云区,117.031587,40.38704738
康馨公园,风景名胜,风景名胜,风景名胜,西官路南100米,北京市,北京市,延庆区,115.8930778,40.37181985
北京基督教会延庆堂康庄聚会点,风景名胜,风景名胜,教堂,兴隆商业街与文汇街交叉口北100米,北京市,北京市,延庆区,115.8955087,40.37544981
延寿寺盘龙松风景区,风景名胜,风景名胜,风景名胜,黑山寨村北,北京市,北京市,昌平区,116.3224949,40.37521386
延寿寺寺院,风景名胜,风景名胜相关,旅游景点,,北京市,北京市,昌平区,116.3204696,40.37521776
栗花沟,风景名胜,风景名胜,风景名胜,渤海镇三渡河路口西,北京市,北京市,怀柔区,116.5472808,40.37682297
红螺塔,风景名胜,风景名胜,风景名胜,卢庄村北红螺东路2号红螺寺内,北京市,北京市,怀柔区,116.6192793,40.37557482
红螺山山野公园,风景名胜,公园广场,公园,红螺路西50米,北京市,北京市,怀柔区,116.6146001,40.37370718
红螺寺-红螺山,风景名胜,风景名胜,风景名胜,红螺路2123号,北京市,北京市,怀柔区,116.6242017,40.37987961
红螺寺-柏树林区,风景名胜,风景名胜,风景名胜,怀柔镇卢庄村北红螺东路2号红螺寺内,北京市,北京市,怀柔区,116.6250952,40.37815804
红螺寺-红叶林区,风景名胜,风景名胜,风景名胜,怀柔镇卢庄村北红螺东路2号红螺寺内,北京市,北京市,怀柔区,116.6215827,40.37977583
红螺寺-岭上长廊,风景名胜,风景名胜,风景名胜,怀柔镇卢庄村北红螺东路2号红螺寺内,北京市,北京市,怀柔区,116.6250949,40.3807062
红螺寺-观景台,风景名胜,风景名胜,风景名胜,怀柔镇卢庄村北红螺东路2号红螺寺内,北京市,北京市,怀柔区,116.6275102,40.37932647
红螺寺-青龙山,风景名胜,风景名胜,风景名胜,怀柔镇卢庄村北红螺东路2号红螺寺内,北京市,北京市,怀柔区,116.6207269,40.37453953
红螺寺-紫藤寄松,风景名胜,风景名胜,风景名胜,怀柔镇卢庄村北红螺东路2号红螺寺护国资福禅寺内,北京市,北京市,怀柔区,116.6201917,40.37573675
红螺寺-青龙石雕,风景名胜,风景名胜,风景名胜,怀柔镇卢庄村北红螺东路2号红螺寺内,北京市,北京市,怀柔区,116.6211342,40.37423216
红螺寺-雌雄银杏,风景名胜,风景名胜,风景名胜,怀柔镇卢庄村北红螺东路2号红螺寺护国资福禅寺内,北京市,北京市,怀柔区,116.6201697,40.37544287
红螺寺-吉祥大钟,风景名胜,风景名胜,风景名胜,怀柔镇卢庄村北红螺东路2号红螺寺内,北京市,北京市,怀柔区,116.6213579,40.38120162
红螺寺-慈航观音,风景名胜,风景名胜,风景名胜,怀柔镇卢庄村北红螺东路2号红螺寺内,北京市,北京市,怀柔区,116.620295,40.37952039
红螺寺-普慈观音,风景名胜,风景名胜,风景名胜,怀柔镇卢庄村北红螺东路2号红螺寺内,北京市,北京市,怀柔区,116.6196445,40.37671804
红螺寺-三圣殿,风景名胜,风景名胜,风景名胜,怀柔镇卢庄村北红螺东路2号红螺寺护国资福禅寺内,北京市,北京市,怀柔区,116.6203035,40.3758106
红螺寺-甘露安养观音,风景名胜,风景名胜,风景名胜,怀柔镇卢庄村北红螺东路2号红螺寺内,北京市,北京市,怀柔区,116.6204158,40.37960523
红螺泉,风景名胜,风景名胜,风景名胜,怀柔镇卢庄村北红螺东路2号红螺寺内,北京市,北京市,怀柔区,116.6204374,40.37458885
红螺寺-般若修真观音,风景名胜,风景名胜,风景名胜,怀柔镇卢庄村北红螺东路2号红螺寺内,北京市,北京市,怀柔区,116.6196285,40.37684102
红螺寺-洒水观音,风景名胜,风景名胜,风景名胜,怀柔镇卢庄村北红螺东路2号红螺寺内,北京市,北京市,怀柔区,116.6202831,40.37937845
红螺寺-普陀岩上观音,风景名胜,风景名胜,风景名胜,卢庄村北红螺东路2号红螺寺内,北京市,北京市,怀柔区,116.6203012,40.37816183
红螺寺-送子观音,风景名胜,风景名胜,风景名胜,卢庄村北红螺东路2号红螺寺内,北京市,北京市,怀柔区,116.6204478,40.37869349
红螺寺-竹林,风景名胜,风景名胜,风景名胜,怀柔镇卢庄村北红螺东路2号红螺寺内,北京市,北京市,怀柔区,116.6207109,40.37490343
红螺寺-大慈大悲观音,风景名胜,风景名胜,风景名胜,卢庄村北红螺东路2号红螺寺内,北京市,北京市,怀柔区,116.6204846,40.37992405
红螺寺-合掌观音,风景名胜,风景名胜,风景名胜,卢庄村北红螺东路2号红螺寺内,北京市,北京市,怀柔区,116.6201016,40.37767222
红螺寺-紫云来,风景名胜,风景名胜相关,旅游景点,怀柔镇卢庄村北红螺东路2号红螺寺内,北京市,北京市,怀柔区,116.6207646,40.37611198
红螺寺-达摩祖师殿,风景名胜,风景名胜,风景名胜,卢庄村北红螺东路2号红螺寺护国资福禅寺内,北京市,北京市,怀柔区,116.6199551,40.37583099
红螺寺-赏叶亭,风景名胜,风景名胜,风景名胜,怀柔镇卢庄村北红螺东路2号红螺寺内,北京市,北京市,怀柔区,116.6248925,40.37861115
红螺寺-水月观音,风景名胜,风景名胜,风景名胜,怀柔镇卢庄村北红螺东路2号红螺寺内,北京市,北京市,怀柔区,116.6200737,40.37742033
红螺寺-鱼篮观音,风景名胜,风景名胜,风景名胜,怀柔镇卢庄村北红螺东路2号红螺寺内,北京市,北京市,怀柔区,116.6204698,40.37850253
红螺寺-普同堂,风景名胜,风景名胜,风景名胜,卢庄村北红螺东路2号红螺寺内,北京市,北京市,怀柔区,116.6198463,40.37552521
红螺寺-松海慈云,风景名胜,风景名胜,风景名胜,怀柔镇卢庄村北红螺东路2号红螺寺内,北京市,北京市,怀柔区,116.6215942,40.37505336
红螺寺-数珠观音,风景名胜,风景名胜,风景名胜,卢庄村北红螺东路2号红螺寺内,北京市,北京市,怀柔区,116.6198481,40.37722665
红螺寺-古松林,风景名胜,风景名胜,风景名胜,怀柔镇卢庄村北红螺东路2号红螺寺内,北京市,北京市,怀柔区,116.6213048,40.3744369
红螺寺-莲池观音,风景名胜,风景名胜,风景名胜,怀柔镇卢庄村北红螺东路2号红螺寺内,北京市,北京市,怀柔区,116.6200787,40.37736335
红螺寺-如意观音,风景名胜,风景名胜,风景名胜,怀柔镇卢庄村北红螺东路2号红螺寺内,北京市,北京市,怀柔区,116.6202234,40.37776705
红螺寺-观竹亭,风景名胜,风景名胜,风景名胜,卢庄村北红螺东路2号红螺寺内,北京市,北京市,怀柔区,116.6196308,40.37471071
红螺寺-持净观音,风景名胜,风景名胜,风景名胜,怀柔镇卢庄村北红螺东路2号红螺寺内,北京市,北京市,怀柔区,116.6203939,40.37925437
红螺寺-六时观音,风景名胜,风景名胜,风景名胜,怀柔镇卢庄村北红螺东路2号红螺寺内,北京市,北京市,怀柔区,116.6197203,40.37692989
红螺寺-竹林观音,风景名胜,风景名胜,风景名胜,怀柔镇卢庄村北红螺东路2号红螺寺内,北京市,北京市,怀柔区,116.6203351,40.37807782
红螺寺-佛法无边观音,风景名胜,风景名胜,风景名胜,怀柔镇卢庄村北红螺东路2号红螺寺内,北京市,北京市,怀柔区,116.6204428,40.37887044
红螺寺-罗汉园,风景名胜,风景名胜,风景名胜,怀柔镇卢庄村北红螺东路2号红螺寺内,北京市,北京市,怀柔区,116.6214224,40.37613221
红螺寺-弥勒大佛,风景名胜,风景名胜,风景名胜,怀柔镇卢庄村北红螺东路2号红螺寺内,北京市,北京市,怀柔区,116.6244477,40.37646742
红螺寺-莲叶观音,风景名胜,风景名胜,风景名胜,卢庄村北红螺东路2号红螺寺内,北京市,北京市,怀柔区,116.6206115,40.37905619
红螺寺-白衣观音,风景名胜,风景名胜,风景名胜,怀柔镇卢庄村北红螺东路2号红螺寺内,北京市,北京市,怀柔区,116.6202343,40.377898
红螺寺-福寿居,风景名胜,风景名胜,风景名胜,怀柔镇卢庄村北红螺东路2号红螺寺内,北京市,北京市,怀柔区,116.6212358,40.37549863
红螺寺-宝鼎赐福,风景名胜,风景名胜,风景名胜,怀柔镇卢庄村北红螺东路2号红螺寺内,北京市,北京市,怀柔区,116.619597,40.37373207
红螺寺-延命观音,风景名胜,风景名胜,风景名胜,卢庄村北红螺东路2号红螺寺内,北京市,北京市,怀柔区,116.6202792,40.37811487
红螺寺-德王观音,风景名胜,风景名胜,风景名胜,卢庄村北红螺东路2号红螺寺内,北京市,北京市,怀柔区,116.6202203,40.37797699
红螺寺-童子拜观音,风景名胜,风景名胜,风景名胜,卢庄村北红螺东路2号红螺寺内,北京市,北京市,怀柔区,116.6203531,40.37826274
红螺寺-大雄宝殿,风景名胜,风景名胜相关,旅游景点,卢庄村北红螺东路2号红螺寺护国资福禅寺内,北京市,北京市,怀柔区,116.6202156,40.37559977
红螺寺-净水观音,风景名胜,风景名胜,风景名胜,卢庄村北红螺东路2号红螺寺内,北京市,北京市,怀柔区,116.619891,40.37729058
红螺寺-牡丹园,风景名胜,风景名胜,风景名胜,卢庄村北红螺东路2号红螺寺内,北京市,北京市,怀柔区,116.6204224,40.37499573
红螺寺-观音菩萨,风景名胜,风景名胜,风景名胜,卢庄村北红螺东路2号红螺寺内,北京市,北京市,怀柔区,116.6204668,40.37874246
红螺寺-生肖园,风景名胜,风景名胜,风景名胜,卢庄村北红螺东路2号红螺寺内,北京市,北京市,怀柔区,116.6218358,40.37516304
红螺寺-叶衣观音,风景名胜,风景名胜,风景名胜,卢庄村北红螺东路2号红螺寺内,北京市,北京市,怀柔区,116.6202193,40.37797699
红螺寺-双喜大钟,风景名胜,风景名胜,风景名胜,卢庄村北红螺东路2号红螺寺内,北京市,北京市,怀柔区,116.6206879,40.37524535
红螺寺-伽蓝殿,风景名胜,风景名胜,风景名胜,卢庄村北红螺东路2号红螺寺护国资福禅寺内,北京市,北京市,怀柔区,116.6204223,40.37544958
红螺塔,风景名胜,风景名胜,风景名胜,卢庄村北红螺东路2号红螺寺内,北京市,北京市,怀柔区,116.6192793,40.37557482
红螺寺-云游观音,风景名胜,风景名胜,风景名胜,卢庄村北红螺东路2号红螺寺内,北京市,北京市,怀柔区,116.6197852,40.37714075
红螺寺-岩户观音,风景名胜,风景名胜,风景名胜,卢庄村北红螺东路2号红螺寺内,北京市,北京市,怀柔区,116.620362,40.3783487
红螺寺-龙海观音,风景名胜,风景名胜,风景名胜,卢庄村北红螺东路2号红螺寺内,北京市,北京市,怀柔区,116.6205884,40.38010987
红螺寺-天王殿,风景名胜,风景名胜,风景名胜,怀柔镇卢庄村北红螺东路2号红螺寺护国资福禅寺内,北京市,北京市,怀柔区,116.6202915,40.37529278
红螺寺-骑鲤观音,风景名胜,风景名胜,风景名胜,卢庄村北红螺东路2号红螺寺内,北京市,北京市,怀柔区,116.6204439,40.37848457
红螺寺-泷见观音,风景名胜,风景名胜,风景名胜,卢庄村北红螺东路2号红螺寺内,北京市,北京市,怀柔区,116.6199119,40.37757147
红螺寺-步步踏莲苍观音,风景名胜,风景名胜,风景名胜,卢庄村北红螺东路2号红螺寺内,北京市,北京市,怀柔区,116.6205884,40.38010987
红螺寺-普陀修持观音,风景名胜,风景名胜,风景名胜,卢庄村北红螺东路2号红螺寺内,北京市,北京市,怀柔区,116.6203531,40.37826274
红螺寺-千手观音殿,风景名胜,风景名胜,风景名胜,卢庄村北红螺东路2号红螺寺护国资福禅寺内,北京市,北京市,怀柔区,116.6204143,40.37584546
红螺寺-古茶树,风景名胜,公园广场,公园,圣泉山观音寺,北京市,北京市,怀柔区,116.6253768,40.37721499
红螺寺-牛,风景名胜,风景名胜,风景名胜,卢庄村北红螺东路2号红螺寺生肖园内,北京市,北京市,怀柔区,116.6212697,40.37642729
红螺寺-赐福桥,风景名胜,风景名胜,风景名胜,卢庄村北红螺东路2号红螺寺内,北京市,北京市,怀柔区,116.6203056,40.37453401
红螺寺-螺仙润,风景名胜,风景名胜,风景名胜,卢庄村北红螺东路2号红螺寺内,北京市,北京市,怀柔区,116.6206021,40.37474261
红螺寺-撞金钱眼,风景名胜,风景名胜,风景名胜,卢庄村北红螺东路2号红螺寺内,北京市,北京市,怀柔区,116.6202867,40.37452804
红螺寺-彩叶林,风景名胜,风景名胜,风景名胜,卢庄村北红螺东路2号红螺寺内,北京市,北京市,怀柔区,116.6240963,40.37707167
红螺寺-舍利文物馆,风景名胜,风景名胜,风景名胜,卢庄村北红螺东路2号红螺寺内,北京市,北京市,怀柔区,116.6204163,40.3757285
红螺寺-狗,风景名胜,风景名胜,风景名胜,卢庄村北红螺东路2号红螺寺生肖园内,北京市,北京市,怀柔区,116.6226211,40.37733639
红螺寺-羊,风景名胜,风景名胜,风景名胜,卢庄村北红螺东路2号红螺寺生肖园内,北京市,北京市,怀柔区,116.6233049,40.37650583
红螺寺-虎,风景名胜,风景名胜,风景名胜,卢庄村北红螺东路2号红螺寺生肖园内,北京市,北京市,怀柔区,116.6244476,40.37727116
红螺寺-猴,风景名胜,风景名胜,风景名胜,卢庄村北红螺东路2号红螺寺生肖园内,北京市,北京市,怀柔区,116.6226292,40.37611578
红螺寺-蛇,风景名胜,风景名胜,风景名胜,卢庄村北红螺东路2号红螺寺生肖园内,北京市,北京市,怀柔区,116.6233366,40.3780223
红螺寺-鼠,风景名胜,风景名胜,风景名胜,卢庄村北红螺东路2号红螺寺生肖园内,北京市,北京市,怀柔区,116.6224943,40.37713861
红螺寺-马,风景名胜,风景名胜,风景名胜,卢庄村北红螺东路2号红螺寺生肖园内,北京市,北京市,怀柔区,116.6224576,40.37557416
红螺寺-景区叠翠厅,风景名胜,风景名胜,风景名胜,红螺寺景区内,北京市,北京市,怀柔区,116.6256873,40.37566009
红螺寺-鸡,风景名胜,风景名胜,风景名胜,卢庄村北红螺东路2号红螺寺生肖园内,北京市,北京市,怀柔区,116.623701,40.37737406
红螺寺-猪,风景名胜,风景名胜,风景名胜,卢庄村北红螺东路2号红螺寺生肖园内,北京市,北京市,怀柔区,116.6228897,40.37647635
红螺寺-盛茂和尚塔,风景名胜,风景名胜,风景名胜,卢庄村北红螺东路2号红螺寺内,北京市,北京市,怀柔区,116.6245016,40.37657532
红螺寺-天门,风景名胜,风景名胜,风景名胜,怀柔镇卢庄村北红螺东路2号红螺寺内,北京市,北京市,怀柔区,116.6251122,40.37776615
红螺寺-呈秀园,风景名胜,风景名胜,风景名胜,红螺东路2号,北京市,北京市,怀柔区,116.6241318,40.37248811
红螺池,风景名胜,风景名胜,风景名胜,怀柔镇卢庄村北红螺东路2号红螺寺内,北京市,北京市,怀柔区,116.6203466,40.37446999
红螺寺-山门,风景名胜,风景名胜,风景名胜,,北京市,北京市,怀柔区,116.6251068,40.37287575
红螺寺-管理处,风景名胜,风景名胜,风景名胜,红螺路北100米,北京市,北京市,怀柔区,116.6199346,40.37185429
红螺寺-花房,风景名胜,风景名胜相关,旅游景点,卢庄村北红螺东路2号红螺寺内,北京市,北京市,怀柔区,116.6206129,40.37594021
红螺寺-钟楼,风景名胜,风景名胜相关,旅游景点,卢庄村北红螺东路2号红螺寺护国资福禅寺内,北京市,北京市,怀柔区,116.6205142,40.37527154
红螺寺-存香处,风景名胜,风景名胜相关,旅游景点,卢庄村北红螺东路2号红螺寺内,北京市,北京市,怀柔区,116.6194312,40.37393518
红螺寺-滑道上站,风景名胜,风景名胜相关,旅游景点,卢庄村北红螺东路2号红螺寺内,北京市,北京市,怀柔区,116.6216759,40.37666774
橡树林区,风景名胜,公园广场,植物园,怀柔镇卢庄村北红螺东路2号红螺寺内,北京市,北京市,怀柔区,116.6216903,40.38079636
北京红螺寺景区红螺山顶,风景名胜,公园广场,公园内部设施,,北京市,北京市,怀柔区,116.6272109,40.37863111
密虹公园-密虹文化广场,风景名胜,公园广场,城市广场,新西路与西门外大街交叉口东南50米,北京市,北京市,密云区,116.8290368,40.37609041
大公主府,风景名胜,风景名胜,风景名胜,美术馆后街23号,北京市,北京市,密云区,116.8335507,40.37960355
密虹公园,风景名胜,公园广场,公园,西滨河路,北京市,北京市,密云区,116.8299807,40.37478858
密云清真寺,风景名胜,风景名胜,回教寺,光明街与清真胡同交叉口东,北京市,北京市,密云区,116.8363187,40.372083
公园街与鼓楼西大街,风景名胜,公园广场,公园,密云路长安小区一号四门国家电网西北侧附近,北京市,北京市,密云区,116.8340903,40.37475412
滨河公园,风景名胜,公园广场,公园,公园街,北京市,北京市,密云区,116.8361162,40.38085077
天女散花,风景名胜,风景名胜,风景名胜,滨河路与鼓楼西大街交叉口西北50米,北京市,北京市,密云区,116.8341684,40.37508915
密云区清真寺管委会,风景名胜,风景名胜,风景名胜,南更大街77号附近,北京市,北京市,密云区,116.8363177,40.37208299
玉兰公园,风景名胜,公园广场,公园,新中街37号,北京市,北京市,密云区,116.8449916,40.37996446
时光公园,风景名胜,公园广场,公园,区公园街(密云二中对面),北京市,北京市,密云区,116.8397517,40.38071226
阳光公园,风景名胜,公园广场,公园,鼓楼南大街2号,北京市,北京市,密云区,116.8393447,40.37470252
大成殿,风景名胜,风景名胜相关,旅游景点,河西鼓楼东大街31号,北京市,北京市,密云区,116.8419962,40.37515197
张仲景雕像,风景名胜,风景名胜,风景名胜,新中街39号,北京市,北京市,密云区,116.8449768,40.37829299
长城环岛店,风景名胜,风景名胜,风景名胜,华冠大厦底商,北京市,北京市,密云区,116.8578982,40.37282157
行宫,风景名胜,风景名胜相关,旅游景点,行宫小区,北京市,北京市,密云区,116.8582217,40.37987471
北京张裕爱斐堡国际酒庄,风景名胜,风景名胜,国家级景点,巨各庄镇宁菜路与密三路交汇处东南侧,北京市,北京市,密云区,116.8948692,40.37533171
葡萄长廊,风景名胜,风景名胜,风景名胜,巨各庄东白岩(近蔡家洼)北京张裕爱斐堡国际酒庄内,北京市,北京市,密云区,116.8959558,40.37330837
酒韵公园,风景名胜,公园广场,公园,密三路南50米,北京市,北京市,密云区,116.9006377,40.37827518
首云国家矿山公园,风景名胜,公园广场,公园,巨各庄镇豆各庄村,北京市,北京市,密云区,117.0075366,40.37782383
城隍庙,风景名胜,风景名胜,寺庙道观,榆林堡小北街西100米,北京市,北京市,延庆区,115.8727496,40.37109446
榆林驿城遗址,风景名胜,风景名胜,风景名胜,榆林堡东大街与西官路交叉口西南50米,北京市,北京市,延庆区,115.8775203,40.36987379
阳关,风景名胜,风景名胜相关,旅游景点,216省道与G6京藏高速交叉口东南100米,北京市,北京市,延庆区,115.943441,40.36267019
城隍庙,风景名胜,风景名胜,寺庙道观,岔西环岛与岔道路交叉口东北200米,北京市,北京市,延庆区,115.9873568,40.36394594
岔西雄关,风景名胜,风景名胜,风景名胜,岔西环岛,北京市,北京市,延庆区,115.9871017,40.36392072
岔道古城民俗旅游度假区(暂停营业),风景名胜,风景名胜,风景名胜,八达岭关城西北八达岭镇岔道村,北京市,北京市,延庆区,115.9865148,40.36363859
岔道清真寺,风景名胜,风景名胜,回教寺,岔道村(近八达岭长城),北京市,北京市,延庆区,115.9884262,40.36335387
新长城庄园(原探戈坞音乐谷),风景名胜,风景名胜,风景名胜,八达岭高速水关长城出口东侧,北京市,北京市,延庆区,116.0362937,40.36782385
碓臼峪自然风景区,风景名胜,风景名胜,风景名胜,长陵镇碓臼峪村北,北京市,北京市,昌平区,116.2001934,40.36387058
碓臼峪自然风景区-大岭沟风景区,风景名胜,风景名胜,风景名胜,下大路北50米,北京市,北京市,昌平区,116.2184273,40.36841064
碓臼峪自然风景区-猕猴桃谷风景区,风景名胜,风景名胜,风景名胜,下大路东50米,北京市,北京市,昌平区,116.2187498,40.36815401
碓臼峪自然风景区-大岭沟民俗村,风景名胜,风景名胜,风景名胜,长陵镇大岭沟民俗村,北京市,北京市,昌平区,116.2197935,40.36730619
延寿寺,风景名胜,风景名胜,寺庙道观,乘345路到昌平北站换乘至九渡河长途车,北京市,北京市,昌平区,116.3244691,40.36970583
地藏院,风景名胜,风景名胜,寺庙道观,怀黄公路与005县道交叉口北200米,北京市,北京市,怀柔区,116.5543477,40.36221512
圣泉山山野公园,风景名胜,公园广场,公园,怀黄公路北50米,北京市,北京市,怀柔区,116.5650633,40.36266207
圣泉寺,风景名胜,风景名胜,寺庙道观,桥梓镇口头村,北京市,北京市,怀柔区,116.5759362,40.36437678
圣泉山滑道,风景名胜,风景名胜相关,旅游景点,,北京市,北京市,怀柔区,116.5722822,40.36520167
西三村灵慧山景区,风景名胜,风景名胜,风景名胜,怀黄公路与西甘路交叉口北100米,北京市,北京市,怀柔区,116.5899382,40.36331051
福彩文化主题公园,风景名胜,公园广场,公园,红螺路东50米,北京市,北京市,怀柔区,116.6137718,40.36921938
北京生存岛实践基地(暂停营业),风景名胜,风景名胜,省级景点,红螺东路6号生存岛内,北京市,北京市,怀柔区,116.6351273,40.36369238
爱国社,风景名胜,风景名胜,风景名胜,范各庄村路西50米,北京市,北京市,怀柔区,116.6569093,40.36279845
状元胡同,风景名胜,风景名胜相关,旅游景点,范各庄村路西50米,北京市,北京市,怀柔区,116.6573191,40.36329552
榨油房,风景名胜,风景名胜相关,旅游景点,范各庄村路西50米,北京市,北京市,怀柔区,116.6586182,40.36502551
关公庙,风景名胜,风景名胜,寺庙道观,雁栖范各庄村53号,北京市,北京市,怀柔区,116.6599113,40.36688446
刘泽故居,风景名胜,风景名胜,纪念馆,范各庄村路东50米,北京市,北京市,怀柔区,116.6597109,40.36630502
秘密多肉植物园,风景名胜,公园广场,植物园,京加路与工业小区路交叉口西100米,北京市,北京市,怀柔区,116.6594032,40.36286469
怀柔雁栖镇法治文化公园,风景名胜,公园广场,公园,雁栖河西路,北京市,北京市,怀柔区,116.6696615,40.36523923
风车广场,风景名胜,公园广场,公园广场,京加路附近,北京市,北京市,怀柔区,116.6698256,40.36876181
飞鸿世纪园,风景名胜,风景名胜,风景名胜,新南路与西大桥路交叉口南50米,北京市,北京市,密云区,116.8303543,40.36726067
奥林公园,风景名胜,公园广场,公园,滨河路26,北京市,北京市,密云区,116.8322435,40.3699233
密云全民体育健身园,风景名胜,公园广场,公园,光明街与滨河路交叉口西130米(近鼓楼西大街),北京市,北京市,密云区,116.831973,40.36973787
太扬公园,风景名胜,公园广场,公园,农机路与滨河路交叉口西南50米,北京市,北京市,密云区,116.8306113,40.36388721
檀州家园社区文化广场,风景名胜,公园广场,城市广场,京密路与南更大街交叉口西南100米,北京市,北京市,密云区,116.8360958,40.36770299
密之水,风景名胜,公园广场,城市广场,滨河路与西大桥路交汇处西北150米,北京市,北京市,密云区,116.8308851,40.36897711
中加公园,风景名胜,公园广场,公园,农机路1号,北京市,北京市,密云区,116.8292437,40.36356978
黄门,风景名胜,风景名胜相关,旅游景点,新中街179号-10,北京市,北京市,密云区,116.8462122,40.3668907
真马水峪,风景名胜,风景名胜相关,旅游景点,,北京市,北京市,密云区,117.0906173,40.36862852
梨花顶风景区,风景名胜,风景名胜,风景名胜,东寺峪村,北京市,北京市,平谷区,117.17734,40.36834084
核桃洼野狼谷,风景名胜,风景名胜相关,旅游景点,镇罗营镇核桃洼村,北京市,北京市,平谷区,117.1932476,40.36747834
八达岭里炮红苹果度假村,体育休闲服务,度假疗养场所,度假村|风景名胜,八达岭镇里炮村八达岭里,北京市,北京市,延庆区,115.9252232,40.35323704
八达岭长城-长城天地,风景名胜,风景名胜,风景名胜,八达岭高速路八达岭长城出口西侧,北京市,北京市,延庆区,115.9820914,40.36022597
八达岭野生动物世界-鸵鸟,风景名胜,风景名胜,风景名胜,八达岭镇八达岭野生动物园内,北京市,北京市,延庆区,115.993515,40.35195683
八达岭野生动物世界-孔雀园,风景名胜,风景名胜相关,旅游景点,八达岭镇八达岭野生动物园内,北京市,北京市,延庆区,115.9929778,40.35309713
八达岭野生动物世界-葵花凤头鹦鹉,风景名胜,风景名胜相关,旅游景点,八达岭镇八达岭野生动物园内,北京市,北京市,延庆区,115.9934253,40.35223702
八达岭索道,风景名胜,风景名胜,风景名胜,G6京藏高速与G6京藏高速出口交叉口北150米,北京市,北京市,延庆区,115.9948246,40.35919864
八达岭野生动物世界-琉璃金刚鹦鹉,风景名胜,风景名胜相关,旅游景点,八达岭镇八达岭野生动物园内,北京市,北京市,延庆区,115.9932658,40.35245844
八达岭野生动物世界-白虎,风景名胜,风景名胜,风景名胜,八达岭野生动物世界内,北京市,北京市,延庆区,115.9891289,40.35436948
八达岭野生动物世界-丹顶鹤,风景名胜,风景名胜,风景名胜,八达岭野生动物世界内,北京市,北京市,延庆区,115.9923948,40.35332884
八达岭野生动物世界-金毛扭角羚,风景名胜,风景名胜相关,旅游景点,八达岭镇八达岭野生动物园内,北京市,北京市,延庆区,115.9935439,40.35250657
八达岭野生动物世界-狼,风景名胜,风景名胜,风景名胜,青龙桥隧道,北京市,北京市,延庆区,115.9893295,40.35207855
八达岭野生动物世界-关隘,风景名胜,风景名胜相关,旅游景点,G6京藏高速58号出口八达岭长城,北京市,北京市,延庆区,115.9948602,40.35296342
八达岭长城-好汉碑,风景名胜,风景名胜,风景名胜,G6京藏高速58号出口八达岭长城内,北京市,北京市,延庆区,116.0063416,40.35378341
八达岭长城-詹天佑纪念馆,风景名胜,风景名胜,纪念馆,G6京藏高速58号出口八达岭长城北侧,北京市,北京市,延庆区,116.0006805,40.35697949
北二楼,风景名胜,风景名胜,风景名胜,G6京藏高速58号出口八达岭长城内,北京市,北京市,延庆区,116.0080536,40.35532685
八达岭长城-北一楼,风景名胜,风景名胜,风景名胜,G6京藏高速58号出口八达岭景区内,北京市,北京市,延庆区,116.0068079,40.35470074
八达岭长城-望京石,风景名胜,风景名胜,风景名胜,G6京藏高速58号出口八达岭长城内,北京市,北京市,延庆区,116.0077069,40.35395429
八达岭长城-瓮城,风景名胜,风景名胜,风景名胜,G6京藏高速58号出口八达岭长城内,北京市,北京市,延庆区,116.0071667,40.35404387
八达岭长城-神威大将军炮,风景名胜,风景名胜,风景名胜,G6京藏高速58号出口八达岭长城内,北京市,北京市,延庆区,116.0065469,40.35382878
八达岭长城-八达岭国际友谊林,风景名胜,风景名胜,风景名胜,G6京藏高速58号出口八达岭长城内,北京市,北京市,延庆区,116.0051465,40.3547317
八达岭长城-最美赏红箭窗,风景名胜,风景名胜,风景名胜,G6京藏高速58号出口八达岭长城内,北京市,北京市,延庆区,116.0061892,40.35322103
八达岭长城-红叶树王,风景名胜,风景名胜,风景名胜,G6京藏高速58号出口八达岭长城内,北京市,北京市,延庆区,116.0061512,40.35380197
八达岭长城炮台,风景名胜,风景名胜,风景名胜,G6京藏高速58号出口八达岭长城内,北京市,北京市,延庆区,116.0087531,40.35608055
八达岭长城-北门锁钥,风景名胜,风景名胜,风景名胜,G6京藏高速58号出口八达岭长城内,北京市,北京市,延庆区,116.0063823,40.35451706
八达岭长城-南二楼,风景名胜,风景名胜,风景名胜,G6京藏高速58号出口八达岭长城内,北京市,北京市,延庆区,116.005926,40.35336277
八达岭长城-南3楼,风景名胜,风景名胜,风景名胜,216省道八达岭长城内,北京市,北京市,延庆区,116.0059641,40.35205105
南一楼,风景名胜,风景名胜,风景名胜,G6京藏高速58号出口八达岭长城内,北京市,北京市,延庆区,116.0061243,40.35391002
八达岭长城-缘福驿,风景名胜,风景名胜,风景名胜,G6京藏高速58号出口八达岭长城内(詹天佑纪念馆对面),北京市,北京市,延庆区,116.0015138,40.35625119
八达岭长城-文化墙,风景名胜,风景名胜,风景名胜,八达岭长城景区内,北京市,北京市,延庆区,116.0070033,40.35431727
八达岭长城-烽火台,风景名胜,风景名胜,风景名胜,G6京藏高速58号出口八达岭长城内,北京市,北京市,延庆区,116.0085359,40.35612917
八达岭长城望京文化广场,风景名胜,公园广场,城市广场|风景名胜,G6京藏高速58号出口八达岭长城内,北京市,北京市,延庆区,116.0076272,40.35400351
八达岭长城导游讲解处,风景名胜,风景名胜相关,旅游景点|生活服务,G6京藏高速58号出口八达岭长城内,北京市,北京市,延庆区,116.0066395,40.35394947
八达岭上山缆车,风景名胜,风景名胜相关,旅游景点,,北京市,北京市,延庆区,116.0074869,40.35984915
八达岭长城-燕塞雄关,风景名胜,风景名胜,风景名胜,G6京藏高速58号出口八达岭长城内,北京市,北京市,延庆区,116.002015,40.35655258
八达岭长城-居庸外镇,风景名胜,风景名胜,风景名胜,天府大道南段2039号极地海洋世界公园内,北京市,北京市,延庆区,116.0077568,40.35368522
八达岭长城,风景名胜,风景名胜,国家级景点,G6京藏高速58号出口,北京市,北京市,延庆区,116.0105583,40.35487359
上口民俗村,风景名胜,风景名胜,风景名胜,长陵镇上口民俗村,北京市,北京市,昌平区,116.2414855,40.35460629
团泉观音寺,风景名胜,风景名胜,寺庙道观,怀长路北100米,北京市,北京市,怀柔区,116.4306293,40.35739231
栗子树艺术区,风景名胜,风景名胜相关,旅游景点,九渡河镇团泉怀长路栗子树艺术区,北京市,北京市,怀柔区,116.4405845,40.35902586
月牙湾,风景名胜,风景名胜,风景名胜,九渡河镇,北京市,北京市,怀柔区,116.4433774,40.35286918
云阳仙境自然风景区,风景名胜,风景名胜,风景名胜,渤海镇怀黄路云阳仙境,北京市,北京市,怀柔区,116.5544371,40.36032584
红螺湖公园,风景名胜,公园广场,公园,红螺路与中刘路交叉口北,北京市,北京市,怀柔区,116.6176712,40.35743424
燕城水韵,风景名胜,风景名胜相关,旅游景点,京加路,北京市,北京市,怀柔区,116.6553989,40.36002016
燕城古街,风景名胜,风景名胜相关,旅游景点,雁栖镇范各庄村,北京市,北京市,怀柔区,116.65537,40.3600782
明珠生态休闲公园,风景名胜,公园广场,公园,京密路十里堡河槽镇(明珠花园小区对面),北京市,北京市,密云区,116.7857334,40.35202095
绿岛公园,风景名胜,公园广场,公园,东吉路与云腾路交叉口东150米,北京市,北京市,密云区,116.8173024,40.35268482
京东鑫桃源,风景名胜,风景名胜,风景名胜,镇罗营镇桃园大街11号,北京市,北京市,平谷区,117.1413027,40.36080781
八达岭滑雪场,体育休闲服务,运动场馆,滑雪场|风景名胜,八达岭镇经济开发区66号,北京市,北京市,延庆区,115.9517834,40.34588684
八达岭残长城,风景名胜,风景名胜,风景名胜,八达岭镇东沟村,北京市,北京市,延庆区,115.9654337,40.34916619
八达岭古长城自然风景区-顺天寨,风景名胜,风景名胜,风景名胜,西残路西50米,北京市,北京市,延庆区,115.9808987,40.34187497
八达岭野生动物世界-动物表演馆,风景名胜,公园广场,动物园,八达岭野生动物世界动物表演馆,北京市,北京市,延庆区,115.9886851,40.34156358
八达岭野生动物世界-佛岩寺,风景名胜,风景名胜,风景名胜,八达岭野生动物世界佛岩寺,北京市,北京市,延庆区,115.9883742,40.34157552
八达岭野生动物世界,风景名胜,公园广场,动物园,京藏高速公路58号出口右转200米,北京市,北京市,延庆区,115.9906831,40.34992507
八达岭野生动物世界-秃鹫,风景名胜,风景名胜,风景名胜,八达岭镇八达岭野生动物园内,北京市,北京市,延庆区,116.0000439,40.34782815
八达岭长城南7楼,风景名胜,风景名胜,风景名胜,八达岭镇八达岭长城内,北京市,北京市,延庆区,116.004429,40.34698514
八达岭长城-贵州碑亭,风景名胜,风景名胜,风景名胜,G6京藏高速58号出口八达岭长城内,北京市,北京市,延庆区,116.0040819,40.34860072
八达岭长城南4楼,风景名胜,风景名胜,风景名胜,海滨东路1号,北京市,北京市,延庆区,116.0027811,40.35090296
八达岭长城-南五楼,风景名胜,风景名胜,风景名胜,八达岭镇八达岭长城内,北京市,北京市,延庆区,116.003179,40.34903931
八达岭野生动物世界-玉兔园,风景名胜,风景名胜相关,旅游景点,八达岭镇八达岭野生动物园内,北京市,北京市,延庆区,116.0003519,40.34748731
八达岭长城-南六楼,风景名胜,风景名胜,风景名胜,G6京藏高速58号出口八达岭长城内,北京市,北京市,延庆区,116.0040661,40.34805992
八达岭国家森林公园-青龙桥,风景名胜,风景名胜,风景名胜,216省道与G6京藏高速交叉口东150米,北京市,北京市,延庆区,116.015814,40.34728663
八达岭国家森林公园-红叶岭,风景名胜,风景名胜,风景名胜,八达岭森林公安派出所东,北京市,北京市,延庆区,116.0170211,40.34780905
八达岭国家森林公园-青龙谷,风景名胜,风景名胜,风景名胜,森林公安派出所南(八达岭长城登城口往南2公里),北京市,北京市,延庆区,116.0144745,40.34619878
八达岭国家森林公园,风景名胜,风景名胜,省级景点,999县道(八达岭森林派出所南),北京市,北京市,延庆区,116.0231686,40.34296345
八达岭长城-詹天佑像,风景名胜,风景名胜,风景名胜,京张铁路青龙桥老站内,北京市,北京市,延庆区,116.0200561,40.35096363
山京沟森林公园,风景名胜,公园广场,公园,京银路附近,北京市,北京市,延庆区,116.1306023,40.34317941
北京十三陵双龙山森林公园,风景名胜,风景名胜,风景名胜,长陵镇碓臼峪风景区门前往西3公里,北京市,北京市,昌平区,116.159571,40.34351194
十三陵碓臼峪自然风景区,风景名胜,风景名胜,风景名胜,长陵镇碓臼峪村北,北京市,北京市,昌平区,116.1847104,40.34828162
大象讲寺,风景名胜,风景名胜,寺庙道观,657乡道北200米,北京市,北京市,怀柔区,116.5236014,40.34409166
峪泉湖庄园,风景名胜,风景名胜相关,旅游景点,桥梓镇峪口村,北京市,北京市,怀柔区,116.5268692,40.34257857
水德广场,风景名胜,公园广场,城市广场,怀柔镇,北京市,北京市,怀柔区,116.5846986,40.34318653
望月庭,风景名胜,风景名胜,风景名胜,台关路东100米,北京市,北京市,怀柔区,116.5906616,40.34262073
刘仕绥烈士之墓,风景名胜,风景名胜,风景名胜,富乐大街9号,北京市,北京市,怀柔区,116.6304573,40.34433917
奥康达智慧体育公园,风景名胜,风景名胜相关,旅游景点,中高路与忙牛河路交汇处,北京市,北京市,怀柔区,116.6848143,40.34631464
庄禾屯公园,风景名胜,公园广场,公园,图腾街16号,北京市,北京市,密云区,116.7797068,40.34658268
庄禾屯印刷文化园,风景名胜,公园广场,公园,十里堡,北京市,北京市,密云区,116.7793211,40.34850865
碧水公园,风景名胜,公园广场,公园,兴盛南路与右堤路交叉口东100米,北京市,北京市,密云区,116.8096965,40.34940279
密云玫瑰情园,风景名胜,风景名胜相关,旅游景点,巨各庄镇蔡家洼村宁蔡路,北京市,北京市,密云区,116.8992745,40.3495504
八达岭古长城自然风景区,风景名胜,风景名胜,国家级景点,八达岭镇东沟村,北京市,北京市,延庆区,115.9714185,40.33774481
八达岭野生动物世界-孟加拉虎,风景名胜,风景名胜,风景名胜,八达岭镇八达岭野生动物园内,北京市,北京市,延庆区,115.9931786,40.34108902
八达岭野长城断头台,风景名胜,风景名胜,风景名胜,,北京市,北京市,延庆区,115.9917991,40.33578272
八达岭国家森林公园-丁香谷,风景名胜,风景名胜相关,旅游景点,京藏高速与二一六市道交叉口南,北京市,北京市,延庆区,116.024515,40.33218987
八达岭国家森林公园-八达岭水关长城,风景名胜,风景名胜,国家级景点,八达岭石佛寺村,北京市,北京市,延庆区,116.0316609,40.33696417
八达岭国家森林公园-詹天佑旧居,风景名胜,风景名胜,纪念馆,石佛寺村八达岭水关长城内,北京市,北京市,延庆区,116.0315662,40.33673547
八达岭国家森林公园-五郎像,风景名胜,风景名胜,风景名胜,G6京藏高速附近,北京市,北京市,延庆区,116.033755,40.33156156
八达岭国家森林公园-五桂头山洞,风景名胜,风景名胜,风景名胜,G6京藏高速附近,北京市,北京市,延庆区,116.0334079,40.3319393
八达岭国家森林公园-弹琴峡,风景名胜,风景名胜,风景名胜,G6京藏高速与G6京藏高速出口交叉口西南50米,北京市,北京市,延庆区,116.032615,40.33205819
八达岭国家森林公园-长城碑林,风景名胜,风景名胜,风景名胜,水关路东200米,北京市,北京市,延庆区,116.0310218,40.33621897
长城探戈坞艺术园区,风景名胜,风景名胜,风景名胜,八达岭镇水关长城入口,北京市,北京市,延庆区,116.0317417,40.33692599
虎峪自然风景区-土宅,风景名胜,风景名胜相关,旅游景点,虎峪自然风景区长城脚下的公社,北京市,北京市,延庆区,116.0513277,40.33613222
北京碓臼峪自然风景区思农院,风景名胜,风景名胜相关,旅游景点,碓臼峪村70号,北京市,北京市,昌平区,116.1875689,40.34053074
长寿村望宝川,风景名胜,风景名胜,风景名胜,怀长路与望宝川路交叉口东南150米,北京市,北京市,昌平区,116.2883222,40.33431409
撞道口关,风景名胜,风景名胜,风景名胜,城西北,北京市,北京市,怀柔区,116.4541897,40.33436618
小龙山公园,风景名胜,公园广场,公园,台关路与657乡道交叉口西100米,北京市,北京市,怀柔区,116.5450792,40.33943907
世纪公园,风景名胜,公园广场,公园,近郊北宅环岛,北京市,北京市,怀柔区,116.5539747,40.340293
明星公园-生育文化公园,风景名胜,公园广场,公园,台关路东50米,北京市,北京市,怀柔区,116.5590555,40.3357971
北宅生态民俗旅游村,风景名胜,风景名胜,风景名胜,台关路附近,北京市,北京市,怀柔区,116.5589091,40.33757239
明星公园,风景名胜,公园广场,公园,,北京市,北京市,怀柔区,116.55932,40.3353766
欢乐岛,风景名胜,公园广场,公园,台关路东100米,北京市,北京市,怀柔区,116.5628441,40.33943722
北京东方普罗旺斯薰衣草庄园,风景名胜,风景名胜,风景名胜,怀沙路,北京市,北京市,怀柔区,116.6136918,40.33840569
炎黄纪念馆,风景名胜,风景名胜,纪念馆,八达岭,北京市,北京市,延庆区,116.0328759,40.32767675
八达岭国家森林公园-礼祭厅,风景名胜,风景名胜,风景名胜,步云街与216省道交叉口北150米,北京市,北京市,延庆区,116.0344249,40.3265923
虎峪自然风景区,风景名胜,风景名胜,风景名胜,南口镇虎峪村北,北京市,北京市,昌平区,116.1004093,40.32375413
十三陵-泰陵,风景名胜,风景名胜,世界遗产,长陵镇西北部,北京市,北京市,昌平区,116.2166703,40.32349804
银山塔林-镇妖塔,风景名胜,风景名胜,风景名胜,银山塔林内,北京市,北京市,昌平区,116.3215301,40.32132854
银山塔林-水帘洞,风景名胜,风景名胜,风景名胜,银山塔林内,北京市,北京市,昌平区,116.3212577,40.32135705
银山塔林-京北第一瀑,风景名胜,风景名胜,风景名胜,银山塔林内,北京市,北京市,昌平区,116.3216208,40.32201118
银山塔林-钟亭,风景名胜,风景名胜,风景名胜,银山塔林内,北京市,北京市,昌平区,116.3208876,40.32172167
银山塔林-六角亭,风景名胜,风景名胜,风景名胜,银山塔林内,北京市,北京市,昌平区,116.321102,40.32184822
银山塔林-琢磨顶,风景名胜,风景名胜,风景名胜,银山塔林内,北京市,北京市,昌平区,116.320695,40.32197597
银山塔林-银山瀑布,风景名胜,风景名胜相关,旅游景点,兴寿西湖村银山塔林,北京市,北京市,昌平区,116.3216288,40.32200117
和寿园,风景名胜,风景名胜,风景名胜,安四路西50米,北京市,北京市,昌平区,116.3457678,40.33002034
百合普门寺,风景名胜,风景名胜,风景名胜,桃下路南100米,北京市,北京市,昌平区,116.3880076,40.32506776
绿林公园,风景名胜,公园广场,公园,北宅,北京市,北京市,怀柔区,116.5568964,40.33097023
青春路公园,风景名胜,公园广场,公园,滨湖北街58号,北京市,北京市,怀柔区,116.6274518,40.32729712
滨湖公园(滨湖中街),风景名胜,公园广场,公园,滨湖中街与滨湖北街交叉口东南200米,北京市,北京市,怀柔区,116.6307808,40.32633572
滨湖万米健身公园,风景名胜,公园广场,公园,怀柔镇,北京市,北京市,怀柔区,116.6341114,40.32566095
下元基督教堂,风景名胜,风景名胜,教堂,泉河路东50米,北京市,北京市,怀柔区,116.6439541,40.32654359
老爷庙,风景名胜,风景名胜相关,旅游景点,,北京市,北京市,密云区,116.9238123,40.32347213
平谷区百世仙人文纪念园,风景名胜,风景名胜,纪念馆,东四道岭村委会西北,北京市,北京市,平谷区,117.1378906,40.32174347
平谷桃花海-神龙潭,风景名胜,风景名胜,风景名胜,史家台路与胡关路交叉口东北100米,北京市,北京市,平谷区,117.2186238,40.32384998
中国玻璃台,风景名胜,风景名胜,风景名胜,镇罗营镇玻璃台村303号(近东指壶),北京市,北京市,平谷区,117.2276426,40.3285443
天子谷一线天(暂停营业),风景名胜,风景名胜,风景名胜,,北京市,北京市,平谷区,117.2200927,40.32427613
平谷桃花海-白龙庙,风景名胜,风景名胜,寺庙道观,史家台路与胡关路交叉口东北150米,北京市,北京市,平谷区,117.2193242,40.32423249
平谷桃花海-九曲十八湾,风景名胜,风景名胜,风景名胜,玻璃台村九曲十八弯景区内,北京市,北京市,平谷区,117.2518005,40.32125218
十三陵-康陵,风景名胜,风景名胜,世界遗产,长陵镇康陵村16号(近十三陵文物保护区),北京市,北京市,昌平区,116.2041466,40.31920077
北京康陵正德迎客松自然风景区,风景名胜,风景名胜,风景名胜,泰燕路南150米,北京市,北京市,昌平区,116.204524,40.31449149
康陵民俗村,风景名胜,风景名胜,风景名胜,十三陵风景区,北京市,北京市,昌平区,116.2104193,40.31671021
泰陵民俗村,风景名胜,风景名胜,风景名胜,长陵镇西北部,北京市,北京市,昌平区,116.2173267,40.32064942
十三陵-茂陵,风景名胜,风景名胜,世界遗产,明十三陵长陵,北京市,北京市,昌平区,116.2264939,40.31453517
十三陵-裕陵,风景名胜,风景名胜,世界遗产,长陵镇裕陵村,北京市,北京市,昌平区,116.2316883,40.3138601
铁壁银山(暂停营业),风景名胜,风景名胜,国家级景点,西湖村,北京市,北京市,昌平区,116.3216911,40.31833101
西湖民俗村,风景名胜,风景名胜,风景名胜,银山路1号,北京市,北京市,昌平区,116.3220302,40.31202897
海子生态观光园,风景名胜,风景名胜相关,旅游景点,安四路西50米,北京市,北京市,昌平区,116.3354096,40.31892977
张仙洞,风景名胜,风景名胜,风景名胜,,北京市,北京市,怀柔区,116.4848955,40.31730309
老君洞,风景名胜,风景名胜,风景名胜,,北京市,北京市,怀柔区,116.4859001,40.3183018
桃花岭,风景名胜,风景名胜,风景名胜,,北京市,北京市,怀柔区,116.4879092,40.3146087
青峰顶,风景名胜,风景名胜,风景名胜,,北京市,北京市,怀柔区,116.4959422,40.32023519
北清泉,风景名胜,风景名胜,风景名胜,,北京市,北京市,怀柔区,116.4979588,40.31275112
龟石,风景名胜,风景名胜,风景名胜,,北京市,北京市,怀柔区,116.4959546,40.317247
和尚坟,风景名胜,风景名胜,风景名胜,上王峪村西书法山旅游度假区书画山风景区,北京市,北京市,怀柔区,116.5009798,40.31585731
黄宝峪古庙遗址,风景名胜,风景名胜,风景名胜,,北京市,北京市,怀柔区,116.5029746,40.31436059
橡树林红叶风景区,风景名胜,风景名胜,风景名胜,,北京市,北京市,怀柔区,116.4999598,40.31755085
怀柔,风景名胜,风景名胜相关,旅游景点,环湖东路西50米,北京市,北京市,怀柔区,116.6161893,40.32002232
怀山柔水,风景名胜,公园广场,公园,府前西街与龙山东路交叉口西100米,北京市,北京市,怀柔区,116.6201544,40.31411464
秦门(新悦百货),风景名胜,风景名胜相关,旅游景点,府前西街2号新悦百货F5层,北京市,北京市,怀柔区,116.6238437,40.3132065
普法公园,风景名胜,公园广场,公园,迎宾路,北京市,北京市,怀柔区,116.6311855,40.31350049
快乐家族,风景名胜,风景名胜相关,旅游景点,东关二区112号,北京市,北京市,怀柔区,116.6352485,40.3114239
慈恩院,风景名胜,风景名胜相关,旅游景点,开放路东关一区,北京市,北京市,怀柔区,116.6387008,40.31467756
北京怀柔旅游文化广场,风景名胜,公园广场,城市广场,怀柔镇,北京市,北京市,怀柔区,116.6520233,40.32034774
北房城市农业公园,风景名胜,风景名胜,风景名胜,恒利街与驸张路交叉口东南50米,北京市,北京市,怀柔区,116.7115054,40.31790504
香草世界薰衣草景区,风景名胜,风景名胜相关,旅游景点,驸张路和恒利街的交叉口附近,北京市,北京市,怀柔区,116.7135363,40.31947531
韦里文化公园,风景名胜,公园广场,公园,北房镇韦里村,北京市,北京市,怀柔区,116.7321924,40.31572347
李家峪生态山庄京东长寿村,风景名胜,风景名胜,风景名胜,张家台路与李家峪路交叉口西150米,北京市,北京市,平谷区,117.0218253,40.31890025
西河场公园,风景名胜,公园广场,公园,镇罗营,北京市,北京市,平谷区,117.106863,40.3177829
平谷桃花海-太清宫,风景名胜,风景名胜,风景名胜,胡关路西50米,北京市,北京市,平谷区,117.2504922,40.31652482
平谷桃花海-天云山(暂停营业),风景名胜,风景名胜,风景名胜,黄松峪乡黄土梁百帝宫西500米,北京市,北京市,平谷区,117.2504558,40.31269781
平谷桃花海-中华百帝宫,风景名胜,风景名胜,风景名胜,黄松峪,北京市,北京市,平谷区,117.2492166,40.3140018
平谷桃花海-天云山玻璃栈道(暂停营业),风景名胜,风景名胜,风景名胜,黄松峪乡,北京市,北京市,平谷区,117.2497534,40.31241807
石峡古堡遗址,风景名胜,风景名胜,风景名胜,外石路与032县道交叉口南50米,北京市,北京市,延庆区,115.9481317,40.30361644
石峡关长城,风景名胜,风景名胜,世界遗产,八达岭镇032县道(八达岭长城景区西南侧),北京市,北京市,延庆区,115.9584966,40.30471841
居庸关-穆桂英点将台,风景名胜,风景名胜,风景名胜,216国道附近,北京市,北京市,昌平区,116.0456492,40.31071872
沟崖自然风景区(装修中),风景名胜,风景名胜,风景名胜,十三陵德胜口水库,北京市,北京市,昌平区,116.1595798,40.30625488
水泉沟纪念林,风景名胜,风景名胜,风景名胜,十三陵德胜口村34号,北京市,北京市,昌平区,116.1782568,40.31065141
华严山,风景名胜,风景名胜,风景名胜,京银路附近,北京市,北京市,昌平区,116.1773485,40.30883022
大峪山风景区,风景名胜,风景名胜,风景名胜,泰燕路东100米,北京市,北京市,昌平区,116.1964447,40.30951426
庆陵民俗村,风景名胜,风景名胜,风景名胜,长陵镇西部,北京市,北京市,昌平区,116.2281617,40.30700305
十三陵-献陵,风景名胜,风景名胜,世界遗产,十三陵地区昌赤路旁(长陵西侧),北京市,北京市,昌平区,116.2372976,40.30578897
十三陵-庆陵,风景名胜,风景名胜,世界遗产,十三陵景区内,北京市,北京市,昌平区,116.2332554,40.30787724
十三陵-长陵-宝顶,风景名胜,风景名胜,风景名胜,昌赤路十三陵长陵内,北京市,北京市,昌平区,116.2431018,40.30143372
北京动物园十三陵繁育基地,风景名胜,风景名胜相关,旅游景点,十三陵镇长陵村北400米路西,北京市,北京市,昌平区,116.2481905,40.30342479
北京动物园繁殖基地,风景名胜,公园广场,动物园,怀长路旁边附近,北京市,北京市,昌平区,116.2456751,40.30420094
湖门口,风景名胜,风景名胜相关,旅游景点,安四路东50米,北京市,北京市,昌平区,116.3332035,40.3037817
忠良冢,风景名胜,风景名胜,风景名胜,,北京市,北京市,怀柔区,116.4879171,40.30841229
龙门寺遗址,风景名胜,风景名胜,风景名胜,书画山风景区住宿区北侧,北京市,北京市,怀柔区,116.4859103,40.30180496
好汉坡,风景名胜,风景名胜,风景名胜,,北京市,北京市,怀柔区,116.4879283,40.30682671
回马石,风景名胜,风景名胜,风景名胜,,北京市,北京市,怀柔区,116.4899195,40.30192283
二仙石,风景名胜,风景名胜,风景名胜,,北京市,北京市,怀柔区,116.4949538,40.30954497
三叠瀑布,风景名胜,风景名胜,风景名胜,,北京市,北京市,怀柔区,116.4919327,40.30552195
迎宾公园,风景名胜,公园广场,公园,迎南宾路南环岛东南角,北京市,北京市,怀柔区,116.6345997,40.30614122
唐自口公园,风景名胜,公园广场,公园,怀耿路西50米,北京市,北京市,怀柔区,116.6542711,40.30367277
黍谷山旅游风景区,风景名胜,风景名胜,风景名胜,荆科路,北京市,北京市,密云区,116.8095955,40.30865567
李子文化广场,风景名胜,公园广场,城市广场,密三路东100米,北京市,北京市,密云区,116.9624916,40.31102623
老象峰景区,风景名胜,风景名胜,风景名胜,大华山镇小峪子村北5号,北京市,北京市,平谷区,117.0105719,40.31079029
泉水峪圣泉景区观光园,风景名胜,风景名胜,风景名胜,泉水峪村,北京市,北京市,平谷区,117.0825604,40.30235195
京东老泉山野公园,风景名胜,公园广场,公园,熊儿寨乡老泉口127号,北京市,北京市,平谷区,117.1214499,40.309538
北京老泉樱花园景区,风景名胜,风景名胜相关,旅游景点,熊儿寨乡老泉口村东山,北京市,北京市,平谷区,117.1304668,40.30994941
四座楼,风景名胜,风景名胜,风景名胜,镇罗营,北京市,北京市,平谷区,117.2155488,40.30706241
平谷桃花海-烽火台,风景名胜,风景名胜,风景名胜,,北京市,北京市,平谷区,117.2301355,40.31055131
平谷桃花海-千佛崖,风景名胜,风景名胜相关,旅游景点,黄松峪乡黄土梁国家森林公园内千佛崖景区,北京市,北京市,平谷区,117.2515444,40.30859151
平谷桃花海-黄松峪黄土梁,风景名胜,风景名胜,风景名胜,黄松峪乡黄土梁国家森林公园,北京市,北京市,平谷区,117.2518821,40.30834646
平谷桃花海-千佛崖风景区,风景名胜,风景名胜,风景名胜,黄松峪乡黄土梁国家森林公园内千佛崖景区,北京市,北京市,平谷区,117.2519321,40.30836144
居庸关-15号烽火台,风景名胜,风景名胜,风景名胜,南口镇居庸关村二一六省道居庸关长城内,北京市,北京市,昌平区,116.0642981,40.29184882
居庸关-北关城楼,风景名胜,风景名胜,风景名胜,居庸关村216省道居庸关长城内,北京市,北京市,昌平区,116.0655027,40.29232025
居庸关-真武庙,风景名胜,风景名胜,寺庙道观,居庸关村二一六省道居庸关长城内,北京市,北京市,昌平区,116.0650221,40.29268074
居庸关-好汉坡,风景名胜,风景名胜,风景名胜,南口镇居庸关村216省道居庸关长城内,北京市,北京市,昌平区,116.0699393,40.29390804
德胜口民俗村,风景名胜,风景名胜,风景名胜,十三陵乡,北京市,北京市,昌平区,116.1866766,40.29334339
燕子湖风景区,风景名胜,风景名胜,风景名胜,,北京市,北京市,昌平区,116.2006166,40.29139673
十三陵-定陵地下宫殿,风景名胜,风景名胜,世界遗产,昭陵路8号,北京市,北京市,昌平区,116.2174131,40.29461394
御路石雕,风景名胜,风景名胜,风景名胜,裕陵路定陵,北京市,北京市,昌平区,116.217968,40.29424754
十三陵-定陵-棂星门,风景名胜,风景名胜,风景名胜,十三陵特区裕陵路定陵内,北京市,北京市,昌平区,116.2182585,40.29412483
十三陵-定陵-明楼,风景名胜,风景名胜,风景名胜,十三陵景区内,北京市,北京市,昌平区,116.2170335,40.29468057
十三陵-定陵-外罗城遗址,风景名胜,风景名胜,风景名胜,十三陵特区环陵路定陵内,北京市,北京市,昌平区,116.2174091,40.29461394
十三陵-定陵,风景名胜,风景名胜,世界遗产,十三陵特区,北京市,北京市,昌平区,116.2194293,40.29375496
十三陵-长陵,风景名胜,风景名胜,世界遗产,明十三陵长陵,北京市,北京市,昌平区,116.242797,40.2989703
景陵村龙王庙,风景名胜,风景名胜,寺庙道观,环陵路东100米,北京市,北京市,昌平区,116.2474586,40.29460801
长陵庄园,风景名胜,风景名胜相关,旅游景点,景陵村,北京市,北京市,昌平区,116.2438218,40.29510622
十三陵-景陵,风景名胜,风景名胜,世界遗产,十三陵景区内,北京市,北京市,昌平区,116.251597,40.29879405
逍遥谷,风景名胜,风景名胜,风景名胜,环陵路附近,北京市,北京市,昌平区,116.2490913,40.29756001
书画山风景区,风景名胜,风景名胜,风景名胜,松梓镇上王峪村西,北京市,北京市,怀柔区,116.4727041,40.29482644
南清泉,风景名胜,风景名胜,风景名胜,,北京市,北京市,怀柔区,116.4838933,40.2968042
清风湖,风景名胜,风景名胜,风景名胜,,北京市,北京市,怀柔区,116.487908,40.30041821
观瀑亭,风景名胜,风景名胜,风景名胜,,北京市,北京市,怀柔区,116.4869228,40.29652621
大佛山,风景名胜,风景名胜,风景名胜,书画山风景区内,北京市,北京市,怀柔区,116.4899314,40.29543341
览胜楼,风景名胜,风景名胜,风景名胜,庙城镇宽沟8号唐韵山庄内,北京市,北京市,怀柔区,116.5909169,40.29983098
凝波亭,风景名胜,风景名胜,风景名胜,庙城镇宽沟8号唐韵山庄内,北京市,北京市,怀柔区,116.591527,40.29789745
寻芳亭,风景名胜,风景名胜,风景名胜,庙城镇宽沟8号唐韵山庄内,北京市,北京市,怀柔区,116.5922677,40.2980644
云生结海阁,风景名胜,风景名胜,风景名胜,庙城镇宽沟8号唐韵山庄内,北京市,北京市,怀柔区,116.5919478,40.29825136
观海听涛轩,风景名胜,风景名胜,风景名胜,庙城镇宽沟8号唐韵山庄内,北京市,北京市,怀柔区,116.591537,40.29789845
第四次世界妇女大会纪念公园,风景名胜,风景名胜相关,旅游景点,南华大街与212县道交叉口东南150米,北京市,北京市,怀柔区,116.6198099,40.29904875
庙城村(东口),风景名胜,风景名胜相关,旅游景点,怀长路与012县道交叉口西南50米,北京市,北京市,怀柔区,116.6267485,40.29252878
城南公园,风景名胜,公园广场,公园,葛各庄路南100米,北京市,北京市,怀柔区,116.6375575,40.29916125
滨河森林公园,风景名胜,公园广场,公园,怀耿路12号,北京市,北京市,怀柔区,116.642734,40.29664124
怀柔区廉政文化公园,风景名胜,公园广场,公园,怀耿路北100米,北京市,北京市,怀柔区,116.6526446,40.29570971
星美今晟影视城,风景名胜,风景名胜相关,旅游景点,杨宋镇怀耿路凤翔二园1号,北京市,北京市,怀柔区,116.6643948,40.29235818
滨河公园,风景名胜,公园广场,公园,滨河路东50米,北京市,北京市,怀柔区,116.6620659,40.2972905
星美小镇,风景名胜,风景名胜,风景名胜,杨宋镇,北京市,北京市,怀柔区,116.6645005,40.29233398
鹿世界主题公园,风景名胜,公园广场,公园,杨宋镇北辰路9号,北京市,北京市,怀柔区,116.6958772,40.29366671
东邵渠镇廉政文化广场,风景名胜,公园广场,城市广场,河东路南50米,北京市,北京市,密云区,116.9622162,40.29202956
北京胜泉亲水湾旅游景区,风景名胜,风景名胜,风景名胜,大华山镇泉水峪村,北京市,北京市,平谷区,117.0940662,40.29605563
平谷桃花海-老泉公园,风景名胜,公园广场,公园,熊儿寨,北京市,北京市,平谷区,117.1273256,40.29772412
平谷桃花海-飞龙谷(暂停营业),风景名胜,风景名胜,风景名胜,胡关路东100米,北京市,北京市,平谷区,117.2497661,40.2916801
13号烽火台,风景名胜,风景名胜,风景名胜,,北京市,北京市,昌平区,116.0587746,40.28850711
居庸关,风景名胜,风景名胜,国家级景点,南口镇居庸关村216省道,北京市,北京市,昌平区,116.0667927,40.28971935
关沟风景区-悟莲谷,风景名胜,风景名胜,风景名胜,东园路,北京市,北京市,昌平区,116.0848159,40.28380956
虎峪自然风景区-天桥石洞,风景名胜,风景名胜,风景名胜,,北京市,北京市,昌平区,116.1226615,40.28107686
虎峪自然风景区-菩萨院,风景名胜,风景名胜,风景名胜,,北京市,北京市,昌平区,116.1356872,40.28129548
虎峪自然风景区-沟崖,风景名胜,风景名胜,风景名胜,,北京市,北京市,昌平区,116.1427218,40.28151967
十三陵-昭陵(装修中),风景名胜,风景名胜,世界遗产,长陵十三陵特区,北京市,北京市,昌平区,116.2117271,40.28997819
明镜昭廉明代反贪尚廉历史文化园,风景名胜,风景名胜,风景名胜,十三陵特区昭陵路昭陵内,北京市,北京市,昌平区,116.2113768,40.28760733
武圣财神庙,风景名胜,风景名胜,寺庙道观,昭陵路北100米,北京市,北京市,昌平区,116.2149409,40.28861092
十三陵天主堂,风景名胜,风景名胜,教堂,裕陵路附近,北京市,北京市,昌平区,116.2165764,40.29016218
十三陵-永陵,风景名胜,风景名胜,世界遗产,十三陵景区内,北京市,北京市,昌平区,116.2506614,40.28848873
十三陵-德陵,风景名胜,风景名胜,世界遗产,德陵路,北京市,北京市,昌平区,116.2588653,40.28819626
下庄村关帝庙,风景名胜,风景名胜,风景名胜,安四路与桃下路交叉口西北150米,北京市,北京市,昌平区,116.3583898,40.28447789
鸿燊湖,风景名胜,风景名胜相关,旅游景点,桥梓镇,北京市,北京市,怀柔区,116.4855133,40.28202934
国色天香,风景名胜,风景名胜,风景名胜,桥梓镇政府西300米,北京市,北京市,怀柔区,116.5603605,40.28861786
慧友文化广场,风景名胜,公园广场,城市广场,桥梓,北京市,北京市,怀柔区,116.5814844,40.28954812
北京市基督教会怀柔堂,风景名胜,风景名胜,教堂,一马路,北京市,北京市,怀柔区,116.6256846,40.28515186
北京完美建信影视基地,风景名胜,风景名胜,风景名胜|科教文化服务,庙城镇李两河村140号,北京市,北京市,怀柔区,116.6389063,40.2824869
中国电影旅游拍摄基地(凤和一园店),风景名胜,风景名胜相关,旅游景点,杨宋镇凤和一园8号,北京市,北京市,怀柔区,116.6662591,40.28730474
杨宋大槐树,风景名胜,风景名胜相关,旅游景点,杨宋镇怀耿路,北京市,北京市,怀柔区,116.6788241,40.2891794
凤翔公园,风景名胜,公园广场,公园,杨宋镇,北京市,北京市,怀柔区,116.6748383,40.28973576
丫髻山旅游风景区-舞剑峰,风景名胜,风景名胜,风景名胜,东邵渠镇舞剑峰,北京市,北京市,密云区,116.9568776,40.28242649
丫髻山旅游风景区-逍遥游,风景名胜,风景名胜,风景名胜,,北京市,北京市,密云区,116.96086,40.28151751
舍利塔,风景名胜,风景名胜,风景名胜,东大路与河东路交叉口东150米,北京市,北京市,密云区,116.9618508,40.29111474
摩天石,风景名胜,风景名胜,风景名胜,河东路附近,北京市,北京市,密云区,116.9608669,40.2899156
丫髻山旅游风景区-东乾涧,风景名胜,风景名胜,风景名胜,,北京市,北京市,密云区,116.9648606,40.28161883
康熙碑(丫髻山风景区),风景名胜,风景名胜,风景名胜,东邵渠镇康熙碑,北京市,北京市,密云区,116.9678478,40.2840511
洛娃森林公园蟒石,风景名胜,公园广场,公园,洛娃森林公园内,北京市,北京市,密云区,116.9747976,40.28527805
丫髻山风景区罗屏石,风景名胜,公园广场,公园|风景名胜,S204(密三路),北京市,北京市,密云区,116.9781376,40.28682992
老象山风景区,风景名胜,风景名胜,风景名胜,大华山镇,北京市,北京市,平谷区,117.0130341,40.28776063
平谷桃花观赏区,风景名胜,风景名胜相关,旅游景点,平关路,北京市,北京市,平谷区,117.0613942,40.29014772
平谷石林峡塔洼民俗村,风景名胜,风景名胜相关,旅游景点,塔洼村,北京市,北京市,平谷区,117.2658538,40.28233829
关沟风景区,风景名胜,风景名胜,风景名胜,南口镇与八达岭岭口之间,北京市,北京市,昌平区,116.1010762,40.27544993
虎峪自然风景区-通天池,风景名胜,风景名胜,风景名胜,,北京市,北京市,昌平区,116.1256588,40.27988077
虎峪自然风景区-南口峪,风景名胜,风景名胜,风景名胜,,北京市,北京市,昌平区,116.1266692,40.27758456
虎峪自然风景区-穆桂英拴马桩,风景名胜,风景名胜,风景名胜,,北京市,北京市,昌平区,116.1246673,40.27568444
虎峪自然风景区-大豹峪,风景名胜,风景名胜,风景名胜,,北京市,北京市,昌平区,116.1387076,40.27411173
虎峪自然风景区-良心池,风景名胜,风景名胜,风景名胜,,北京市,北京市,昌平区,116.1366839,40.2794984
虎峪自然风景区-溶洞,风景名胜,风景名胜,风景名胜,,北京市,北京市,昌平区,116.1326834,40.27139514
虎峪自然风景区-小白龙潭,风景名胜,风景名胜,风景名胜,,北京市,北京市,昌平区,116.1316781,40.27129271
虎峪自然风景区-西潭峪,风景名胜,风景名胜,风景名胜,,北京市,北京市,昌平区,116.1376968,40.27600673
虎峪自然风景区-烈女峰,风景名胜,风景名胜,风景名胜,南口镇虎峪自然风景区,北京市,北京市,昌平区,116.1356899,40.27610061
虎峪自然风景区-小子峪,风景名胜,风景名胜,风景名胜,,北京市,北京市,昌平区,116.133682,40.27719737
虎峪自然风景区-霍儿洞,风景名胜,风景名胜,风景名胜,南口镇虎峪自然风景区,北京市,北京市,昌平区,116.1326782,40.27239092
虎峪自然风景区-仙人台,风景名胜,风景名胜,风景名胜,,北京市,北京市,昌平区,116.1326773,40.2794964
虎峪自然风景区-潘家营,风景名胜,风景名胜,风景名胜,,北京市,北京市,昌平区,116.1336817,40.27929591
虎峪自然风景区-一线天,风景名胜,风景名胜,风景名胜,,北京市,北京市,昌平区,116.1326764,40.27129515
虎峪自然风景区-石楼,风景名胜,风景名胜,风景名胜,,北京市,北京市,昌平区,116.1316799,40.28028979
虎峪自然风景区-石盆,风景名胜,风景名胜,风景名胜,,北京市,北京市,昌平区,116.1306697,40.27978847
虎峪自然风景区-百级石阶,风景名胜,风景名胜,风景名胜,南口镇虎峪自然风景区,北京市,北京市,昌平区,116.138713,40.27841282
虎峪自然风景区-黒龙潭,风景名胜,风景名胜,风景名胜,,北京市,北京市,昌平区,116.1296744,40.27998505
虎峪自然风景区大子峪,风景名胜,公园广场,公园内部设施,,北京市,北京市,昌平区,116.1326705,40.27814068
虎峪自然风景区-羊尾巴湖,风景名胜,风景名胜,风景名胜,南口镇虎峪自然风景区,北京市,北京市,昌平区,116.1417028,40.27710494
虎峪自然风景区-高山湖,风景名胜,风景名胜,风景名胜,虎峪路附近,北京市,北京市,昌平区,116.1407188,40.27322116
汇友溏垂钓主题生态园,风景名胜,公园广场,公园,七昭路附近,北京市,北京市,昌平区,116.2276544,40.28111879
七孔桥,风景名胜,风景名胜,风景名胜|地名地址信息,泰胡路36号,北京市,北京市,昌平区,116.2340852,40.27523606
昌平七孔桥花海,风景名胜,风景名胜,风景名胜,十三陵镇,北京市,北京市,昌平区,116.2354566,40.27203518
昌平苹果主题公园,风景名胜,公园广场,公园,十三陵镇水库北路2号,北京市,北京市,昌平区,116.2405531,40.2753515
桃花谷,风景名胜,风景名胜相关,旅游景点,上王峪村西书法山旅游度假区,北京市,北京市,昌平区,116.3748883,40.2750989
北欧风情园,风景名胜,风景名胜相关,旅游景点,小汤山大柳树环岛向北14公里,北京市,北京市,昌平区,116.395584,40.27370858
帝都茅蓬,风景名胜,风景名胜,风景名胜,牛蹄岭,北京市,北京市,昌平区,116.3939237,40.27605419
大杨山国家森林公园,风景名胜,风景名胜,风景名胜,下庄,北京市,北京市,昌平区,116.453481,40.27605681
驭水山居,风景名胜,风景名胜,风景名胜,沙峪口水库南岸,北京市,北京市,怀柔区,116.4861832,40.278944
新王峪民俗村,风景名胜,风景名胜相关,旅游景点,桥梓镇,北京市,北京市,怀柔区,116.4925819,40.27610064
霍各庄万米公园,风景名胜,公园广场,公园,庙城镇霍各庄,北京市,北京市,怀柔区,116.6382552,40.27252312
凤翔寺,风景名胜,风景名胜,寺庙道观,杨宋镇仙台村547号,北京市,北京市,怀柔区,116.6732661,40.27851925
菩提谷,风景名胜,风景名胜,风景名胜,东邵渠镇小岭村,北京市,北京市,密云区,116.8708644,40.27381928
山楂谷,风景名胜,风景名胜相关,旅游景点,木邵路与河东路交叉口西南50米,北京市,北京市,密云区,116.9084742,40.27382714
丫髻山旅游风景区-翠屏峰,风景名胜,风景名胜,风景名胜,,北京市,北京市,密云区,116.9568898,40.28013896
洛娃森林公园翠屏峰,风景名胜,风景名胜相关,旅游景点,洛娃森林公园内,北京市,北京市,密云区,116.9569526,40.28013781
丫髻山旅游风景区,风景名胜,风景名胜,国家级景点,刘家店镇,北京市,北京市,平谷区,116.9630602,40.2727466
丫髻山旅游风景区-碑林,风景名胜,风景名胜,风景名胜,丫髻山风景区内,北京市,北京市,平谷区,116.9756656,40.27152752
丫髻山旅游风景区-药王殿,风景名胜,风景名胜,风景名胜,丫髻山风景区内,北京市,北京市,平谷区,116.9757342,40.27186325
丫髻山旅游风景区-万寿亭,风景名胜,风景名胜,风景名胜,丫髻山风景区内,北京市,北京市,平谷区,116.9754575,40.27147014
丫髻山旅游风景区-斗母宫遗址,风景名胜,风景名胜,风景名胜,丫髻山风景区内,北京市,北京市,平谷区,116.9750871,40.27213608
丫髻山旅游风景区-晾甲石,风景名胜,风景名胜,风景名胜,,北京市,北京市,平谷区,116.9787795,40.28096833
丫髻山旅游风景区-玉皇阁,风景名胜,风景名胜相关,旅游景点,丫髻山风景区内,北京市,北京市,平谷区,116.9761295,40.27192508
丫髻山碧霞元君祠遗址,风景名胜,风景名胜,风景名胜,北吉山村西北山,北京市,北京市,平谷区,116.9755889,40.27193366
洛娃森林公园,风景名胜,风景名胜,风景名胜,北吉山村,北京市,北京市,平谷区,116.9806134,40.280411
北京市四座楼市自然保护区,风景名胜,风景名胜,风景名胜,熊儿寨乡境内,北京市,北京市,平谷区,117.1720374,40.27597556
平谷桃花海-湖洞水(装修中),风景名胜,风景名胜,风景名胜,黄松峪乡,北京市,北京市,平谷区,117.232893,40.27125157
平谷桃花海-京东淘金谷,风景名胜,风景名胜,风景名胜,黄松峪塔洼村,北京市,北京市,平谷区,117.2569131,40.27112384
黄松峪国家矿山公园,风景名胜,公园广场,公园,黄松峪乡金矿区内,北京市,北京市,平谷区,117.2692501,40.27741731
将军关遗址,风景名胜,风景名胜,风景名胜,金海湖镇将军关村,北京市,北京市,平谷区,117.3119733,40.27549195
将军关长城,风景名胜,风景名胜,风景名胜,靠山集乡将军关村,北京市,北京市,平谷区,117.3131809,40.27542368
佛岩寺自然风景区,风景名胜,风景名胜,风景名胜,南口镇羊台子,北京市,北京市,昌平区,116.0053735,40.27101228
青龙观,风景名胜,风景名胜,寺庙道观,南羊路,北京市,北京市,昌平区,116.0754178,40.26250309
虎峪自然风景区-庙峪,风景名胜,风景名胜,风景名胜,虎峪路附近,北京市,北京市,昌平区,116.138696,40.27090339
虎峪自然风景区售票处,风景名胜,公园广场,公园内部设施,,北京市,北京市,昌平区,116.1359623,40.27042523
虎峪自然风景区-山神庙,风景名胜,风景名胜,风景名胜,南口镇虎峪自然风景区山神庙,北京市,北京市,昌平区,116.1428026,40.26988029
虎峪自然风景区管理处,政府机构及社会团体,政府机关,政府机关相关|风景名胜,虎峪路附近,北京市,北京市,昌平区,116.1407153,40.26921899
悼陵监民俗村,风景名胜,风景名胜,风景名胜,万西路附近,北京市,北京市,昌平区,116.1881765,40.26918923
十三陵-思陵,风景名胜,风景名胜,世界遗产,十三陵景区内,北京市,北京市,昌平区,116.1921356,40.26856086
雪世界,风景名胜,风景名胜,风景名胜,泰小路南50米,北京市,北京市,昌平区,116.2000655,40.26619042
中华绝技秀,风景名胜,风景名胜相关,旅游景点,润德水晶大院內,北京市,北京市,昌平区,116.218206,40.26552903
百生堂,风景名胜,风景名胜,风景名胜,泰胡路24号,北京市,北京市,昌平区,116.2237222,40.2700286
皇家艺苑小人国,风景名胜,风景名胜,风景名胜,十三陵镇胡庄村,北京市,北京市,昌平区,116.2278842,40.26914648
龙凤门,风景名胜,风景名胜,风景名胜,十三陵特区昌赤路明十三陵总神道内,北京市,北京市,昌平区,116.2232304,40.26326263
明十三陵·神路-品官,风景名胜,风景名胜,风景名胜,十三陵特区昌赤路明十三陵总神道内,北京市,北京市,昌平区,116.2221702,40.26176912
十三陵水库,风景名胜,风景名胜,风景名胜,十三陵盆地东南,北京市,北京市,昌平区,116.2456663,40.26343202
蟒山国家森林公园-蟒山塔,风景名胜,风景名胜相关,旅游景点,蟒山路2号蟒山国家森林公园内,北京市,北京市,昌平区,116.2778753,40.26992693
蟒山国家森林公园,风景名胜,风景名胜,省级景点,蟒山路2号,北京市,北京市,昌平区,116.2874347,40.26303843
沙峪口艺术广场,风景名胜,公园广场,城市广场,桥梓镇沙峪口,北京市,北京市,怀柔区,116.5087543,40.26411996
唐指山风景区,风景名胜,风景名胜,风景名胜,顺密路,北京市,北京市,顺义区,116.8069055,40.26969373
丫髻山旅游风景区-太极广场,风景名胜,公园广场,城市广场,丫髻山风景区内,北京市,北京市,平谷区,116.9762222,40.26312163
丫髻山旅游风景区-丫髻金顶,风景名胜,风景名胜,风景名胜,丫髻山风景区内,北京市,北京市,平谷区,116.9781043,40.26767317
丫髻山旅游风景区-巡山庙,风景名胜,风景名胜,风景名胜,丫髻山风景区内,北京市,北京市,平谷区,116.9752019,40.26981523
丫髻山旅游风景区-回香亭,风景名胜,风景名胜,风景名胜,丫髻山风景区内,北京市,北京市,平谷区,116.9754699,40.26798583
丫髻山旅游风景区-灵官殿,风景名胜,风景名胜,风景名胜,丫髻山风景区内,北京市,北京市,平谷区,116.9755566,40.26755767
丫髻山旅游风景区-眼光娘娘庙遗址,风景名胜,风景名胜,风景名胜,丫髻山风景区内,北京市,北京市,平谷区,116.9751025,40.26858478
丫髻山旅游风景区-御碑亭,风景名胜,风景名胜,风景名胜,丫髻山风景区内,北京市,北京市,平谷区,116.9754539,40.26877872
丫髻山旅游风景区-慈航殿,风景名胜,风景名胜,风景名胜,丫髻山风景区内,北京市,北京市,平谷区,116.9783373,40.26740054
丫髻山旅游风景区-斗法洞,风景名胜,风景名胜,风景名胜,丫髻山风景区内,北京市,北京市,平谷区,116.9749249,40.2709488
丫髻山旅游风景区-石经道,风景名胜,风景名胜,风景名胜,丫髻山风景区内,北京市,北京市,平谷区,116.9753194,40.26926201
丫髻山旅游风景区-南天门,风景名胜,风景名胜,风景名胜,丫髻山风景区内,北京市,北京市,平谷区,116.975973,40.2654039
丫髻山旅游风景区-御座石,风景名胜,风景名胜,风景名胜,丫髻山风景区内,北京市,北京市,平谷区,116.9750864,40.26977158
丫髻山旅游风景区-三官殿,风景名胜,风景名胜,风景名胜,丫髻山风景区内,北京市,北京市,平谷区,116.9753543,40.26861404
丫髻山旅游风景区-五尊菩萨殿,风景名胜,风景名胜,风景名胜,丫髻山风景区内,北京市,北京市,平谷区,116.9754619,40.26821381
双松迎宾,风景名胜,风景名胜,风景名胜,丫髻山风景区内,北京市,北京市,平谷区,116.978409,40.26715138
丫髻山旅游风景区-祈福路,风景名胜,风景名胜,风景名胜,丫髻山风景区内,北京市,北京市,平谷区,116.9760707,40.26421785
丫髻山旅游风景区-东岳庙,风景名胜,风景名胜,寺庙道观,丫髻山风景区内,北京市,北京市,平谷区,116.9755308,40.26701886
紫霄宫,风景名胜,风景名胜,风景名胜,刘家店乡北吉山村西北山,北京市,北京市,平谷区,116.9800357,40.26664865
真武殿,风景名胜,风景名胜,风景名胜,北吉山村西北山紫霄宫内,北京市,北京市,平谷区,116.9801522,40.26711721
文昌殿,风景名胜,风景名胜,风景名胜,北吉山村西北山紫霄宫内,北京市,北京市,平谷区,116.9801701,40.26695919
神桃峰,风景名胜,风景名胜,风景名胜,刘家店镇北吉山村丫髻山景区南,北京市,北京市,平谷区,116.9816253,40.2686125
财神殿,风景名胜,风景名胜相关,旅游景点,北吉山村西北山紫霄宫内,北京市,北京市,平谷区,116.9799989,40.26700969
平谷桃花海-挂甲峪民俗旅游村,风景名胜,风景名胜,风景名胜,挂甲峪路附近,北京市,北京市,平谷区,117.097769,40.26568997
平谷桃花海-挂甲峪,风景名胜,风景名胜,风景名胜,大华山镇挂甲峪村挂甲峪路,北京市,北京市,平谷区,117.097786,40.26568597
桃花林,风景名胜,风景名胜相关,旅游景点,挂甲峪村,北京市,北京市,平谷区,117.0992688,40.26477958
平谷桃花海-世外桃源,风景名胜,风景名胜相关,旅游景点,东长峪隧道与熊东路交叉口东北100米,北京市,北京市,平谷区,117.1625839,40.26416438
北京平谷国际徒步大道10KM终点,风景名胜,风景名胜相关,旅游景点,熊南路,北京市,北京市,平谷区,117.2148514,40.26811057
京东石林峡旅游区,风景名胜,风景名胜,国家级景点,雕窝村73号,北京市,北京市,平谷区,117.2333901,40.26306044
平谷桃花海-平谷湖洞水风景区(暂停营业),风景名胜,风景名胜,风景名胜,湖洞水风景区(胡关路北),北京市,北京市,平谷区,117.2484269,40.27047708
京东石林峡旅游区-观湖亭,风景名胜,风景名胜,风景名胜,刁窝村73号京东石林峡景区内,北京市,北京市,平谷区,117.240581,40.26324803
京东石林峡旅游区-崖泻天浆,风景名胜,风景名胜,风景名胜,刁窝村73号京东石林峡景区内,北京市,北京市,平谷区,117.2387407,40.26141617
石林阁,风景名胜,风景名胜,风景名胜,刁窝村73号京东石林峡景区内,北京市,北京市,平谷区,117.2398921,40.26392482
平谷桃花海-湖洞水,风景名胜,风景名胜,风景名胜,黄松峪乡黑豆峪村(距北京89公里),北京市,北京市,平谷区,117.2485469,40.27006414
平谷桃花海-黄松峪野生植物园,风景名胜,公园广场,植物园,胡关路附近,北京市,北京市,平谷区,117.2462893,40.262916
平谷桃花海-京东淘金谷,风景名胜,风景名胜,风景名胜,黄松峪塔洼村,北京市,北京市,平谷区,117.2569131,40.27112384
北京化工大学新校区图书馆南广场(建设中),风景名胜,风景名胜,风景名胜,,北京市,北京市,昌平区,116.144338,40.2511276
明十三陵·神路-长陵神功圣德碑亭,风景名胜,风景名胜,风景名胜,昌赤路明十三陵总神道内,北京市,北京市,昌平区,116.2173852,40.25381359
明十三陵·神路,风景名胜,风景名胜,世界遗产,十三陵镇神道景区内,北京市,北京市,昌平区,116.2193088,40.25692972
感恩殿,风景名胜,风景名胜,风景名胜,十三陵景区内,北京市,北京市,昌平区,116.2235553,40.25122522
长陵园民俗村,风景名胜,风景名胜,风景名胜,十三陵镇长陵园民俗村,北京市,北京市,昌平区,116.2322865,40.26072837
蟒山电力科普长廊(暂停营业),风景名胜,风景名胜,风景名胜,十三陵水库东侧,北京市,北京市,昌平区,116.2713811,40.25335851
十三陵水库纪念碑公园,风景名胜,公园广场,公园,水库路,北京市,北京市,昌平区,116.2693603,40.2517748
蟒山国家森林公园中吉人民友谊林,风景名胜,风景名胜相关,旅游景点,,北京市,北京市,昌平区,116.2750684,40.2572448
蟒山国家森林公园-彩绘长廊,风景名胜,风景名胜相关,旅游景点,蟒山路2号蟒山国家森林公园内,北京市,北京市,昌平区,116.2754025,40.25331318
蟒山国家森林公园-蜜蜂谷,风景名胜,风景名胜相关,旅游景点,蟒山路2号蟒山国家森林公园内,北京市,北京市,昌平区,116.2748499,40.2554384
蟒山国家森林公园-观音台,风景名胜,风景名胜相关,旅游景点,X037(水库北路),北京市,北京市,昌平区,116.276843,40.25877644
蟒山国家森林公园红叶区,风景名胜,风景名胜相关,旅游景点,,北京市,北京市,昌平区,116.276992,40.25771847
蟒山国家森林公园-蟒山天池景区,风景名胜,风景名胜,风景名胜,水库路东,北京市,北京市,昌平区,116.2887058,40.26078798
翠华山自然风景区,风景名胜,风景名胜,风景名胜,蟒山国家森林公园翠华山自然风景区,北京市,北京市,昌平区,116.3574177,40.25943655
正北峪自然风景区,风景名胜,风景名胜,风景名胜,安四路,北京市,北京市,昌平区,116.3519823,40.25369785
小神岭,风景名胜,风景名胜相关,旅游景点,S213(安四路),北京市,北京市,昌平区,116.3931474,40.2554325
文化墙,风景名胜,风景名胜,风景名胜,丫髻山风景区内,北京市,北京市,平谷区,116.9766406,40.26093485
平谷桃花海-龙王庙,风景名胜,风景名胜,风景名胜,挂甲峪路东150米,北京市,北京市,平谷区,117.1031853,40.25990611
平谷桃花海-三祖殿,风景名胜,风景名胜,风景名胜,挂甲峪路东150米,北京市,北京市,平谷区,117.1031302,40.26046298
平谷桃花海-玉清宝殿,风景名胜,风景名胜,风景名胜,挂甲峪路东150米,北京市,北京市,平谷区,117.1031112,40.26049596
平谷桃花海-护法殿,风景名胜,风景名胜,风景名胜,挂甲峪路东150米,北京市,北京市,平谷区,117.1031052,40.26043097
挂甲峪山庄,风景名胜,风景名胜,风景名胜,大华山镇挂甲峪村内(近六郎挂甲圣地),北京市,北京市,平谷区,117.1007964,40.25949417
京东大峡谷-神龟石,风景名胜,风景名胜,风景名胜,鱼子山村京东大峡谷内,北京市,北京市,平谷区,117.1632708,40.25186609
京东大峡谷-三龙潭(怪潭),风景名胜,风景名胜,风景名胜,鱼子山村京东大峡谷内,北京市,北京市,平谷区,117.1612821,40.25114452
京东大峡谷-卧龙洞,风景名胜,风景名胜,风景名胜,鱼子山村京东大峡谷内,北京市,北京市,平谷区,117.1618351,40.25177943
京东大峡谷-五龙潭响潭,风景名胜,风景名胜,风景名胜,鱼子山村京东大峡谷内,北京市,北京市,平谷区,117.16672,40.25486496
京东大峡谷-五龙潭响潭瀑布,风景名胜,风景名胜,风景名胜,鱼子山村京东大峡谷五龙潭(响潭)内,北京市,北京市,平谷区,117.166738,40.25492799
京东大峡谷-如来佛像,风景名胜,风景名胜,风景名胜,鱼子山村京东大峡谷内,北京市,北京市,平谷区,117.1652735,40.25326957
京东大峡谷-百灵谷,风景名胜,风景名胜,风景名胜,鱼子山村京东大峡谷内,北京市,北京市,平谷区,117.1646002,40.25305035
京东大峡谷-通天峡,风景名胜,风景名胜,风景名胜,鱼子山村京东大峡谷内,北京市,北京市,平谷区,117.1630474,40.25153074
平谷桃花海,风景名胜,风景名胜,风景名胜,胡熊路,北京市,北京市,平谷区,117.1642645,40.25342565
平谷桃花海-北美观景台,风景名胜,风景名胜,观景点,鱼井路景台山内,北京市,北京市,平谷区,117.1767503,40.25309488
平谷桃花海-井台山瞭望塔,风景名胜,风景名胜相关,旅游景点,鱼井路景台山内,北京市,北京市,平谷区,117.1774437,40.25212133
平谷桃花海-长颈鹿塑像,风景名胜,风景名胜,风景名胜,鱼井路景台山东风观景台内,北京市,北京市,平谷区,117.1784336,40.25173319
平谷桃花海-南光观景台凉亭,风景名胜,风景名胜,风景名胜,鱼井路景台山南光观景台内,北京市,北京市,平谷区,117.1790928,40.25145643
平谷桃花海-东风观景台,风景名胜,风景名胜,观景点,鱼井路景台山内,北京市,北京市,平谷区,117.1793903,40.2523228
平谷桃花海-一线天,风景名胜,风景名胜,风景名胜,刁窝村73号京东石林峡景区内,北京市,北京市,平谷区,117.2277681,40.25727798
高崖古壁(平行层理),风景名胜,风景名胜,风景名胜,刁窝村73号京东石林峡景区内,北京市,北京市,平谷区,117.228066,40.25841193
仙人塔(砂岩孤峰),风景名胜,风景名胜,风景名胜,刁窝村73号京东石林峡景区内,北京市,北京市,平谷区,117.22785,40.25765595
京东石林峡旅游区-石林画岩,风景名胜,风景名胜,风景名胜,刁窝村73号京东石林峡景区内,北京市,北京市,平谷区,117.2288141,40.25875226
京东石林峡旅游区-霞姑石,风景名胜,风景名胜,风景名胜,刁窝村73号京东石林峡景区内,北京市,北京市,平谷区,117.2359163,40.26108663
京东石林峡旅游区-云雀桥,风景名胜,风景名胜,风景名胜,刁窝村73号京东石林峡景区内,北京市,北京市,平谷区,117.2315584,40.25990135
京东石林峡旅游区-寿公石,风景名胜,风景名胜,风景名胜,刁窝村73号京东石林峡景区内,北京市,北京市,平谷区,117.2298323,40.25925069
龙壁崖(楔状交错层理),风景名胜,风景名胜,风景名胜,刁窝村73号京东石林峡景区内,北京市,北京市,平谷区,117.2296603,40.25913562
京东石林峡旅游区-锯齿崖(节理),风景名胜,风景名胜,风景名胜,刁窝村73号京东石林峡景区内,北京市,北京市,平谷区,117.2328715,40.26014783
京东石林峡旅游区-平坡嬉水,风景名胜,风景名胜,风景名胜,刁窝村73号京东石林峡景区内,北京市,北京市,平谷区,117.2353974,40.26063558
京东石林峡旅游区-雕窝,风景名胜,风景名胜,风景名胜,刁窝村73号京东石林峡景区内,北京市,北京市,平谷区,117.2312165,40.25933531
京东石林峡旅游区-地学智慧谷,风景名胜,风景名胜,风景名胜,刁窝村73号京东石林峡景区内,北京市,北京市,平谷区,117.2342104,40.26078118
京东石林峡旅游区-石林画卷,风景名胜,风景名胜,风景名胜,刁窝村73号京东石林峡景区内,北京市,北京市,平谷区,117.2310995,40.25922029
京东石林峡旅游区-醉云阁,风景名胜,风景名胜,风景名胜,刁窝村73号京东石林峡景区内,北京市,北京市,平谷区,117.2295343,40.25846769
京东石林峡旅游区-枸椒园,风景名胜,风景名胜,风景名胜,刁窝村73号京东石林峡景区内,北京市,北京市,平谷区,117.2310104,40.25984012
京东石林峡旅游区-一木千钧,风景名胜,风景名胜,风景名胜,刁窝村73号京东石林峡景区内,北京市,北京市,平谷区,117.2350274,40.26077444
京东石林峡旅游区-松香亭,风景名胜,风景名胜,风景名胜,刁窝村73号京东石林峡景区内,北京市,北京市,平谷区,117.2410172,40.26011969
平谷桃花海-雕窝村民俗旅游村,风景名胜,风景名胜相关,旅游景点,黄松峪乡深山雕窝,北京市,北京市,平谷区,117.2442201,40.25806914
平谷石林峡雕窝民俗村,风景名胜,风景名胜相关,旅游景点,黄松峪乡深山雕窝,北京市,北京市,平谷区,117.2439712,40.25816414
平谷石林峡,风景名胜,风景名胜,风景名胜,黄松峪乡雕窝村73号,北京市,北京市,平谷区,117.2431756,40.2584591
中国北车集团北京南口机车车辆机械厂-健身广场,风景名胜,公园广场,城市广场,南口镇南响路(南场住宅中区西150米),北京市,北京市,昌平区,116.1175882,40.24141625
南口记忆展览室,风景名胜,风景名胜相关,旅游景点,南口镇南厂住宅北区3号楼222,北京市,北京市,昌平区,116.1179214,40.24446903
南口法治文化公园,风景名胜,公园广场,公园,南雁路附近,北京市,北京市,昌平区,116.1310441,40.24462205
龙虎台艺麓园,风景名胜,风景名胜相关,旅游景点,南口镇龙虎台,北京市,北京市,昌平区,116.1437136,40.2416093
北京奥林射击场,体育休闲服务,运动场馆,户外健身场所|风景名胜,十三陵镇西山口村东路1号,北京市,北京市,昌平区,116.1952817,40.24845077
天养谷,风景名胜,风景名胜,风景名胜,西三口地铁站北700米,北京市,北京市,昌平区,116.1908845,40.24421458
奥林狩猎庄园(暂停营业),风景名胜,风景名胜,风景名胜,十三陵镇西山口村卧虎山西侧(近八达岭高速),北京市,北京市,昌平区,116.1975347,40.25101271
下马碑,风景名胜,风景名胜,风景名胜,十三陵特区明十三陵大红门东侧,北京市,北京市,昌平区,116.2147787,40.24792116
大宫门,风景名胜,风景名胜,风景名胜,十三陵特区昌赤路明十三陵内,北京市,北京市,昌平区,116.2148507,40.24892204
石碑坊,风景名胜,风景名胜,风景名胜,十三陵景区内,北京市,北京市,昌平区,116.2139015,40.24578865
明十三陵·神路-大红门,风景名胜,风景名胜,风景名胜,昌赤路明十三陵,北京市,北京市,昌平区,116.2147516,40.24905992
昌平十方普觉寺,风景名胜,风景名胜,寺庙道观,十三陵镇仙人洞村,北京市,北京市,昌平区,116.2390456,40.25011438
卧龙堂,风景名胜,风景名胜,风景名胜,十三陵镇水库西路卧龙堂(十三陵水库南),北京市,北京市,昌平区,116.2612841,40.2477321
十三陵水库大坝,风景名胜,风景名胜相关,旅游景点,十三陵水库内(近九龙游乐园),北京市,北京市,昌平区,116.2636235,40.2484723
圣恩禅寺,风景名胜,风景名胜,寺庙道观,崔村镇香堂文化新村10区,北京市,北京市,昌平区,116.3583005,40.2490763
静之湖森林公园,风景名胜,公园广场,公园,兴寿镇桃峪口北京静之湖度假酒店,北京市,北京市,昌平区,116.4348093,40.24680583
樱花林,风景名胜,风景名胜,风景名胜,兴寿镇桃峪口北京静之湖度假酒店,北京市,北京市,昌平区,116.4328017,40.24133854
休闲广场,风景名胜,公园广场,城市广场,府前街与怀昌路交叉口东南100米,北京市,北京市,顺义区,116.5333231,40.24563114
北京葫芦大观园,风景名胜,风景名胜相关,旅游景点,木邵路,北京市,北京市,密云区,116.9087451,40.2477432
平谷区刘家店村甜桃王龚士文,风景名胜,风景名胜相关,旅游景点,刘家店村西山(近丫髻山景区),北京市,北京市,平谷区,116.9918353,40.2487045
京东大峡谷-观音寺,风景名胜,风景名胜,寺庙道观,鱼子山村京东大峡谷内,北京市,北京市,平谷区,117.1548495,40.2475873
京东大峡谷-雁门关,风景名胜,风景名胜,风景名胜,鱼子山村京东大峡谷内,北京市,北京市,平谷区,117.1517691,40.24591103
京东大峡谷-石户同志之墓,风景名胜,风景名胜,风景名胜,鱼子山村夏鱼路鱼子山抗日战争纪念馆内,北京市,北京市,平谷区,117.1507984,40.24548336
平谷鱼子山惨案遗址,风景名胜,风景名胜,风景名胜,鱼子山村夏鱼路鱼子山抗日战争纪念馆内,北京市,北京市,平谷区,117.1508715,40.24550649
鱼子山抗日战争纪念馆,风景名胜,风景名胜,纪念馆,鱼子山村(近京东大峡谷),北京市,北京市,平谷区,117.1492217,40.24456173
京东大峡谷-船艇,风景名胜,风景名胜相关,旅游景点,山东庄镇鱼子山村京东大峡谷龙门湖内,北京市,北京市,平谷区,117.1563232,40.2481349
京东大峡谷-凉亭,风景名胜,风景名胜,风景名胜,鱼子山村京东大峡谷内,北京市,北京市,平谷区,117.1584811,40.24862979
京东大峡谷-龙门湖,风景名胜,风景名胜,风景名胜,山东庄镇鱼子山村京东大峡谷,北京市,北京市,平谷区,117.1535312,40.24688703
京东大峡谷-走钢丝终点,风景名胜,风景名胜相关,旅游景点,鱼子山村京东大峡谷内,北京市,北京市,平谷区,117.1510707,40.24651566
京东大峡谷,风景名胜,风景名胜,国家级景点,山东庄镇鱼子山村,北京市,北京市,平谷区,117.1620235,40.24380127
京东大峡谷-景台山,风景名胜,风景名胜,风景名胜,鱼井路,北京市,北京市,平谷区,117.171286,40.24563023
京东大峡谷-毛泽东塑像,风景名胜,风景名胜,风景名胜,鱼井路景台山内,北京市,北京市,平谷区,117.1710696,40.24539587
京东大峡谷-平谷凤凰台,风景名胜,风景名胜,风景名胜,山东庄镇鱼子山村,北京市,北京市,平谷区,117.171283,40.24562523
京东大峡谷-长廊,风景名胜,风景名胜,风景名胜,鱼井路景台山内,北京市,北京市,平谷区,117.1722709,40.24526413
京东大峡谷-天畅滑道,风景名胜,风景名胜,风景名胜,鱼井路,北京市,北京市,平谷区,117.1711548,40.24546002
京东大峡谷-景台山凉亭,风景名胜,风景名胜,风景名胜,鱼井路景台山内,北京市,北京市,平谷区,117.1715947,40.24479396
平谷桃花海-南光观景台,风景名胜,风景名胜,风景名胜,鱼井路景台山内,北京市,北京市,平谷区,117.1804804,40.25091402
北京鳌山国际,风景名胜,风景名胜,省级景点,杨角路附近,北京市,北京市,昌平区,116.0262079,40.23983224
中国北方国际射击场,体育休闲服务,运动场馆,运动场所|风景名胜,南口镇马坊村1号,北京市,北京市,昌平区,116.096046,40.23743996
南口公园,风景名胜,公园广场,公园,南口镇南口西大桥西侧,北京市,北京市,昌平区,116.1115386,40.23263236
宝林寺,风景名胜,风景名胜,寺庙道观,兴隆街与太平街交叉口西北50米,北京市,北京市,昌平区,116.1222247,40.23489443
河北省坝上中东草原,风景名胜,风景名胜相关,旅游景点,东大街9号院,北京市,北京市,昌平区,116.1321652,40.23986451
乐多港,风景名胜,公园广场,城市广场,城南街道邓庄村西,北京市,北京市,昌平区,116.1838811,40.23140102
乐多港假日广场,风景名胜,公园广场,城市广场,城南街道邓庄村西(西关环岛西2公里),北京市,北京市,昌平区,116.1838811,40.23140102
十三陵红高粱屯旅游观光园,风景名胜,风景名胜,风景名胜,G7京新高速附近,北京市,北京市,昌平区,116.1950614,40.23914813
石牌坊,风景名胜,风景名胜,风景名胜,十三陵景区内,北京市,北京市,昌平区,116.2134178,40.23730867
北山公园,风景名胜,公园广场,公园,中山口路北山,北京市,北京市,昌平区,116.2332186,40.23479958
香堂村公园,风景名胜,公园广场,公园,香堂村公园(香堂文化街东),北京市,北京市,昌平区,116.3605062,40.23879814
神坛倦阁,风景名胜,风景名胜相关,旅游景点,麻秦路西50米,北京市,北京市,昌平区,116.3684425,40.23162665
花水湾,风景名胜,风景名胜,风景名胜,兴寿镇桃峪口北京静之湖度假酒店,北京市,北京市,昌平区,116.4327136,40.24055654
银杏林,风景名胜,风景名胜,风景名胜,兴寿镇桃峪口北京静之湖度假酒店,北京市,北京市,昌平区,116.4322888,40.24000297
荷花池,风景名胜,风景名胜,风景名胜,兴寿镇桃峪口北京静之湖度假酒店,北京市,北京市,昌平区,116.4370422,40.24025988
桃峪口,风景名胜,风景名胜相关,旅游景点,,北京市,北京市,昌平区,116.4330186,40.23799849
桃峪口水库,风景名胜,风景名胜,风景名胜,桃下路南200米,北京市,北京市,昌平区,116.4441864,40.23728001
怀柔钓鱼岛冰雪世界,风景名胜,风景名胜相关,旅游景点,梭草村,北京市,北京市,怀柔区,116.6793032,40.23819586
北京焦庄户地道战遗址纪念馆,风景名胜,风景名胜,纪念馆,龙湾屯镇焦庄户村纪念馆路38号,北京市,北京市,顺义区,116.8641478,40.23272285
焦庄户地道战抗日纪念林,风景名胜,风景名胜,风景名胜,木邵路南50米,北京市,北京市,顺义区,116.8670406,40.23235525
陷井,风景名胜,风景名胜,风景名胜,纪念馆路北100米,北京市,北京市,顺义区,116.8650154,40.23440559
射击孔,风景名胜,风景名胜,风景名胜,纪念馆路与西四条交叉口东北150米,北京市,北京市,顺义区,116.8640185,40.23399747
会议室,风景名胜,风景名胜,风景名胜,北小巷南100米,北京市,北京市,顺义区,116.8649703,40.23527538
炮台,风景名胜,风景名胜,风景名胜,纪念馆路与西四条交叉口北200米,北京市,北京市,顺义区,116.8630124,40.23470012
炮楼指挥部,风景名胜,风景名胜,风景名胜,北小巷南50米,北京市,北京市,顺义区,116.8650133,40.23569936
翻板,风景名胜,风景名胜,风景名胜,北小巷西50米,北京市,北京市,顺义区,116.8640313,40.23541624
水井,风景名胜,风景名胜,风景名胜,纪念馆路北100米,北京市,北京市,顺义区,116.8650154,40.2343066
锅台,风景名胜,风景名胜,风景名胜,北小巷西50米,北京市,北京市,顺义区,116.8640323,40.23601314
焦庄户地道战遗址纪念馆会议室,风景名胜,公园广场,公园内部设施,北小巷西150米,北京市,北京市,顺义区,116.8637922,40.23484705
万庄子民俗旅游专业村,风景名胜,风景名胜,风景名胜,刘家店镇万庄子村,北京市,北京市,平谷区,117.0001313,40.2405197
平谷桃花海-金山观景,风景名胜,风景名胜,风景名胜,大华山,北京市,北京市,平谷区,117.04114,40.23993197
平谷桃花海-熊儿寨乡(平程路),风景名胜,风景名胜,风景名胜,平程路西50米,北京市,北京市,平谷区,117.1199601,40.23833254
平谷桃花海-翼东地委旧址,风景名胜,风景名胜相关,旅游景点,桃棚路附近,北京市,北京市,平谷区,117.1362011,40.24004087
平谷桃花海-联合县委旧址,风景名胜,风景名胜相关,旅游景点,桃棚路附近,北京市,北京市,平谷区,117.13615,40.24009778
平谷桃花海-公安科旧址,风景名胜,风景名胜相关,旅游景点,桃棚路附近,北京市,北京市,平谷区,117.1362011,40.24004687
平谷第一个党支部成立旧址,风景名胜,风景名胜相关,旅游景点,第一个党支部成立旧址,北京市,北京市,平谷区,117.1388935,40.23755554
京东大峡谷-大峡谷乐园,风景名胜,风景名胜,风景名胜,夏鱼路东50米,北京市,北京市,平谷区,117.1562965,40.23771575
平谷桃花海-灵岩寿谷,风景名胜,风景名胜,风景名胜,鱼子山村京东大峡谷内,北京市,北京市,平谷区,117.1564173,40.23367769
平谷冀东抗日根据地,风景名胜,风景名胜相关,旅游景点,山东庄镇鱼子山村,北京市,北京市,平谷区,117.1548807,40.23932387
平谷桃花海-平谷国际徒步大道,风景名胜,风景名胜,风景名胜,南独乐河镇北寨村,北京市,北京市,平谷区,117.197065,40.2349174
平谷桃花海-观音寺,风景名胜,风景名胜,寺庙道观,黄松峪乡,北京市,北京市,平谷区,117.2501989,40.23759303
溢家文化园,风景名胜,风景名胜相关,旅游景点,南口镇兴隆口村杨角路泉水鱼北侧50米,北京市,北京市,昌平区,116.0331952,40.22599098
天龙潭,风景名胜,风景名胜,风景名胜,南口镇龙潭村,北京市,北京市,昌平区,116.0470507,40.22289105
和平寺,风景名胜,风景名胜,寺庙道观,卫星城西北15公里龙凤山脚下花塔村内,北京市,北京市,昌平区,116.0584168,40.22189858
北京和平旅游景区,风景名胜,风景名胜,风景名胜,白花路北100米,北京市,北京市,昌平区,116.0597388,40.22284249
北京基督教堂南口堂,风景名胜,风景名胜,教堂,马兴路与013县道交叉口东南50米,北京市,北京市,昌平区,116.1028919,40.23051731
北京十三陵明皇蜡像宫(暂停营业),风景名胜,风景名胜,省级景点|风景名胜,西关环岛西北侧350米,北京市,北京市,昌平区,116.207782,40.2244964
博览城,风景名胜,风景名胜,风景名胜,南口路秋实家园附近,北京市,北京市,昌平区,116.2035964,40.22531287
北京十三陵明皇蜡像宫-北京明皇宫,风景名胜,风景名胜,风景名胜,西关路25号,北京市,北京市,昌平区,116.207789,40.22448341
明清宫,风景名胜,风景名胜相关,旅游景点,邓庄桥与G7京新高速交叉口东南150米,北京市,北京市,昌平区,116.2035243,40.22495284
李自成雕塑,风景名胜,风景名胜相关,旅游景点,西关环岛,北京市,北京市,昌平区,116.2105145,40.2217611
水泉沟纪念林办事处,风景名胜,风景名胜相关,旅游景点,琥珀郡大厦c座1623,北京市,北京市,昌平区,116.2139125,40.22237173
北京基督教会南口堂昌平聚会点,风景名胜,风景名胜,教堂,鼓楼西街12之28-29,北京市,北京市,昌平区,116.2246984,40.22241611
李岩岩,风景名胜,风景名胜相关,旅游景点,鼓楼西街9号楼,北京市,北京市,昌平区,116.2232945,40.22322298
Be-Bee Park,风景名胜,公园广场,公园,东关路与燕平路交叉口南150米,北京市,北京市,昌平区,116.2385228,40.22226518
毛泽东像,风景名胜,风景名胜相关,旅游景点,东关路10号,北京市,北京市,昌平区,116.2370775,40.2257993
荣荣足健康sap养生馆(北环店),风景名胜,风景名胜相关,旅游景点,北环路城北街道全聚德烤鸭东侧夜尚倾城KTV二层,北京市,北京市,昌平区,116.2303128,40.22862338
中国政法大学昌平校区-谢觉哉雕像,风景名胜,风景名胜相关,旅游景点,中国政法大学昌平校区,北京市,北京市,昌平区,116.240745,40.22121666
中国政法大学昌平校区拓荒牛,风景名胜,风景名胜,风景名胜,府学路27号中国政法大学昌平校区,北京市,北京市,昌平区,116.2418104,40.22193463
中国政法大学昌平校区法治广场,风景名胜,公园广场,城市广场,府学路27号中国政法大学昌平校区,北京市,北京市,昌平区,116.2411191,40.22233552
燕山文化广场,风景名胜,公园广场,城市广场,朝辛路,北京市,北京市,昌平区,116.3006662,40.22925022
基督教,风景名胜,风景名胜,教堂,东兴路与安四路交叉口西北100米,北京市,北京市,昌平区,116.4084258,40.22236447
北京果满地文化创意苑,风景名胜,风景名胜,风景名胜,兴寿镇辛庄村,北京市,北京市,昌平区,116.4266523,40.22126892
双泉寺,风景名胜,风景名胜,寺庙道观,,北京市,北京市,昌平区,116.4427655,40.22284861
去碑营村口,风景名胜,风景名胜相关,旅游景点,Y863(赵工路),北京市,北京市,顺义区,116.5953061,40.22928905
伟人井,风景名胜,风景名胜,风景名胜,123乡道南100米,北京市,北京市,顺义区,116.6389935,40.23103384
金牛公园,风景名胜,公园广场,公园,金牛北路,北京市,北京市,顺义区,116.6693445,40.22213747
东乌鸡村文化广场,风景名胜,公园广场,城市广场,五吉北街与205乡道交叉口西150米,北京市,北京市,顺义区,116.7264288,40.22514577
平谷桃花海-大兴隆禅寺,风景名胜,风景名胜,风景名胜,太后路,北京市,北京市,平谷区,117.1071038,40.23073969
京东大峡谷旅游区管理处,风景名胜,风景名胜,风景名胜|政府机构及社会团体,夏鱼路附近,北京市,北京市,平谷区,117.1637204,40.22379493
平谷桃花海-鱼子山民俗旅游村,风景名胜,风景名胜相关,旅游景点,山东庄镇鱼子山村夏鱼路京东大峡谷旅游区管理处附近,北京市,北京市,平谷区,117.1638427,40.22377316
京东大溶洞旅游区-白云寺,风景名胜,风景名胜,寺庙道观,黑黄路,北京市,北京市,平谷区,117.2268756,40.22861271
京东大溶洞旅游区,风景名胜,风景名胜,风景名胜,黄松峪乡黑豆峪村东侧,北京市,北京市,平谷区,117.2403381,40.225303
一脚踏三省三界碑,风景名胜,风景名胜相关,旅游景点,,北京市,北京市,平谷区,117.3832513,40.22647594
燕古长城,风景名胜,风景名胜,风景名胜,黄长路西150米,北京市,北京市,昌平区,115.8930981,40.21645532
鳌山钓鱼潭,风景名胜,风景名胜相关,旅游景点,杨角路东50米,北京市,北京市,昌平区,116.0468515,40.2200449
永安公园,风景名胜,公园广场,公园,西环南路28-4号,北京市,北京市,昌平区,116.2188577,40.2123521
三角地广场,风景名胜,公园广场,公园广场,政府街西路15号,北京市,北京市,昌平区,116.2172203,40.21931451
昌平清真寺,风景名胜,风景名胜,回教寺,三宫庙胡同,北京市,北京市,昌平区,116.2243427,40.21697274
昌平公园-永安新秀,风景名胜,风景名胜,风景名胜,鼓楼南街44号附近,北京市,北京市,昌平区,116.2280791,40.21616824
康陵卫胡同,风景名胜,风景名胜相关,旅游景点,五街康陵卫胡同,北京市,北京市,昌平区,116.2238816,40.21269908
昌平公园,风景名胜,公园广场,公园,鼓楼南街28号,北京市,北京市,昌平区,116.231064,40.21675367
学府公园,风景名胜,公园广场,公园,府学路5号,北京市,北京市,昌平区,116.2362647,40.22004204
亢山广场,风景名胜,公园广场,城市广场,亢山路与府学路交叉口东南150米,北京市,北京市,昌平区,116.2458889,40.219174
北京化工大学北校区礼仪广场,风景名胜,公园广场,公园广场,南环东路15号北京化工大学北校区,北京市,北京市,昌平区,116.2471429,40.21301282
中国政法大学昌平校区-钱端升教授雕像,风景名胜,公园广场,城市广场,府学路附近,北京市,北京市,昌平区,116.2399997,40.22083964
畅椿园,风景名胜,公园广场,公园,城北,北京市,北京市,昌平区,116.2575801,40.21517092
白浮泉公园-汀河公园,风景名胜,公园广场,公园,昌崔路附近,北京市,北京市,昌平区,116.2614617,40.21838507
昌平新城滨河森林公园石刻,风景名胜,风景名胜,风景名胜,南金路东50米,北京市,北京市,昌平区,116.2596412,40.21470882
昌平新城滨河森林公园-白浮泉石刻,风景名胜,风景名胜,风景名胜,南邵镇南环路滨河幼儿园东南450米,北京市,北京市,昌平区,116.2635849,40.21352932
何营村伯哈智墓,风景名胜,风景名胜,风景名胜,昌崔路北100米,北京市,北京市,昌平区,116.2852209,40.21935054
老磨盘民俗村,风景名胜,风景名胜相关,旅游景点,小汤山北崔村镇南庄村昌金路边(近世界草莓博览会、农业嘉年华),北京市,北京市,昌平区,116.3813445,40.21485817
古代皇城景区,风景名胜,风景名胜,风景名胜,861乡道北100米,北京市,北京市,顺义区,116.4757096,40.21901178
北郎中民俗旅游村,风景名胜,风景名胜,风景名胜,北部赵全营镇中心,北京市,北京市,顺义区,116.5965757,40.21133872
牛栏山清真寺,风景名胜,风景名胜,寺庙道观|风景名胜,牛栏山镇安乐村,北京市,北京市,顺义区,116.6530141,40.2115733
呼奴山,风景名胜,风景名胜,风景名胜,环府路附近,北京市,北京市,顺义区,116.7468957,40.21779095
月明涧,风景名胜,风景名胜相关,旅游景点,,北京市,北京市,顺义区,116.8914093,40.2201625
桃花源,风景名胜,风景名胜,风景名胜,密三路与峪胡路交叉口南150米,北京市,北京市,平谷区,117.0154348,40.21834913
平谷区桃花海主景区,风景名胜,风景名胜相关,旅游景点,峪口镇密三路北段,北京市,北京市,平谷区,117.01462,40.2206251
京东大溶洞旅游区-九龙园,风景名胜,风景名胜,风景名胜,,北京市,北京市,平谷区,117.2434504,40.22102484
永兴寺,风景名胜,风景名胜,寺庙道观,黄长路798号,北京市,北京市,昌平区,115.8966783,40.20662993
长峪城民俗村,风景名胜,风景名胜相关,旅游景点,黄长路附近,北京市,北京市,昌平区,115.8973206,40.20697184
北京仙人谷,风景名胜,风景名胜相关,旅游景点,禾仙路附近,北京市,北京市,昌平区,115.93542,40.20891327
白羊沟自然风景区,风景名胜,风景名胜,风景名胜,流村镇白羊城北禾路,北京市,北京市,昌平区,116.007208,40.2034068
昌平春秋旅游观光园,风景名胜,风景名胜,风景名胜,李流路与白花路交叉口西北100米,北京市,北京市,昌平区,116.064914,40.21058656
华彬绿色生态园,风景名胜,风景名胜,风景名胜,亭北路与温南路交叉口东南50米,北京市,北京市,昌平区,116.1128118,40.20723449
辛店村公园,风景名胜,公园广场,公园,马池口亭子庄,北京市,北京市,昌平区,116.1538513,40.20762271
赛场公园,风景名胜,公园广场,公园,综合体育馆西侧,北京市,北京市,昌平区,116.2186667,40.20993431
京津冀名胜文化休闲旅游年卡发行办公室,风景名胜,风景名胜相关,旅游景点,北控宏创科技园,北京市,北京市,昌平区,116.2251692,40.2045772
昌平新城滨河森林公园,风景名胜,公园广场,公园,南环路,北京市,北京市,昌平区,116.2627288,40.21098434
泰禾悦动公园,风景名胜,公园广场,公园,内环东路与内环西路交叉口西南100米,北京市,北京市,昌平区,116.279055,40.20381819
南邵文化广场,风景名胜,公园广场,城市广场,南环南路北,北京市,北京市,昌平区,116.2813603,40.20746668
昌平区法治文化广场,风景名胜,公园广场,城市广场,朝辛路,北京市,北京市,昌平区,116.2947892,40.21015428
九里山前古战场,风景名胜,风景名胜相关,旅游景点,崔村镇昌金路北京瑶台温泉酒店西北,北京市,北京市,昌平区,116.3149689,40.20678749
六合成观光园,风景名胜,风景名胜,风景名胜,昌金路崔村镇南庄营村南(六合农家院东侧20米),北京市,北京市,昌平区,116.3641629,40.20500592
猪鸡鹅草莓生态园,风景名胜,风景名胜相关,旅游景点,昌金路,北京市,北京市,昌平区,116.3953881,40.20346115
北郎中民俗旅游村,风景名胜,风景名胜,风景名胜,北部赵全营镇中心,北京市,北京市,顺义区,116.5965757,40.21133872
凤阳广场,风景名胜,公园广场,城市广场,榆林前街37号,北京市,北京市,顺义区,116.700901,40.20844532
白毛峪,风景名胜,风景名胜,风景名胜,X029(山丁路),北京市,北京市,顺义区,116.893402,40.20778171
巨峰夏令营,风景名胜,风景名胜相关,旅游景点,S330(昌金路),北京市,北京市,顺义区,116.9157169,40.20243253
舞彩浅山,风景名胜,风景名胜相关,旅游景点,330省道附近,北京市,北京市,顺义区,116.920297,40.20330679
顺义舞彩浅山步道,风景名胜,风景名胜,风景名胜,龙湾屯镇安利隆山庄南侧,北京市,北京市,顺义区,116.91988,40.20251037
梦凉亭广场,风景名胜,风景名胜,风景名胜,桃花海内昌金路杨家会村山脚北头凉亭,北京市,北京市,平谷区,117.0690644,40.20309387
平谷桃花海-梦凉广场,风景名胜,公园广场,城市广场,S330(昌金路),北京市,北京市,平谷区,117.0693918,40.20296556
平谷桃花海-真武庙,风景名胜,风景名胜,寺庙道观,北屯北路北50米,北京市,北京市,平谷区,117.1210996,40.20519124
绿水峡谷合作社,风景名胜,风景名胜相关,旅游景点,S330(昌金路),北京市,北京市,平谷区,117.1816536,40.20532282
峨嵋山村烈士坟,风景名胜,风景名胜,风景名胜,南独乐河镇峨嵋山村,北京市,北京市,平谷区,117.1952758,40.20930588
峨眉庄园,风景名胜,风景名胜相关,旅游景点,北寨石河桥附近,北京市,北京市,平谷区,117.2028525,40.208392
平谷桃花海-兴隆观,风景名胜,风景名胜,风景名胜,南独乐河镇峨眉山村,北京市,北京市,平谷区,117.2049008,40.21016745
三生万物,风景名胜,风景名胜相关,旅游景点,京新高速24出口水南路向西2公里西北地(华彬庄园),北京市,北京市,昌平区,116.1763119,40.19728182
慈航观,风景名胜,风景名胜,风景名胜,马池口镇百泉庄村,北京市,北京市,昌平区,116.2058282,40.19968477
白浮泉遗址,风景名胜,风景名胜相关,旅游景点,,北京市,北京市,昌平区,116.2516911,40.1951904
廊桥河谷公园,风景名胜,公园广场,公园,南丰路与怀昌路交叉口东北角,北京市,北京市,昌平区,116.2674197,40.19153741
张各庄银杏林,风景名胜,风景名胜,风景名胜,京密引水渠南侧向东500米,北京市,北京市,昌平区,116.2874567,40.19194739
水榭苹乡农家乐旅游观光园,风景名胜,风景名胜相关,旅游景点,顺沙路崔村镇(近十三陵景区航空博物馆),北京市,北京市,昌平区,116.339899,40.19157251
草莓博览园-农业嘉年华,风景名胜,风景名胜相关,旅游景点,兴寿镇香屯草莓博览馆,北京市,北京市,昌平区,116.3974803,40.19545332
肖村文化广场,风景名胜,公园广场,公园广场,后肖路北50米,北京市,北京市,昌平区,116.3969226,40.19233773
草莓博览园,风景名胜,风景名胜,风景名胜,兴寿镇安四路,北京市,北京市,昌平区,116.4000042,40.20056586
顺义奥林匹克水上公园-静水发令塔,风景名胜,风景名胜,风景名胜,白马路19号顺义奥林匹克水上公园内,北京市,北京市,顺义区,116.6871983,40.19298975
民悦广场,风景名胜,公园广场,城市广场,北小营,北京市,北京市,顺义区,116.7174911,40.19470185
北京吉祥八宝葫芦文化观光园,风景名胜,公园广场,植物园,S330(柳庄户村北口昌金路北侧),北京市,北京市,顺义区,116.8725167,40.20021292
昌金路花海,风景名胜,风景名胜相关,旅游景点,昌金路,北京市,北京市,平谷区,117.007576,40.19930599
轩辕庙遗址,风景名胜,风景名胜,风景名胜,轩辕路2号,北京市,北京市,平谷区,117.1532389,40.1925443
药王庙,风景名胜,风景名胜,寺庙道观,滑子南环路西50米,北京市,北京市,平谷区,117.2796121,40.19130284
普渡寺,风景名胜,风景名胜,寺庙道观,靠山集东路与靠郭路交叉口南50米,北京市,北京市,平谷区,117.318796,40.20050738
健身广场(中共马池口村支部委员会北),风景名胜,公园广场,城市广场,马池口村路与马池口街交叉口东南100米,北京市,北京市,昌平区,116.2086938,40.18438744
椰树,风景名胜,风景名胜相关,旅游景点,110辅线侧(近碧水风荷公园),北京市,北京市,昌平区,116.2323695,40.18207423
张各庄文体广场,风景名胜,公园广场,城市广场,张各庄北街13号附近,北京市,北京市,昌平区,116.2791946,40.19020194
人工湖,风景名胜,风景名胜,风景名胜,小汤山镇中国航空博物馆内,北京市,北京市,昌平区,116.3578369,40.18238852
利剑,风景名胜,风景名胜,风景名胜,小汤山镇中国航空博物馆内,北京市,北京市,昌平区,116.3598553,40.18426945
英雄纪念墙,风景名胜,风景名胜,风景名胜,小汤山镇中国航空博物馆内,北京市,北京市,昌平区,116.3598553,40.18426945
题词墙,风景名胜,风景名胜,风景名胜,小汤山镇中国航空博物馆内,北京市,北京市,昌平区,116.3598553,40.18426945
英雄大道,风景名胜,风景名胜,风景名胜,小汤山镇中国航空博物馆内,北京市,北京市,昌平区,116.3598553,40.18426945
歼6飞机展区,风景名胜,风景名胜相关,旅游景点,小汤山镇中国航空博物馆内,北京市,北京市,昌平区,116.3598553,40.18426945
运输机展区,风景名胜,风景名胜相关,旅游景点,小汤山镇中国航空博物馆内,北京市,北京市,昌平区,116.3598553,40.18426945
轰炸机及特种用途飞机展区,风景名胜,风景名胜相关,旅游景点,小汤山镇中国航空博物馆内,北京市,北京市,昌平区,116.3598553,40.18426945
直升机展区,风景名胜,风景名胜相关,旅游景点,小汤山镇中国航空博物馆内,北京市,北京市,昌平区,116.3598553,40.18426945
高射炮展区,风景名胜,风景名胜相关,旅游景点,小汤山镇中国航空博物馆内,北京市,北京市,昌平区,116.3598553,40.18426945
歼强机展区,风景名胜,风景名胜相关,旅游景点,小汤山镇中国航空博物馆内,北京市,北京市,昌平区,116.3598553,40.18426945
地空导弹展区,风景名胜,风景名胜相关,旅游景点,小汤山镇中国航空博物馆内,北京市,北京市,昌平区,116.3598553,40.18426945
北京奥运村原址文化,风景名胜,风景名胜相关,旅游景点,秦北路东50米,北京市,北京市,昌平区,116.4521359,40.18224766
洼里博物·乡居楼乡村文化庄园,风景名胜,风景名胜,省级景点,小汤山镇南官庄村,北京市,北京市,昌平区,116.4552884,40.18336392
多功能综合广场,风景名胜,公园广场,城市广场,光明大街与南陈路交叉口西100米附近,北京市,北京市,顺义区,116.6081844,40.18953756
顺义奥林匹克水上公园,风景名胜,风景名胜,国家级景点,白马路19号,北京市,北京市,顺义区,116.6841998,40.18130463
北京国际鲜花港-忍冬乡愁,风景名胜,风景名胜,风景名胜,杨镇鲜花港南路9号(白马路北侧)北京国际鲜花港内,北京市,北京市,顺义区,116.788825,40.18388053
北京国际鲜花港-房车基地,风景名胜,风景名胜,风景名胜,杨镇鲜花港南路9号(白马路北侧)北京国际鲜花港内,北京市,北京市,顺义区,116.78894,40.18458561
北京国际鲜花港-槭树园,风景名胜,风景名胜,风景名胜,杨镇鲜花港南路9号(白马路北侧)北京国际鲜花港内,北京市,北京市,顺义区,116.7890045,40.18190805
北京国际鲜花港-月季园,风景名胜,风景名胜,风景名胜,杨镇鲜花港南路9号(白马路北侧)北京国际鲜花港内,北京市,北京市,顺义区,116.788754,40.18308053
北京国际鲜花港-婚礼堂,风景名胜,风景名胜,风景名胜,杨镇鲜花港南路9号(白马路北侧)北京国际鲜花港情人谷内,北京市,北京市,顺义区,116.7930632,40.18327701
北京国际鲜花港-海棠园,风景名胜,风景名胜,风景名胜,杨镇鲜花港南路9号(白马路北侧)北京国际鲜花港内,北京市,北京市,顺义区,116.7927268,40.18245359
北京国际鲜花港-水车,风景名胜,风景名胜,风景名胜,杨镇鲜花港南路9号(白马路北侧)北京国际鲜花港幻花湖内,北京市,北京市,顺义区,116.793461,40.1819348
北京国际鲜花港-休闲长廊,风景名胜,风景名胜,风景名胜,杨镇鲜花港南路9号(白马路北侧)北京国际鲜花港内,北京市,北京市,顺义区,116.7892456,40.1834612
北京国际鲜花港-水杉林鼓,风景名胜,风景名胜,风景名胜,杨镇鲜花港南路9号(白马路北侧)北京国际鲜花港水杉林内,北京市,北京市,顺义区,116.7943354,40.18204116
北京国际鲜花港-竹园,风景名胜,风景名胜,风景名胜,杨镇鲜花港南路9号(白马路北侧)北京国际鲜花港内,北京市,北京市,顺义区,116.7896704,40.18211501
北京国际鲜花港-梅园,风景名胜,风景名胜,风景名胜,杨镇鲜花港南路9号(白马路北侧)北京国际鲜花港内,北京市,北京市,顺义区,116.7938566,40.18251535
北京国际鲜花港-幻花湖,风景名胜,风景名胜,风景名胜,杨镇鲜花港南路9号(北京国际鲜花港内),北京市,北京市,顺义区,116.7928241,40.1812419
北京国际鲜花港-奇石园,风景名胜,风景名胜,风景名胜,杨镇鲜花港南路9号(白马路北侧)北京国际鲜花港内,北京市,北京市,顺义区,116.7906819,40.18198753
北京国际鲜花港-竹园亭子,风景名胜,风景名胜相关,旅游景点,杨镇鲜花港南路9号(白马路北侧)北京国际鲜花港竹园内,北京市,北京市,顺义区,116.7898907,40.18219932
北京国际鲜花港-奇石园亭子,风景名胜,风景名胜相关,旅游景点,杨镇鲜花港南路9号(白马路北侧)北京国际鲜花港奇石园内,北京市,北京市,顺义区,116.7910544,40.18198709
北京国际鲜花港-梅园亭子,风景名胜,风景名胜相关,旅游景点,杨镇鲜花港南路9号(白马路北侧)北京国际鲜花港梅园内,北京市,北京市,顺义区,116.7938125,40.18240029
北京国际鲜花港-北门站,风景名胜,风景名胜相关,旅游景点,杨镇鲜花港南路9号(白马路北侧)北京国际鲜花港内,北京市,北京市,顺义区,116.7922478,40.18531548
北京国际鲜花港情人谷,风景名胜,风景名胜相关,旅游景点,杨镇鲜花港南路9号(白马路北侧)北京国际鲜花港内,北京市,北京市,顺义区,116.7932345,40.18321928
峪口广场,风景名胜,公园广场,城市广场,峪口镇,北京市,北京市,平谷区,117.0115027,40.18221676
育新苑宾馆植物园,风景名胜,公园广场,公园,金海湖西侧,北京市,北京市,平谷区,117.2859936,40.18828353
育新苑宾馆凤凰园,风景名胜,公园广场,公园,胡靠路,北京市,北京市,平谷区,117.2841948,40.18776617
金海湖-金花公主墓,风景名胜,风景名胜,风景名胜,金海湖风景区金海湖内,北京市,北京市,平谷区,117.2982652,40.18245477
北京云中阁内观中心,风景名胜,风景名胜,寺庙道观,禾子涧路,北京市,北京市,昌平区,115.9283895,40.1735184
大德寺,风景名胜,风景名胜,风景名胜,禾子涧路与老东路交叉口西北150米,北京市,北京市,昌平区,115.9234828,40.17195223
北小营基督教会,风景名胜,风景名胜,教堂,中心街附近,北京市,北京市,昌平区,116.1588358,40.18005968
私汤温泉,风景名胜,风景名胜相关,旅游景点,崔阿路,北京市,北京市,昌平区,116.3462699,40.17378371
小汤山文化广场,风景名胜,公园广场,城市广场,小汤山镇葫芦河村,北京市,北京市,昌平区,116.390971,40.17598949
根雕长廊,风景名胜,风景名胜,风景名胜,温泉路与行宫路交叉口西50米,北京市,北京市,昌平区,116.3937312,40.17906863
淑春行宫,风景名胜,风景名胜相关,旅游景点,龙脉温泉花园三区4,北京市,北京市,昌平区,116.3944202,40.17903956
恒冬行宫,风景名胜,风景名胜相关,旅游景点,龙脉温泉花园三区1,北京市,北京市,昌平区,116.3925903,40.17903879
锦秋行宫,风景名胜,风景名胜相关,旅游景点,小汤山镇龙脉温泉龙脉温泉度假村1号,北京市,北京市,昌平区,116.3929513,40.17902873
婉夏行宫,风景名胜,风景名胜相关,旅游景点,龙脉温泉花园三区3,北京市,北京市,昌平区,116.3940512,40.1790576
九华山庄温泉主题公园,风景名胜,公园广场,公园,顺沙路75号九华山庄,北京市,北京市,昌平区,116.4112989,40.17847757
撷趣池,风景名胜,风景名胜,风景名胜,顺沙路辅路北150米,北京市,北京市,昌平区,116.4126212,40.17830852
拢秀池,风景名胜,风景名胜,风景名胜,九华山庄路口西北200米,北京市,北京市,昌平区,116.4101629,40.17836286
仙侣浴洁泉,风景名胜,风景名胜,风景名胜,小汤山镇九华山庄,北京市,北京市,昌平区,116.4120064,40.17954492
仙林秋霜泉,风景名胜,风景名胜,风景名胜,小汤山镇九华山庄,北京市,北京市,昌平区,116.4118363,40.17969679
仙云飞鹤泉,风景名胜,风景名胜,风景名胜,小汤山镇九华山庄,北京市,北京市,昌平区,116.4116301,40.17939668
太后池,风景名胜,风景名胜,风景名胜,小汤山镇九华山庄,北京市,北京市,昌平区,116.4110776,40.17940031
康乐宫,风景名胜,风景名胜,风景名胜,小汤山安四路九华山庄16区B1楼,北京市,北京市,昌平区,116.4113668,40.18011541
御仙池,风景名胜,风景名胜,风景名胜,小汤山九华山庄5区,北京市,北京市,昌平区,116.4125779,40.18016725
西泉,风景名胜,风景名胜,风景名胜,小汤山九华山庄七区,北京市,北京市,昌平区,116.4100987,40.1793117
芙蓉池,风景名胜,风景名胜,风景名胜,小汤山九华山庄六区,北京市,北京市,昌平区,116.410545,40.18024186
汤泉行宫,风景名胜,风景名胜,风景名胜,沙顺路75号九华山庄九华国际会展中心大酒店B1层,北京市,北京市,昌平区,116.4130285,40.1792707
九华山庄美人鱼宫,风景名胜,风景名胜,风景名胜,小汤山镇马坊桥东500米,北京市,北京市,昌平区,116.4112589,40.17849255
五通汤,风景名胜,风景名胜,风景名胜,小汤山镇九华山庄,北京市,北京市,昌平区,116.4120095,40.17918497
五大殿,风景名胜,风景名胜,风景名胜,小汤山镇九华山庄一区,北京市,北京市,昌平区,116.4113369,40.17853959
温泉源,风景名胜,风景名胜,风景名胜,小汤山镇九华山庄,北京市,北京市,昌平区,116.4113579,40.17902254
福禄寿喜汤,风景名胜,风景名胜,风景名胜,小汤山镇九华山庄,北京市,北京市,昌平区,116.4110836,40.17919234
叠翠泉(7区),风景名胜,风景名胜,风景名胜,,北京市,北京市,昌平区,116.4102679,40.17895085
华人健康俱乐部,风景名胜,风景名胜相关,旅游景点,高丽营镇北高路99号,北京市,北京市,顺义区,116.5061345,40.17716046
南朗中关帝庙,风景名胜,风景名胜,风景名胜,光明大街132号附近,北京市,北京市,顺义区,116.5445908,40.17145514
七彩蝶,风景名胜,公园广场,公园,白马路,北京市,北京市,顺义区,116.5616331,40.1779329
荆馨公园,风景名胜,公园广场,公园,京密路与秦武姚村一街交叉口东北200米,北京市,北京市,顺义区,116.6363843,40.17848687
顺义奥林匹克水上公园-动水艇库,风景名胜,风景名胜,风景名胜,白马路19号顺义奥林匹克水上公园,北京市,北京市,顺义区,116.6830979,40.1727547
顺义奥林匹克水上公园-桨之桥,风景名胜,风景名胜,风景名胜,白马路19号顺义奥林匹克水上公园,北京市,北京市,顺义区,116.6859561,40.17328852
顺义奥林匹克水上公园-终点塔,风景名胜,风景名胜,风景名胜,白马路19号顺义奥林匹克水上公园内,北京市,北京市,顺义区,116.6867568,40.17452295
顺义奥林匹克水上公园-龙船竞渡,风景名胜,风景名胜,风景名胜,白马路19号顺义奥林匹克水上公园内,北京市,北京市,顺义区,116.6870439,40.17502139
顺义奥林匹克水上公园-静水艇库,风景名胜,风景名胜相关,旅游景点,白马路19号顺义奥林匹克水上公园内,北京市,北京市,顺义区,116.6887877,40.17156978
顺义奥林匹克水上公园-爱上水索道,风景名胜,风景名胜相关,旅游景点,北小营镇白马路(近潮白河)奥林匹克水上公园内,北京市,北京市,顺义区,116.6864877,40.18037468
北京国际鲜花港,风景名胜,风景名胜相关,旅游景点,杨镇鲜花港南路9号(白马路北侧),北京市,北京市,顺义区,116.7904988,40.18037647
沟东村文化健身广场,风景名胜,公园广场,城市广场,旺胜街与鑫鼎南街交叉口北100米,北京市,北京市,顺义区,116.8107653,40.17709501
金海湖-·花间集,风景名胜,风景名胜,风景名胜,海子中路14号,北京市,北京市,平谷区,117.2943208,40.17904284
金海湖-冰雪嘉年华,风景名胜,风景名胜相关,旅游景点,金海湖镇上宅村南金海湖旅游景区,北京市,北京市,平谷区,117.3042646,40.17246146
古城墙,风景名胜,风景名胜,风景名胜,禾子涧路,北京市,北京市,昌平区,115.9434165,40.16702768
长沟土城,风景名胜,风景名胜相关,旅游景点,东长沟村,北京市,北京市,昌平区,116.1780125,40.16641691
西沙屯村药王庙,风景名胜,风景名胜,风景名胜,沙屯路东50米,北京市,北京市,昌平区,116.2448056,40.16388369
学府公园,风景名胜,公园广场,公园,高教园北三街,北京市,北京市,昌平区,116.2583479,40.16609622
北街家园第二社区文化广场,风景名胜,公园广场,城市广场,高教园北二街北50米,北京市,北京市,昌平区,116.2521851,40.16264139
百善中心公园,风景名胜,公园广场,公园,百善村,北京市,北京市,昌平区,116.3184356,40.1703588
爱陌客会议平台,风景名胜,风景名胜相关,旅游景点,立汤路9号,北京市,北京市,昌平区,116.3937603,40.16275061
特菜大观园(东区),风景名胜,风景名胜,风景名胜,小汤山镇大柳树路,北京市,北京市,昌平区,116.4034255,40.16927283
赵裔府,风景名胜,风景名胜,风景名胜,马坡白马路临15号光翌实业工业园主楼二楼,北京市,北京市,顺义区,116.6278723,40.17035845
顺义奥林匹克水上公园-喷泉广场,风景名胜,风景名胜,风景名胜,双丰街道滨河路顺义奥林匹克水上公园,北京市,北京市,顺义区,116.686123,40.16999763
神笛陶艺村,风景名胜,风景名胜,风景名胜,奥林匹克水上公园东门斜对面,北京市,北京市,顺义区,116.6975886,40.17075846
街心公园,风景名胜,公园广场,公园,俸伯,北京市,北京市,顺义区,116.7061828,40.16404889
观音阁,风景名胜,风景名胜相关,旅游景点,木北路与环镇路交叉口西50米,北京市,北京市,顺义区,116.8141706,40.16160112
常兴寺,风景名胜,风景名胜,寺庙道观,大兴庄镇西柏店,北京市,北京市,平谷区,117.0396818,40.16634809
平谷桃花海-平谷城北湿地公园,风景名胜,公园广场,公园,平瑞街附近,北京市,北京市,平谷区,117.0999401,40.1653066
平谷区城北湿地公园,风景名胜,公园广场,公园,,北京市,北京市,平谷区,117.0999211,40.16531859
金海湖,风景名胜,风景名胜,国家级景点,韩庄镇海子村,北京市,北京市,平谷区,117.3212559,40.16402544
军都故城址,风景名胜,风景名胜,风景名胜,城西南8.5公里的土城村,北京市,北京市,昌平区,116.1770706,40.16060988
双塔樱桃园,风景名胜,风景名胜相关,旅游景点,上庄镇双塔村(双塔大桥北),北京市,北京市,海淀区,116.1884734,40.15803116
西沙屯游园,风景名胜,公园广场,公园,小大路北50米,北京市,北京市,昌平区,116.2432007,40.15965722
北街社区文化广场,风景名胜,公园广场,城市广场,北沙河西三路与小寨光前街交叉口西50米,北京市,北京市,昌平区,116.2553922,40.15662181
北京航空航天大学校训石,风景名胜,风景名胜,风景名胜,高教园南三街9北京航空航天大学沙河校区,北京市,北京市,昌平区,116.2679152,40.15276072
校训树,风景名胜,风景名胜,风景名胜,高教园中街,北京市,北京市,昌平区,116.2641474,40.15130402
南湖,风景名胜,风景名胜,风景名胜,高教园南三街9北京航空航天大学沙河校区,北京市,北京市,昌平区,116.264699,40.15139658
桃源,风景名胜,风景名胜,风景名胜,,北京市,北京市,昌平区,116.2664484,40.152763
神爱世人,风景名胜,风景名胜相关,旅游景点,秦上路西200米附近,北京市,北京市,昌平区,116.3790782,40.15287687
北京小汤山现代农业科技示范园,风景名胜,风景名胜,国家级景点,小汤山镇立汤路马坊,北京市,北京市,昌平区,116.4269665,40.15380743
马坡千亩森林公园,风景名胜,公园广场,公园,顺白路西50米,北京市,北京市,顺义区,116.634086,40.15993868
星光庄园,风景名胜,风景名胜,风景名胜,南彩镇北彩村顺密路3,北京市,北京市,顺义区,116.7152834,40.1519084
北彩健身广场,风景名胜,公园广场,城市广场,北彩村Y365,北京市,北京市,顺义区,116.7236445,40.1551464
双阳公园,风景名胜,公园广场,公园,顺平路北150米,北京市,北京市,顺义区,116.8306331,40.15131391
兴谷广场,风景名胜,公园广场,城市广场,电视塔兴谷环岛,北京市,北京市,平谷区,117.1164893,40.15670568
旺广场,风景名胜,公园广场,城市广场,兴旺环岛与兴谷路交叉口东北50米,北京市,北京市,平谷区,117.1265326,40.15689512
洙水休闲公园,风景名胜,公园广场,公园,洙水东路38号,北京市,北京市,平谷区,117.2497246,40.16021137
垤子峪,风景名胜,风景名胜,风景名胜,环湖路附近,北京市,北京市,平谷区,117.2917743,40.1553428
学梁,风景名胜,风景名胜,风景名胜,127乡道,北京市,北京市,门头沟区,115.8061153,40.14200173
北齐岭观景台,风景名胜,风景名胜,观景点,S219(南雁路),北京市,北京市,昌平区,115.8883483,40.14467458
摩崖石刻,风景名胜,风景名胜,风景名胜,沙峪乡北沟村,北京市,北京市,昌平区,116.1271505,40.14344096
西闸村公园,风景名胜,公园广场,公园,上庄路,北京市,北京市,海淀区,116.1946111,40.14632934
樱花园(高教园南三街),风景名胜,公园广场,公园,,北京市,北京市,昌平区,116.2642334,40.15059703
世纪之声,风景名胜,风景名胜,风景名胜,高教园南三街9号,北京市,北京市,昌平区,116.2652667,40.14996728
基督教堂,风景名胜,风景名胜,教堂,北沙河西一路龙康源门诊对面,北京市,北京市,昌平区,116.269436,40.14269137
寻木庄园,风景名胜,风景名胜,风景名胜,秦上路(红栌山庄南门入口处),北京市,北京市,昌平区,116.3742819,40.1439147
讲礼村娘娘庙,风景名胜,风景名胜相关,旅游景点,秦上路附近,北京市,北京市,昌平区,116.3796709,40.14418838
佰岁堂,风景名胜,风景名胜,风景名胜,小汤山镇立汤路30号北京太阳城内,北京市,北京市,昌平区,116.4124498,40.14916179
大兴寺,风景名胜,风景名胜,寺庙道观,酸枣岭村,北京市,北京市,昌平区,116.4747018,40.14906514
顺君府鲜渔庄,风景名胜,公园广场,城市广场,万万树西侧,北京市,北京市,顺义区,116.5348058,40.14590777
三家店村,风景名胜,风景名胜相关,旅游景点,河渡口,北京市,北京市,顺义区,116.6078473,40.14497311
北京顺义若翰天主堂,风景名胜,风景名胜,教堂,东杜兰村南口,北京市,北京市,顺义区,116.602329,40.1434844
于庄健身广场,风景名胜,公园广场,城市广场,于庄北大街2号,北京市,北京市,顺义区,116.8770976,40.14842223
张镇浅山公园,风景名胜,公园广场,公园,张镇大街38号附近,北京市,北京市,顺义区,116.9350324,40.1510514
闽宏盛发木景观,风景名胜,风景名胜相关,旅游景点,平谷镇北环路银河家居建材城,北京市,北京市,平谷区,117.0900494,40.14790424
平谷世纪广场,风景名胜,公园广场,城市广场,新平北路,北京市,北京市,平谷区,117.1010711,40.14237954
盘龙瀑,风景名胜,风景名胜相关,旅游景点,金乡西小区40号楼北边胡同,北京市,北京市,平谷区,117.1002706,40.14645082
燕谷公园,风景名胜,公园广场,公园,兴谷路6号,北京市,北京市,平谷区,117.1267789,40.14952824
妍山湖景区,风景名胜,风景名胜,风景名胜,南雁路与小水峪路交汇处东南150米,北京市,北京市,昌平区,115.9985743,40.13443715
棋盘山景区(小水峪路),风景名胜,风景名胜,省级景点,南雁路66号,北京市,北京市,昌平区,116.0096328,40.13348203
白虎涧森林公园,风景名胜,公园广场,公园,,北京市,北京市,昌平区,116.0719381,40.13754021
王小波之墓,风景名胜,风景名胜,风景名胜,阳坊镇佛山陵园一区,北京市,北京市,昌平区,116.1112258,40.13441308
阳坊镇药王庙,风景名胜,风景名胜相关,旅游景点,中顺街6号附近,北京市,北京市,昌平区,116.1382386,40.14021234
西贯市清真寺,风景名胜,风景名胜,回教寺,阳坊,北京市,北京市,昌平区,116.1400398,40.13492574
千峰草堂,风景名胜,风景名胜,风景名胜,环行街80号,北京市,北京市,昌平区,116.1415903,40.13884288
白水洼北,风景名胜,风景名胜相关,旅游景点,上庄路东50米,北京市,北京市,海淀区,116.198504,40.13958892
基督之家,风景名胜,风景名胜,教堂,沙河北大桥阳光花苑附近,北京市,北京市,昌平区,116.2559022,40.13134317
朝宗桥公园,风景名胜,公园广场,公园,G6辅路西50米,北京市,北京市,昌平区,116.2613057,40.13178304
巩华城展思门,风景名胜,风景名胜,风景名胜,展思路工商所对面,北京市,北京市,昌平区,116.2717859,40.13225108
翠明湖,风景名胜,风景名胜,风景名胜,百善镇半壁街,北京市,北京市,昌平区,116.3328135,40.13163748
木兰景天生态园,风景名胜,风景名胜相关,旅游景点,小汤山尚信村(奏上路),北京市,北京市,昌平区,116.38415,40.13518657
拉斐特城堡动物园,风景名胜,公园广场,动物园,沟流路98号,北京市,北京市,昌平区,116.4381282,40.13564403
生殖健康科普园,风景名胜,公园广场,公园,华美路与和平街交叉口东南200米,北京市,北京市,顺义区,116.4842022,40.14011256
魔界爬行动物主题亲子公园,风景名胜,风景名胜,风景名胜,高丽营镇西马各庄欲安路,北京市,北京市,顺义区,116.5393529,40.13383225
虎鳄农场,风景名胜,公园广场,动物园,高丽营镇西马各庄村建军街丁91号,北京市,北京市,顺义区,116.5398903,40.13410339
仁和文体广场,风景名胜,公园广场,公园广场,外环路与顺沙路交叉口西150米,北京市,北京市,顺义区,116.6222673,40.13806018
卧龙公园,风景名胜,公园广场,公园,顺白路2号,北京市,北京市,顺义区,116.6349375,40.13983452
阿诗玛,风景名胜,风景名胜,风景名胜,义宾街与站前北街交叉口西北50米,北京市,北京市,顺义区,116.6408652,40.13131778
减河公园-游船,风景名胜,公园广场,公园,右堤路减河公园内(绿港家园四区东侧),北京市,北京市,顺义区,116.6569713,40.13797111
减河公园,风景名胜,公园广场,公园,右堤路东100米,北京市,北京市,顺义区,116.6613653,40.13384214
和谐广场,风景名胜,公园广场,公园,潮白河与减河交汇处,北京市,北京市,顺义区,116.6648136,40.1329726
宪法广场,风景名胜,公园广场,城市广场,右堤路,北京市,北京市,顺义区,116.6629523,40.13768472
利成农小舍家院,风景名胜,风景名胜相关,旅游景点,汉石桥湿地公园附近(近汉石桥湿地公园木燕路),北京市,北京市,顺义区,116.7931437,40.13352175
汉石桥湿地自然保护区-高台观鸟,风景名胜,风景名胜,风景名胜,杨镇地区汉石桥村汉石桥湿地公园内,北京市,北京市,顺义区,116.8070749,40.13446909
汉石桥,风景名胜,风景名胜相关,旅游景点,275乡道东150米,北京市,北京市,顺义区,116.8047888,40.13435405
岳各庄街心公园,风景名胜,公园广场,公园,海关北街131号,北京市,北京市,平谷区,117.0837578,40.14083437
平谷区平谷滨河,风景名胜,公园广场,公园,建设西街15号,北京市,北京市,平谷区,117.0952223,40.13553166
人民公园,风景名胜,公园广场,公园,府前西街5号,北京市,北京市,平谷区,117.1011334,40.13978783
老庙(国泰百货北区),风景名胜,风景名胜相关,旅游景点,文化北街13号国泰百货北区F1层,北京市,北京市,平谷区,117.1043234,40.14033023
宫颐府(国泰百货北区),风景名胜,风景名胜相关,旅游景点,文化北街13号国泰百货北区B1层,北京市,北京市,平谷区,117.1042674,40.1404002
二林水族森森水族总代理,风景名胜,公园广场,水族馆,乐园胡同与建设街交叉口西北50米,北京市,北京市,平谷区,117.1069765,40.13574521
玖零寺,风景名胜,风景名胜相关,旅游景点,向阳南街与新平南路交叉口东150米,北京市,北京市,平谷区,117.1139439,40.13211186
东寺渠村,风景名胜,风景名胜,教堂,西高村西路132号附近,北京市,北京市,平谷区,117.1164205,40.13232014
西寺渠路,风景名胜,风景名胜,教堂,新平南路124-128号附近,北京市,北京市,平谷区,117.1126452,40.13198874
社会主义核心价值观主题公园,风景名胜,公园广场,公园广场,向阳北街与向阳南街交叉口北50米,北京市,北京市,平谷区,117.1123651,40.13935579
贤王庄菩萨庙,风景名胜,风景名胜,寺庙道观,贤王庄大街197号,北京市,北京市,平谷区,117.1687344,40.13817848
南石洋大峡谷森林公园(暂停营业),风景名胜,风景名胜,风景名胜,马套村西侧200米(109国道过雁翅往珍珠湖前行5公里),北京市,北京市,门头沟区,115.8043297,40.13070068
南石洋裂谷,风景名胜,风景名胜相关,旅游景点,604乡道,北京市,北京市,门头沟区,115.8124338,40.12855143
小延安农林小院,风景名胜,风景名胜相关,旅游景点,X210(南雁路),北京市,北京市,昌平区,115.9786673,40.12898291
北京小延安,风景名胜,风景名胜,风景名胜,流村镇高崖口南沟自然风景区内,北京市,北京市,昌平区,115.9892577,40.12525041
棋盘山风景区金马广场,风景名胜,公园广场,城市广场,流村镇棋盘山景区东100米,北京市,北京市,昌平区,116.0097336,40.12490054
后花园旅游风景度假区,风景名胜,风景名胜,省级景点,阳坊镇,北京市,北京市,昌平区,116.0885684,40.12266681
北京后花园(白虎涧)风景区,风景名胜,风景名胜,风景名胜,阳坊镇,北京市,北京市,昌平区,116.0921042,40.12654918
巩华城,风景名胜,风景名胜,风景名胜,沙河镇,北京市,北京市,昌平区,116.2735372,40.12278011
昌平新城滨河森林公园,风景名胜,公园广场,公园,南门大道巩华城东侧,北京市,北京市,昌平区,116.2935008,40.13024012
沙河水库,风景名胜,风景名胜相关,旅游景点,新亚研修学院附近,北京市,北京市,昌平区,116.3234492,40.12996949
白各庄生态湿地,风景名胜,公园广场,公园,沙河水库东,北京市,北京市,昌平区,116.3349211,40.12846484
北京昌平区沙河闸公园,风景名胜,风景名胜相关,旅游景点,沙河水库白各庄生态湿地旁沙河闸公园景区,北京市,北京市,昌平区,116.3386717,40.12926888
兄弟桃园,风景名胜,风景名胜相关,旅游景点,百善镇吕各庄村,北京市,北京市,昌平区,116.3546752,40.13047695
东沙文化广场,风景名胜,公园广场,城市广场,东北路与东沙路交叉口西北150米,北京市,北京市,昌平区,116.3946513,40.12435347
持明堂,风景名胜,风景名胜相关,旅游景点,北七家镇东沙各庄路112号206室,北京市,北京市,昌平区,116.395273,40.12630126
林园景观,风景名胜,风景名胜相关,旅游景点,立汤路东50米,北京市,北京市,昌平区,116.404253,40.12256398
北京拉斐特城堡公园,风景名胜,公园广场,公园,东北路,北京市,北京市,昌平区,116.4424596,40.13042872
未来科学城滨水公园,风景名胜,风景名胜相关,旅游景点,未来科学城内,北京市,北京市,昌平区,116.4526742,40.12217143
诚勤园林(土鸡笨蛋),风景名胜,公园广场,城市广场,天北路东50米附近,北京市,北京市,顺义区,116.5205529,40.12916342
石门B口(东北口),风景名胜,风景名胜相关,旅游景点,顺于路与顺白路交叉口东北100米,北京市,北京市,顺义区,116.6357599,40.12926527
光明文化广场,风景名胜,公园广场,城市广场,光明北街与光明南街交叉口东南100米,北京市,北京市,顺义区,116.6512782,40.12842767
北京2008城市奥运文化广场,风景名胜,公园广场,城市广场,东安路与府前东街交叉口东南50米,北京市,北京市,顺义区,116.653548,40.12856345
采风广场,风景名胜,公园广场,城市广场,南彩镇俸伯村,北京市,北京市,顺义区,116.6917752,40.13014319
河北村民俗文化体验园,风景名胜,风景名胜相关,旅游景点,南彩镇河北村,北京市,北京市,顺义区,116.7229586,40.13035747
河北村民俗文化园,风景名胜,风景名胜相关,旅游景点,河北村东路东150米,北京市,北京市,顺义区,116.7226491,40.13014474
汉石桥湿地自然保护区(暂停营业),风景名胜,风景名胜,风景名胜,木燕路灵石59号,北京市,北京市,顺义区,116.8020196,40.12205538
平谷琴湖公园,风景名胜,公园广场,公园,平三路与西寺渠早市路交叉口西南50米,北京市,北京市,平谷区,117.1033997,40.12284944
西寺渠南路,风景名胜,风景名胜,教堂,西寺渠中路与西寺渠南路交叉口西北50米,北京市,北京市,平谷区,117.1115301,40.12866614
张各庄人民公园,风景名胜,公园广场,公园,平安路,北京市,北京市,平谷区,117.1465556,40.12802085
盘龙瀑,风景名胜,风景名胜,风景名胜,南独乐河镇南山村,北京市,北京市,平谷区,117.2698639,40.12766918
天花塔,风景名胜,风景名胜,风景名胜,,北京市,北京市,门头沟区,115.8320121,40.11715579
圆正法师塔,风景名胜,风景名胜,风景名胜,田庄乡淤白村北,北京市,北京市,门头沟区,115.9139076,40.11672083
白瀑寺,风景名胜,风景名胜,寺庙道观,雁翅镇淤白村(近南雁路),北京市,北京市,门头沟区,115.9150429,40.11671287
西观音殿,风景名胜,风景名胜,风景名胜,淤白村北白瀑寺,北京市,北京市,门头沟区,115.9150409,40.11671387
白瀑念佛堂,风景名胜,风景名胜,教堂,淤白村北白瀑寺,北京市,北京市,门头沟区,115.9150409,40.11671387
龙王殿,风景名胜,风景名胜,风景名胜,淤白村北白瀑寺,北京市,北京市,门头沟区,115.9150409,40.11671387
天王殿,风景名胜,风景名胜相关,旅游景点,淤白村北白瀑寺,北京市,北京市,门头沟区,115.9150409,40.11671387
車神殿,风景名胜,风景名胜,风景名胜,淤白村北白瀑寺,北京市,北京市,门头沟区,115.9150409,40.11671387
卧佛殿,风景名胜,风景名胜,风景名胜,,北京市,北京市,门头沟区,115.9198466,40.11388141
山神庙,风景名胜,风景名胜,风景名胜,门雁翅镇淤白村,北京市,北京市,门头沟区,115.9201054,40.11398711
清凉圣境,风景名胜,风景名胜,风景名胜,,北京市,北京市,门头沟区,115.9197336,40.11469246
北京凤凰岭自然风景公园-飞来石塔,风景名胜,风景名胜,风景名胜,凤凰岭路1号北京凤凰岭自然风景公园,北京市,北京市,昌平区,116.0745643,40.11525804
北京凤凰岭自然风景公园-仰石,风景名胜,风景名胜,风景名胜,凤凰岭路1号北京凤凰岭自然风景公园,北京市,北京市,海淀区,116.0779197,40.11658754
北京凤凰岭自然风景公园-上方寺遗址,风景名胜,风景名胜,风景名胜,凤凰岭路1号北京凤凰岭自然风景公园,北京市,北京市,海淀区,116.0757782,40.11162342
北京凤凰岭自然风景公园-密宗塔,风景名胜,风景名胜,风景名胜,凤凰岭路1号北京凤凰岭自然风景公园,北京市,北京市,海淀区,116.0730227,40.11211457
北京凤凰岭自然风景公园-宫保石寨,风景名胜,风景名胜,风景名胜,凤凰岭路1号北京凤凰岭自然风景公园,北京市,北京市,海淀区,116.0778157,40.11658361
北京凤凰岭自然风景公园-甘冽泉,风景名胜,风景名胜,风景名胜,凤凰岭路1号北京凤凰岭自然风景公园北京凤凰岭自然风景公园-密宗塔附近,北京市,北京市,海淀区,116.0729208,40.11167669
北京凤凰岭自然风景公园-天梯亭,风景名胜,风景名胜,风景名胜,凤凰岭路1号北京凤凰岭自然风景公园,北京市,北京市,海淀区,116.080816,40.11558098
北京凤凰岭自然风景公园-南天门,风景名胜,风景名胜,风景名胜,苏家坨镇凤凰岭路1号北京凤凰岭自然风景公园内,北京市,北京市,海淀区,116.079007,40.11109034
北京凤凰岭自然风景公园-观音洞,风景名胜,风景名胜,风景名胜,观西侧,北京市,北京市,海淀区,116.0808921,40.11450503
北京凤凰岭自然风景公园-怡境潭,风景名胜,风景名胜,风景名胜,凤凰岭路1号北京凤凰岭自然风景公园,北京市,北京市,海淀区,116.082029,40.11413953
北京凤凰岭自然风景公园-摩崖石塔,风景名胜,风景名胜,风景名胜,凤凰岭路19号北京凤凰岭自然风景公园,北京市,北京市,海淀区,116.0837311,40.11241597
北京凤凰岭自然风景公园-乘凉石,风景名胜,风景名胜,风景名胜,凤凰岭路19号北京凤凰岭自然风景公园,北京市,北京市,海淀区,116.082968,40.11373916
北京凤凰岭自然风景公园-峰恋石,风景名胜,风景名胜,风景名胜,凤凰岭路19号北京凤凰岭自然风景公园,北京市,北京市,海淀区,116.082181,40.11390648
北京凤凰岭自然风景公园-千峯祖庭,风景名胜,风景名胜,风景名胜,凤凰岭路19号北京凤凰岭自然风景公园,北京市,北京市,海淀区,116.0808841,40.11464603
北京凤凰岭自然风景公园神泉,风景名胜,风景名胜,风景名胜,凤凰岭路19号北京凤凰岭自然风景公园,北京市,北京市,海淀区,116.0841511,40.11271279
北京凤凰岭自然风景公园-玉兔石,风景名胜,风景名胜,风景名胜,凤凰岭路19号北京凤凰岭自然风景公园,北京市,北京市,海淀区,116.082236,40.11378046
北京凤凰岭自然风景公园-仙人足迹,风景名胜,风景名胜,风景名胜,凤凰岭路19号北京凤凰岭自然风景公园,北京市,北京市,海淀区,116.084196,40.11333673
北京凤凰岭自然风景公园-风云洞,风景名胜,风景名胜,风景名胜,凤凰岭路19号北京凤凰岭自然风景公园,北京市,北京市,海淀区,116.0819369,40.11481451
北京凤凰岭自然风景公园-天梯修仙洞,风景名胜,风景名胜,风景名胜,凤凰岭路19号北京凤凰岭自然风景公园,北京市,北京市,海淀区,116.0809481,40.11492097
凤凰岭自然风景区-财神庙,风景名胜,风景名胜相关,旅游景点,凤凰岭路1号北京凤凰岭自然风景公园,北京市,北京市,海淀区,116.0858872,40.11254226
北京凤凰岭自然风景公园-曲径洞天,风景名胜,风景名胜相关,旅游景点,凤凰岭路19号北京凤凰岭自然风景公园,北京市,北京市,海淀区,116.0816263,40.11234886
凤凰岭玲珑塔,风景名胜,风景名胜相关,旅游景点,凤凰岭路19号北京凤凰岭自然风景公园,北京市,北京市,海淀区,116.0871726,40.11113306
北京凤凰岭自然风景公园-桃源观,风景名胜,风景名胜,寺庙道观,凤凰岭路19号北京凤凰岭自然风景公园,北京市,北京市,海淀区,116.0808841,40.11456203
五洲绿色生态文化园,风景名胜,公园广场,植物园,梁家园路南50米,北京市,北京市,海淀区,116.1201435,40.11245642
基督教后沙涧聚会点,风景名胜,风景名胜,教堂,温阳路,北京市,北京市,海淀区,116.1457121,40.11470302
基督教海淀堂活水分堂,风景名胜,风景名胜,教堂,温阳路西50米,北京市,北京市,海淀区,116.1460259,40.11469656
上庄水库阿斌美食休闲广场,风景名胜,公园广场,城市广场,前章村西路与前章村路交叉口北150米,北京市,北京市,海淀区,116.175806,40.11442112
东小营公园,风景名胜,公园广场,公园,上庄镇东小营甲1号,北京市,北京市,海淀区,116.2012585,40.12099162
上庄东岳庙,风景名胜,风景名胜相关,旅游景点,上庄永泰庄村,北京市,北京市,海淀区,116.2122757,40.11891664
清真寺,风景名胜,风景名胜,回教寺,昌平路200号,北京市,北京市,昌平区,116.2687699,40.11676743
沙河南休闲广场,风景名胜,公园广场,城市广场,G6辅路附近,北京市,北京市,昌平区,116.2680328,40.11526624
沙河南一休闲广场,风景名胜,公园广场,城市广场,沙河镇南一村沙河南大桥,北京市,北京市,昌平区,116.2675771,40.11603258
光华文化广场,风景名胜,公园广场,城市广场,X002(定泗路),北京市,北京市,昌平区,116.3177824,40.11246894
万福宫道观(装修中),风景名胜,风景名胜,寺庙道观,定泗路66号,北京市,北京市,昌平区,116.3562504,40.11505499
白各庄新村公园,风景名胜,公园广场,公园,白各庄新村,北京市,北京市,昌平区,116.3546994,40.1126195
郑各庄温榆公园,风景名胜,公园广场,公园,定泗路北50米,北京市,北京市,昌平区,116.3571957,40.11512161
明义精舍,风景名胜,风景名胜相关,旅游景点,苍龙街1-19号,北京市,北京市,昌平区,116.3657829,40.11693713
南无观世音菩萨,风景名胜,风景名胜,风景名胜,定泗路与白庙路交叉口西150米,北京市,北京市,昌平区,116.3836848,40.11502765
别墅庭院景观设计营造,风景名胜,风景名胜相关,旅游景点,定泗路南50米,北京市,北京市,昌平区,116.3870802,40.11439712
三堂,风景名胜,风景名胜相关,旅游景点,,北京市,北京市,昌平区,116.4087621,40.11313085
喷泉喷灌喷滴,风景名胜,风景名胜相关,旅游景点,,北京市,北京市,昌平区,116.4097142,40.11888891
回民营清真寺,风景名胜,风景名胜,回教寺,裕安路后沙峪安路,北京市,北京市,顺义区,116.5372512,40.11738108
花博会主题公园,风景名胜,公园广场,公园,酒厂东路附近,北京市,北京市,顺义区,116.5587707,40.11911616
国门1号广场,风景名胜,公园广场,城市广场,后沙峪枯柳树环岛国门1号,北京市,北京市,顺义区,116.5570828,40.11832872
潮白河水上游玩,风景名胜,风景名胜相关,旅游景点,顺平路564号,北京市,北京市,顺义区,116.6050011,40.11451674
同心广场,风景名胜,公园广场,城市广场,南嶣路与顺平路交叉口西北50米,北京市,北京市,顺义区,116.6054403,40.11691629
怡园公园,风景名胜,公园广场,公园,建新东街60号,北京市,北京市,顺义区,116.645877,40.11848732
顺义公园,风景名胜,公园广场,公园,光明南街26号,北京市,北京市,顺义区,116.6562944,40.1197811
三山园,风景名胜,公园广场,公园,光明南街与燕京桥交叉口东100米,北京市,北京市,顺义区,116.6527346,40.11744397
顺义公园管理处,风景名胜,公园广场,公园,顺平东路与300县道交叉口东北50米,北京市,北京市,顺义区,116.6540002,40.11701465
夕阳红公园,风景名胜,公园广场,公园,府前中街8号,北京市,北京市,顺义区,116.6653288,40.11131555
海岛回澜,风景名胜,公园广场,公园,顺平东路13号,北京市,北京市,顺义区,116.6604765,40.12060507
减河公园(观潮园北),风景名胜,公园广场,公园,右堤路北100米,北京市,北京市,顺义区,116.6778162,40.119741
玉兰广场,风景名胜,公园广场,城市广场,裕龙三街北200米,北京市,北京市,顺义区,116.6710148,40.11748509
汉石桥湿地自然保护区-连翘,风景名胜,风景名胜,风景名胜,杨镇地区汉石桥村汉石桥湿地公园森林公园内,北京市,北京市,顺义区,116.7875411,40.11366217
汉石桥湿地自然保护区-森林公园,风景名胜,风景名胜相关,旅游景点,杨镇地区汉石桥村汉石桥湿地公园内,北京市,北京市,顺义区,116.7971493,40.11492484
汉石桥湿地自然保护区-烟波致爽,风景名胜,风景名胜相关,旅游景点,杨镇地区汉石桥村汉石桥湿地公园森林公园内,北京市,北京市,顺义区,116.7898833,40.11402255
汉石桥湿地自然保护区-杏莲在望,风景名胜,风景名胜,风景名胜,杨镇地区汉石桥村汉石桥湿地公园森林公园内,北京市,北京市,顺义区,116.7911713,40.11323555
汉石桥湿地自然保护区-汉石桥观鸟厅,风景名胜,风景名胜相关,旅游景点,木燕路汉石桥湿地自然保护区,北京市,北京市,顺义区,116.7904531,40.11422439
汉石桥湿地自然保护区-烟波亭,风景名胜,风景名胜,风景名胜,杨镇地区汉石桥村汉石桥湿地公园水上娱乐区内,北京市,北京市,顺义区,116.7986616,40.11636321
汉石桥湿地自然保护区-双子湖公园,风景名胜,公园广场,公园,环库路与275乡道交叉口西北100米,北京市,北京市,顺义区,116.8051887,40.11705034
汉石桥湿地自然保护区-归汉亭,风景名胜,风景名胜,风景名胜,杨镇地区汉石桥村汉石桥湿地公园水上娱乐区内,北京市,北京市,顺义区,116.8021304,40.11681603
汉石桥湿地自然保护区-东方香蒲,风景名胜,风景名胜,风景名胜,杨镇地区汉石桥村汉石桥湿地公园森林公园内,北京市,北京市,顺义区,116.8000521,40.11516764
汉石桥湿地自然保护区-雷击木,风景名胜,风景名胜,风景名胜,杨镇地区汉石桥村汉石桥湿地公园内,北京市,北京市,顺义区,116.8028276,40.11693323
汉石桥湿地自然保护区-鸢尾岛,风景名胜,风景名胜相关,旅游景点,杨镇地区汉石桥村汉石桥湿地公园植物园内,北京市,北京市,顺义区,116.8013155,40.12110926
汉石桥湿地公园-水上娱乐区,风景名胜,风景名胜相关,旅游景点,杨镇地区汉石桥村汉石桥湿地公园内,北京市,北京市,顺义区,116.8019982,40.11672681
汉石桥湿地-牌坊,风景名胜,风景名胜,风景名胜,杨镇地区汉石桥村汉石桥湿地公园内,北京市,北京市,顺义区,116.8104057,40.12093934
汉石桥湿地设施管理科,风景名胜,风景名胜,风景名胜,杨镇地区汉石桥村汉石桥湿地公园内,北京市,北京市,顺义区,116.8102314,40.12083103
积善庵,风景名胜,风景名胜,寺庙道观,东赵路与东鹿角环路交叉口东南100米,北京市,北京市,平谷区,117.0904718,40.12042788
清风园,风景名胜,公园广场,公园,南埝头外环路与城南路交叉口西北50米,北京市,北京市,平谷区,117.1093364,40.11989928
高崖口顶,风景名胜,风景名胜,风景名胜,X210(高芹路),北京市,北京市,门头沟区,115.8522377,40.10246934
北京凤凰岭自然风景公园-熬狱沟,风景名胜,风景名胜,风景名胜,凤凰岭路19号北京凤凰岭自然风景公园内,北京市,北京市,海淀区,116.075746,40.10562094
北京凤凰岭自然风景公园,风景名胜,风景名胜,国家级景点,凤凰岭路19号,北京市,北京市,海淀区,116.0788289,40.10481296
北京凤凰岭自然风景公园-杏花村,风景名胜,风景名胜,风景名胜,苏家坨镇凤凰岭路1号北京凤凰岭自然风景公园内,北京市,北京市,海淀区,116.0888829,40.10420431
北京凤凰岭自然风景公园-凤凰亭,风景名胜,风景名胜,风景名胜,苏家坨镇凤凰岭路1号北京凤凰岭自然风景公园内,北京市,北京市,海淀区,116.0888302,40.1094719
北京凤凰岭自然风景公园观光车站(凤凰岭路),风景名胜,风景名胜相关,旅游景点,苏家坨镇凤凰岭路1号北京凤凰岭自然风景公园内,北京市,北京市,海淀区,116.0913058,40.10317518
国家地震紧急救援队陈列馆,风景名胜,风景名胜,纪念馆,台头村路10号,北京市,北京市,海淀区,116.0910059,40.10922271
北京凤凰岭自然风景公园-石牌楼,风景名胜,风景名胜相关,旅游景点,苏家坨镇凤凰岭路1号北京凤凰岭自然风景公园,北京市,北京市,海淀区,116.0931196,40.10378314
一行禅舍,风景名胜,风景名胜相关,旅游景点,凤凰岭路附近,北京市,北京市,海淀区,116.1012165,40.10450583
同泽春园,风景名胜,公园广场,公园,苏二路与苏四路交叉口西南150米,北京市,北京市,海淀区,116.1356702,40.10207873
北京顺海农业观光园,风景名胜,公园广场,植物园,稻香湖西路28号附近(近稻香湖),北京市,北京市,海淀区,116.1435891,40.10241041
翠湖国家城市湿地公园(暂停营业),风景名胜,公园广场,公园,上庄翠湖水乡翠湖北路,北京市,北京市,海淀区,116.1802427,40.10223313
观听堂,风景名胜,风景名胜,风景名胜,上庄村海至丹酒店东100米,北京市,北京市,海淀区,116.2009436,40.10687637
几米多肉植物园艺基地,风景名胜,风景名胜相关,旅游景点,上庄皂甲屯村,北京市,北京市,海淀区,116.2201057,40.10740623
北京亿城大学花草公园,风景名胜,公园广场,公园,南沙河东路西100米,北京市,北京市,海淀区,116.2342226,40.10564182
金地观光园,风景名胜,风景名胜,风景名胜,南沙河东路西50米,北京市,北京市,海淀区,116.2295063,40.10665271
观音古刹,风景名胜,风景名胜,寺庙道观,七小路与七里渠南工业园路交叉口北150米,北京市,北京市,昌平区,116.3210207,40.10672219
娘娘庙(白各庄新村西区西北),风景名胜,风景名胜,寺庙道观,,北京市,北京市,昌平区,116.3427515,40.10920836
喷泉广场,风景名胜,公园广场,城市广场,郑平路旁边,北京市,北京市,昌平区,116.3477534,40.10719697
须弥山舍,风景名胜,风景名胜相关,旅游景点,七北路,北京市,北京市,昌平区,116.3439789,40.10107487
温都水城旅游景区水城广场,风景名胜,公园广场,城市广场|购物服务,温都水城旅游景区内,北京市,北京市,昌平区,116.3655876,40.10583829
秀水湖公园,风景名胜,公园广场,公园,上承路附近,北京市,北京市,昌平区,116.3673555,40.11050485
温都水城旅游景区平西王府,风景名胜,风景名胜,国家级景点,北七家镇平西王府村,北京市,北京市,昌平区,116.3652127,40.10152208
火炬广场,风景名胜,公园广场,城市广场,宏福路郑上路交汇处,北京市,北京市,昌平区,116.3655381,40.10982403
水城国际文化广场,风景名胜,公园广场,城市广场,北七家镇王府街55号,北京市,北京市,昌平区,116.3654399,40.10533051
北京基督教会南口堂宏福苑聚会点,风景名胜,风景名胜,教堂,郑上路附近,北京市,北京市,昌平区,116.3614972,40.11017509
温都水城旅游景区康熙行宫,风景名胜,风景名胜,风景名胜,宏福大道,北京市,北京市,昌平区,116.3645177,40.10164792
水城阳关健身会所,风景名胜,风景名胜相关,旅游景点,北七家镇温都水城永辉超市三楼,北京市,北京市,昌平区,116.3654949,40.10482148
嘉兴园林景观防腐木铁艺庭院设计,风景名胜,风景名胜相关,旅游景点,上承路与北清路交叉口北150米,北京市,北京市,昌平区,116.3730827,40.10116864
观鱼赏花,风景名胜,风景名胜相关,旅游景点,白庙路475号附近,北京市,北京市,昌平区,116.3836152,40.10493952
人民雕塑家张德华纪念馆,风景名胜,风景名胜,纪念馆,白庙路东100米,北京市,北京市,昌平区,116.3861006,40.10643819
墨亭阁,风景名胜,风景名胜相关,旅游景点,S327(定泗路),北京市,北京市,昌平区,116.3957522,40.10972968
水韵风情庄园广场,风景名胜,公园广场,城市广场,立汤路东100米,北京市,北京市,昌平区,116.4066172,40.10821417
鲜花微景观,风景名胜,风景名胜相关,旅游景点,名佳花园四区2号附近,北京市,北京市,昌平区,116.4208102,40.10149574
北七家台,风景名胜,风景名胜相关,旅游景点,,北京市,北京市,昌平区,116.4312165,40.10784993
香花广场,风景名胜,公园广场,城市广场,裕华路香花畦家园中航空港大酒店,北京市,北京市,顺义区,116.5447659,40.10830283
佩苍庐,风景名胜,风景名胜相关,旅游景点,石园北区85号楼权金城11层,北京市,北京市,顺义区,116.6538334,40.11115146
AMB广场,风景名胜,公园广场,城市广场,仓上街与通顺路交叉口西南50米,北京市,北京市,顺义区,116.6526437,40.1108127
仁和公园,风景名胜,公园广场,公园,集汇大街南100米,北京市,北京市,顺义区,116.6657345,40.10495229
半截塔,风景名胜,风景名胜相关,旅游景点,紫竹园南路20号院,北京市,北京市,顺义区,116.6755581,40.10773526
顺义新城滨河森林公园-滨河文化园,风景名胜,公园广场,公园,,北京市,北京市,顺义区,116.7026476,40.10855922
森林游憩园,风景名胜,公园广场,公园,顺平南线南50米,北京市,北京市,顺义区,116.7183016,40.10161903
顺义新城滨河森林公园,风景名胜,风景名胜,风景名胜,东方太阳城旁,北京市,北京市,顺义区,116.7108285,40.10716062
新城滨河森林公园-湿地展示园,风景名胜,公园广场,公园,左堤路五州度假村西北150米,北京市,北京市,顺义区,116.7275449,40.109878
文峰塔,风景名胜,风景名胜,风景名胜,东高村镇东高村,北京市,北京市,平谷区,117.1268428,40.1058604
北京嗨谷汽车公园,风景名胜,公园广场,公园,安固村夏大路南山1号,北京市,北京市,平谷区,117.1733099,40.10953058
豪霆北京嗨谷汽车公园,风景名胜,风景名胜相关,旅游景点,安固村夏大路南山1号,北京市,北京市,平谷区,117.1804712,40.10144025
盘山风景名胜区-钟亭,风景名胜,风景名胜,风景名胜,,北京市,北京市,平谷区,117.268024,40.1047569
盘山风景名胜区-自来峰,风景名胜,风景名胜相关,旅游景点,官庄盘山风景名胜区内,北京市,北京市,平谷区,117.2681118,40.10474083
怪石,风景名胜,风景名胜相关,旅游景点,蓟州区盘山风景区内,北京市,北京市,平谷区,117.2672921,40.10491055
菩萨寺,风景名胜,风景名胜,风景名胜,,北京市,北京市,昌平区,115.9754485,40.10060876
菩萨山风景区,风景名胜,风景名胜相关,旅游景点,流村镇菩萨鹿,北京市,北京市,昌平区,115.9756728,40.09989317
北京凤凰岭自然风景公园-黄普院,风景名胜,风景名胜,风景名胜,凤凰岭路1号北京凤凰岭自然风景公园,北京市,北京市,海淀区,116.072115,40.09903041
北京凤凰岭自然风景公园-金刚石塔,风景名胜,风景名胜,风景名胜,凤凰岭路1号北京凤凰岭自然风景公园,北京市,北京市,海淀区,116.0722299,40.09883532
明照洞瑞云庵遗址,风景名胜,风景名胜,风景名胜,凤凰岭路1号北京凤凰岭自然风景公园,北京市,北京市,海淀区,116.072176,40.09881237
北京凤凰岭自然风景公园-朝阳洞,风景名胜,风景名胜,风景名胜,凤凰岭路1号北京凤凰岭自然风景公园,北京市,北京市,海淀区,116.0753129,40.10042767
关帝庙,风景名胜,风景名胜,寺庙道观,聂各庄,北京市,北京市,海淀区,116.0882631,40.09374821
吕祖洞,风景名胜,风景名胜,风景名胜,河乡车耳营村西,北京市,北京市,海淀区,116.0836377,40.09278454
北京凤凰岭自然风景公园-白蟒岭,风景名胜,风景名胜,风景名胜,凤凰岭路1号北京凤凰岭自然风景公园,北京市,北京市,海淀区,116.0797773,40.09974981
上洞,风景名胜,风景名胜,风景名胜,车耳营村附近,北京市,北京市,海淀区,116.0826407,40.09278494
车耳营,风景名胜,风景名胜,风景名胜,车耳营村,北京市,北京市,海淀区,116.0856577,40.09310185
北京凤凰岭自然风景公园-磨镰石河,风景名胜,风景名胜相关,旅游景点,苏家坨镇凤凰岭路1号北京凤凰岭自然风景公园,北京市,北京市,海淀区,116.0846829,40.09866173
北京凤凰岭自然风景公园-神蛙石,风景名胜,风景名胜相关,旅游景点,苏家坨镇凤凰岭路1号北京凤凰岭自然风景公园,北京市,北京市,海淀区,116.0831237,40.10026218
北京凤凰岭自然风景公园-南线景区,风景名胜,风景名胜相关,旅游景点,苏家坨镇凤凰岭路1号北京凤凰岭自然风景公园,北京市,北京市,海淀区,116.0838286,40.10089486
北京凤凰岭自然风景公园-石佛殿,风景名胜,风景名胜相关,旅游景点,苏家坨镇凤凰岭路1号北京凤凰岭自然风景公园,北京市,北京市,海淀区,116.0854539,40.09887448
耳营民俗旅游村,风景名胜,风景名胜相关,旅游景点,苏家坨镇车耳营村村民委员会,北京市,北京市,海淀区,116.0846936,40.09349112
北京凤凰岭自然风景公园北魏石佛,风景名胜,风景名胜,风景名胜,车耳营路2号,北京市,北京市,海淀区,116.0855789,40.09903943
海淀区农业观光园,风景名胜,风景名胜,风景名胜,温泉镇白家疃村西,北京市,北京市,海淀区,116.09728,40.09778015
北京凤凰岭中鸿绿洲观光园,风景名胜,风景名胜,风景名胜,聂各庄路47号,北京市,北京市,海淀区,116.1082398,40.09480428
前沙涧桥与前孙公园东夹道交叉口,风景名胜,公园广场,公园,西六环出口和西六环入口的交叉口附近,北京市,北京市,海淀区,116.1524336,40.09678228
稻香湖温泉馆玛雅岛,风景名胜,风景名胜,风景名胜,苏家坨稻香湖温泉,北京市,北京市,海淀区,116.1783157,40.09235041
稻香湖,风景名胜,公园广场,公园,稻香湖路,北京市,北京市,海淀区,116.1753918,40.09148415
稻香湖温泉馆-稻香湖湿地,风景名胜,公园广场,公园,稻香湖路,北京市,北京市,海淀区,116.1755292,40.09131042
稻香湖生态园,风景名胜,风景名胜相关,旅游景点,苏家坨稻香湖路28号稻香湖温泉馆,北京市,北京市,海淀区,116.1733235,40.09562704
药食不分植物园,风景名胜,公园广场,植物园,马坊中路南50米,北京市,北京市,海淀区,116.1996465,40.10056801
上庄街心花园,风景名胜,公园广场,公园,上庄家园西路西50米,北京市,北京市,海淀区,116.209093,40.093852
上庄家园广场,风景名胜,公园广场,城市广场,上庄家园小区内,北京市,北京市,海淀区,116.2135507,40.09634784
冷冻库十万级,风景名胜,风景名胜,风景名胜,生命园路1号北京大学国际医院门诊楼F5,北京市,北京市,昌平区,116.2577975,40.09953193
观察室,风景名胜,风景名胜相关,旅游景点,生命园路1号北京大学国际医院门诊楼F5,北京市,北京市,昌平区,116.2579894,40.09937483
侧听室,风景名胜,风景名胜相关,旅游景点,生命园路1号北京大学国际医院门诊楼F1,北京市,北京市,昌平区,116.2584592,40.09976954
生命园体育文化广场,风景名胜,公园广场,城市广场,生命园中路26号附近,北京市,北京市,昌平区,116.274309,40.09327166
悠游堂,风景名胜,风景名胜相关,旅游景点,回龙观北清路1号楼1号院永旺商城购物中心,北京市,北京市,昌平区,116.2834743,40.09504012
大智辟谷禅,风景名胜,风景名胜,寺庙道观,北清路5号,北京市,北京市,昌平区,116.2794216,40.09211669
清真寺,风景名胜,风景名胜,回教寺|风景名胜,东小口镇小辛庄村29号,北京市,北京市,昌平区,116.3683344,40.09381106
未央亭,风景名胜,风景名胜,风景名胜,王府街55号附近,北京市,北京市,昌平区,116.3657091,40.10061456
天鹅湖,风景名胜,风景名胜相关,旅游景点,七北路,北京市,北京市,昌平区,116.3969166,40.09925152
梁宅,风景名胜,风景名胜相关,旅游景点,立汤路西100米,北京市,北京市,昌平区,116.4054373,40.09378477
画中园25号,风景名胜,风景名胜相关,旅游景点,,北京市,北京市,昌平区,116.4016003,40.09509345
财谷资管,风景名胜,风景名胜,风景名胜,回南路256号附近,北京市,北京市,昌平区,116.4110355,40.09392174
昌平区法制文化广场,风景名胜,公园广场,城市广场,七北路与七星路交叉口西150米,北京市,北京市,昌平区,116.4258525,40.09971794
清锦源·体育公园,风景名胜,公园广场,公园,火沙路北600米,北京市,北京市,顺义区,116.4839525,40.09819849
罗马湖公园,风景名胜,公园广场,公园,后沙峪镇罗马湖左堤路,北京市,北京市,顺义区,116.517767,40.09976231
罗马湖,风景名胜,风景名胜相关,旅游景点,,北京市,北京市,顺义区,116.5151226,40.10086387
龙道河文化广场,风景名胜,公园广场,城市广场,中粮祥云小区旁,北京市,北京市,顺义区,116.5264288,40.09223594
老道河文化广场,风景名胜,公园广场,城市广场,中粮祥云小区旁龙道河文化广场附近,北京市,北京市,顺义区,116.5265893,40.09230635
龙腾世纪文化广场,风景名胜,公园广场,城市广场,后沙峪(政府路口),北京市,北京市,顺义区,116.5354261,40.10099725
红领巾组雕,风景名胜,风景名胜,风景名胜,后沙峪镇裕民大街32号,北京市,北京市,顺义区,116.5386944,40.09879181
蒋忠洞,风景名胜,风景名胜相关,旅游景点,仁和双平西街57号,北京市,北京市,顺义区,116.6508891,40.09809295
顺义新城森林公园游憩园,风景名胜,风景名胜相关,旅游景点,顺平南线南50米,北京市,北京市,顺义区,116.7184796,40.09884207
和谐广场,风景名胜,公园广场,城市广场,李遂镇沟北村南,北京市,北京市,顺义区,116.7596913,40.09888481
尹家府抗战大捷纪念馆,风景名胜,风景名胜,纪念馆,大孙各庄镇四福通大街110号,北京市,北京市,顺义区,116.8775476,40.09358245
顺义区全国劳模纪念馆,风景名胜,风景名胜,纪念馆,四福通大街110号,北京市,北京市,顺义区,116.8775096,40.09366042
永定河珍珠湖段漂流,风景名胜,风景名胜,风景名胜,008县道,北京市,北京市,门头沟区,115.751477,40.08775012
山神庙村中德友谊纪念馆,风景名胜,风景名胜,纪念馆,雁翅镇山神庙村,北京市,北京市,门头沟区,115.852581,40.08241031
高台民俗旅游村,风景名胜,风景名胜相关,旅游景点,高台路附近,北京市,北京市,门头沟区,115.9193032,40.08882993
天盛湖生态风景区,风景名胜,风景名胜,风景名胜,南雁路,北京市,北京市,门头沟区,115.9301233,40.09067075
醇亲王墓,风景名胜,风景名胜,风景名胜,七王坟路,北京市,北京市,海淀区,116.0625524,40.08170126
七王坟(暂停营业),风景名胜,风景名胜,风景名胜,北安河西北侧(妙高峰古香道旁),北京市,北京市,海淀区,116.0789709,40.08107962
紫云台香草园,风景名胜,风景名胜相关,旅游景点,七王坟村七王坟路,北京市,北京市,海淀区,116.0867551,40.08326026
苏家坨柳林村二月兰花海,风景名胜,风景名胜相关,旅游景点,苏家坨西路西50米,北京市,北京市,海淀区,116.1353751,40.09007118
稻香湖温泉馆,风景名胜,风景名胜相关,旅游景点|体育休闲服务,苏家坨稻香湖路28号,北京市,北京市,海淀区,116.1772941,40.0904867
稻香湖温泉馆-乡村动物园,风景名胜,公园广场,动物园,南沙河西路附近,北京市,北京市,海淀区,116.1819247,40.090534
西马坊油菜花,风景名胜,风景名胜,风景名胜,西马坊路,北京市,北京市,海淀区,116.1985395,40.0883263
回龙园,风景名胜,公园广场,公园,龙禧三街,北京市,北京市,昌平区,116.3187521,40.08157342
北京基督教会南口堂回龙观以勒点,风景名胜,风景名胜,教堂,回龙园公园北门,北京市,北京市,昌平区,116.3193516,40.0825762
回龙园-基督教堂,风景名胜,风景名胜,教堂,回龙园公园北门,北京市,北京市,昌平区,116.3196899,40.08253755
回龙园-回龙观公园,风景名胜,公园广场,公园广场,龙禧三街回龙观小区(育知路口),北京市,北京市,昌平区,116.3193047,40.08305126
回龙园(龙禧三街),风景名胜,公园广场,公园,回龙观附近,北京市,北京市,昌平区,116.3349709,40.08272043
回龙园东区,风景名胜,公园广场,公园,龙禧三街北100米,北京市,北京市,昌平区,116.3352911,40.08263384
北店嘉园-文化广场,风景名胜,公园广场,城市广场,龙禧三街北150米,北京市,北京市,昌平区,116.329169,40.08266735
北京基督教会南口堂流星花园聚会点,风景名胜,风景名胜,教堂,流星花园三区39,北京市,北京市,昌平区,116.3346628,40.08832061
冉冉海洋世界,风景名胜,公园广场,水族馆,文华路雅酷儿童世界二楼6号,北京市,北京市,昌平区,116.3369938,40.08672141
育新国际学前部活动场地,风景名胜,公园广场,城市广场,文华东路与龙锦一街交叉口南150米,北京市,北京市,昌平区,116.3425109,40.08685249
半塔郊野公园,风景名胜,公园广场,公园,回南路北100米,北京市,北京市,昌平区,116.3841012,40.08684962
彭雪枫将军纪念馆驻京联络处,风景名胜,风景名胜,风景名胜,北七家镇七星路,北京市,北京市,昌平区,116.4311878,40.08230779
后沙峪公园,风景名胜,风景名胜,风景名胜,,北京市,北京市,顺义区,116.4797559,40.08142143
梦想工厂运动公园,风景名胜,风景名胜相关,旅游景点,中粮祥云国际生活区(南门)13-105号,北京市,北京市,顺义区,116.5297776,40.09043051
北京顺鑫绿色度假村,风景名胜,风景名胜相关,旅游景点,李遂镇西,北京市,北京市,顺义区,116.7330043,40.0819492
李遂村人口文化园,风景名胜,风景名胜相关,旅游景点,南孙路与李魏路交叉口东100米,北京市,北京市,顺义区,116.7512405,40.08521733
柴家岭,风景名胜,风景名胜相关,旅游景点,S331(顺平南线),北京市,北京市,顺义区,116.9301124,40.09092984
无粱阁,风景名胜,风景名胜,风景名胜,大孙各庄镇顾家庄村,北京市,北京市,顺义区,116.9478903,40.08926942
珍珠湖景区(暂停营业),风景名胜,风景名胜,风景名胜,雁翅镇,北京市,北京市,门头沟区,115.7693438,40.07973127
京西山区中共第一党支部纪念馆,风景名胜,风景名胜,纪念馆,南雁路与田南路交叉口北50米,北京市,北京市,门头沟区,115.8977816,40.07878808
南山峡谷,风景名胜,风景名胜,风景名胜,南雁路与田南路交叉口北50米京西山区中共第一党支部纪念馆附近,北京市,北京市,门头沟区,115.8982378,40.07859805
金顶妙峰山-妙峰古道,风景名胜,风景名胜相关,旅游景点,妙峰山,北京市,北京市,门头沟区,116.0140012,40.07244213
妙峰山玫瑰梯田观景平台,风景名胜,风景名胜,风景名胜,,北京市,北京市,门头沟区,116.0412753,40.07686292
千亩玫瑰园景区,风景名胜,风景名胜,风景名胜,002县道,北京市,北京市,门头沟区,116.0453071,40.07833739
妙高峰,风景名胜,风景名胜,风景名胜,,北京市,北京市,海淀区,116.0608808,40.07224814
龙潭谷景区,风景名胜,风景名胜,风景名胜,七王坟路,北京市,北京市,海淀区,116.0824969,40.07594517
中法友谊亭,风景名胜,风景名胜,风景名胜,龙潭谷景区内,北京市,北京市,海淀区,116.0850851,40.07394634
孚郡王墓,风景名胜,风景名胜,风景名胜,北安河乡北,北京市,北京市,海淀区,116.1083676,40.07389481
北京西山森林音乐谷,风景名胜,公园广场,公园,西山森林音乐谷(七王坟路南),北京市,北京市,海淀区,116.1015612,40.07824087
九王坟院,风景名胜,风景名胜,风景名胜,北安河路西50米,北京市,北京市,海淀区,116.1116173,40.07280726
香岩寺,风景名胜,风景名胜,寺庙道观,永丰屯村,北京市,北京市,海淀区,116.2178449,40.07145781
回龙观广本,风景名胜,风景名胜相关,旅游景点,回龙观欧德宝国际汽车城,北京市,北京市,昌平区,116.2992438,40.07354297
回龙园-水景公园,风景名胜,公园广场,公园,回龙观风雅园二区对面,北京市,北京市,昌平区,116.3177415,40.0809484
洋陆啸遗廊,风景名胜,风景名胜相关,旅游景点,回龙观西大街111号华联商厦(冠庭园东南)2层,北京市,北京市,昌平区,116.3129951,40.07464687
回龙观体育公园,风景名胜,公园广场,公园,回龙观西大街南侧,北京市,北京市,昌平区,116.3357877,40.07759526
回龙观法治主题公园,风景名胜,公园广场,公园广场,回龙观西大街北50米,北京市,北京市,昌平区,116.3354712,40.07931473
西四社区文化广场,风景名胜,公园广场,城市广场,太平庄北街与立汤路交叉口西南200米,北京市,北京市,昌平区,116.4067143,40.07661353
赏心亭,风景名胜,风景名胜相关,旅游景点,天通苑西三区北门2号楼附近,北京市,北京市,昌平区,116.399848,40.07759833
人口文化广场,风景名胜,公园广场,城市广场,太平庄北街天通北苑二区,北京市,北京市,昌平区,116.4192964,40.075388
恐龙园,风景名胜,公园广场,公园,滨河路,北京市,北京市,朝阳区,116.4914307,40.0749813
优山美地河堤公园,风景名胜,公园广场,公园,优山美地A区北京市顺义区后沙裕榆阳路,北京市,北京市,顺义区,116.5151523,40.07192299
快乐猩猩树上穿越(顺义店),体育休闲服务,休闲场所,游乐场|风景名胜,李遂镇顺鑫绿色度假村内(近潮白河畔),北京市,北京市,顺义区,116.732984,40.07669956
北京康鑫源生态农业观光园,风景名胜,风景名胜,风景名胜,木北路,北京市,北京市,顺义区,116.8198345,40.07253444
顺义向日葵花海,风景名胜,风景名胜,风景名胜,龙塘路南100米,北京市,北京市,顺义区,116.922605,40.0772221
毛主席雕像,风景名胜,风景名胜,风景名胜,大旺务村688号北京渔阳国际度假村内,北京市,北京市,平谷区,117.1385449,40.08022833
北京平谷青龙山旅游区,风景名胜,风景名胜,国家级景点,东高村镇大旺务村,北京市,北京市,平谷区,117.1445639,40.0779674
沿河城,风景名胜,风景名胜,风景名胜,珍珠湖路口向北,北京市,北京市,门头沟区,115.7059189,40.0683302
永胜门沿河城与敌台,风景名胜,风景名胜,风景名胜,008县道南100米,北京市,北京市,门头沟区,115.7185094,40.06809286
长城,风景名胜,风景名胜,风景名胜,X008(高沿路),北京市,北京市,门头沟区,115.7183065,40.06822504
幽州大峡谷,风景名胜,风景名胜,风景名胜,沿河城附近,北京市,北京市,门头沟区,115.7214323,40.06737929
沿河城古城址,风景名胜,风景名胜,风景名胜,,北京市,北京市,门头沟区,115.7214645,40.06570837
玫瑰谷自然风景区,风景名胜,风景名胜,风景名胜,大沟村1号,北京市,北京市,门头沟区,115.9788003,40.06207256
金顶妙峰山,风景名胜,风景名胜,省级景点,002县道,北京市,北京市,门头沟区,116.0199637,40.06175793
平西情报交通联络站,风景名胜,风景名胜,风景名胜,002县道附近,北京市,北京市,门头沟区,116.0328092,40.06307329
妙峰正道,风景名胜,风景名胜,风景名胜,妙峰山镇涧沟村北1500米,北京市,北京市,门头沟区,116.0320734,40.06162818
妙峰山森林公园,风景名胜,风景名胜,风景名胜,妙峰山镇涧沟村(近妙峰山),北京市,北京市,门头沟区,116.0368916,40.06316259
平西情报交通联络站纪念馆,风景名胜,风景名胜,纪念馆,近郊门头沟区妙峰山镇涧沟村,北京市,北京市,门头沟区,116.0327195,40.06265153
妙峰山玫瑰园,风景名胜,公园广场,植物园,妙峰山森林公园玫瑰谷,北京市,北京市,门头沟区,116.0368906,40.06316159
妙儿洼茶棚遗址,风景名胜,风景名胜,风景名胜,"北安河乡境内,距颐和园17公里阳台山自然风景区内",北京市,北京市,海淀区,116.0592576,40.06758775
状元石,风景名胜,风景名胜,风景名胜,"北安河乡境内,距颐和园17公里阳台山自然风景区内",北京市,北京市,海淀区,116.0680201,40.06972249
古香道,风景名胜,风景名胜,风景名胜,"北安河乡境内,距颐和园17公里阳台山自然风景区内",北京市,北京市,海淀区,116.0591228,40.06761195
瞻云妙,风景名胜,风景名胜,风景名胜,"北安河乡境内,距颐和园17公里阳台山自然风景区内",北京市,北京市,海淀区,116.0774103,40.06712649
瓜打石,风景名胜,风景名胜,风景名胜,"北安河乡境内,距颐和园17公里阳台山自然风景区内",北京市,北京市,海淀区,116.0716202,40.06917093
玉仙台茶棚,风景名胜,风景名胜,风景名胜,阳台山景区,北京市,北京市,海淀区,116.0727334,40.06921293
金山寺,风景名胜,风景名胜,寺庙道观,管家岭路西200米,北京市,北京市,海淀区,116.0811332,40.06750233
金山泉,风景名胜,风景名胜,风景名胜,苏家坨镇北安河村西鹫峰国家森林公园内,北京市,北京市,海淀区,116.0866378,40.06228464
阳台山自然风景区-东门检票口,风景名胜,风景名胜,风景名胜,"北安河乡境内,距颐和园17公里阳台山自然风景区内",北京市,北京市,海淀区,116.0828789,40.06796752
善来金阶,风景名胜,风景名胜,风景名胜,"北安河乡境内,距颐和园17公里阳台山自然风景区内",北京市,北京市,海淀区,116.0800144,40.0675719
骆驼石,风景名胜,风景名胜,风景名胜,"北安河乡境内,距颐和园17公里阳台山自然风景区内",北京市,北京市,海淀区,116.086326,40.06810236
朝阳院茶棚,风景名胜,风景名胜,风景名胜,"北安河乡境内,距颐和园17公里阳台山自然风景区内",北京市,北京市,海淀区,116.0834879,40.0675663
鹫峰金仙庵遗址,风景名胜,风景名胜,风景名胜,苏家坨镇秀峰寺路5号北京鹫峰国家森林公园鹫峰国家森林公园内,北京市,北京市,海淀区,116.088179,40.06305927
北京鹫峰国家森林公园-夕阳情深,风景名胜,风景名胜,风景名胜,苏家坨镇秀峰寺路5号北京鹫峰国家森林公园鹫峰国家森林公园内,北京市,北京市,海淀区,116.08739,40.06158851
北京鹫峰国家森林公园-鹫峰主峰,风景名胜,风景名胜,风景名胜,苏家坨镇秀峰寺路5号北京鹫峰国家森林公园鹫峰国家森林公园内,北京市,北京市,海淀区,116.0862719,40.06132379
北京鹫峰国家森林公园-望月石,风景名胜,风景名胜,风景名胜,苏家坨镇秀峰寺路5号北京鹫峰国家森林公园鹫峰国家森林公园内,北京市,北京市,海淀区,116.0867459,40.06152566
北京鹫峰国家森林公园-今山泉,风景名胜,风景名胜,风景名胜,苏家坨镇北安河村西鹫峰国家森林公园内北京鹫峰国家森林公园-金山泉附近,北京市,北京市,海淀区,116.0866428,40.06229163
阳台山自然风景区,风景名胜,风景名胜,风景名胜,北安河翠微家园阳台山度假村,北京市,北京市,海淀区,116.0923668,40.0683306
大水涧,风景名胜,风景名胜,风景名胜,"北安河乡境内,距颐和园17公里阳台山自然风景区内",北京市,北京市,海淀区,116.0915935,40.06795563
北京鹫峰国家森林公园-流芳园,风景名胜,风景名胜,风景名胜,苏家坨镇秀峰寺路5号北京鹫峰国家森林公园鹫峰国家森林公园内,北京市,北京市,海淀区,116.0941877,40.06123013
北京鹫峰国家森林公园-中建林,风景名胜,风景名胜,风景名胜,苏家坨镇秀峰寺路5号北京鹫峰国家森林公园鹫峰国家森林公园内,北京市,北京市,海淀区,116.0931541,40.06110606
北京鹫峰国家森林公园-静心谷,风景名胜,风景名胜,风景名胜,苏家坨镇秀峰寺路5号北京鹫峰国家森林公园鹫峰国家森林公园内,北京市,北京市,海淀区,116.0940886,40.0615611
千年登山古道,风景名胜,风景名胜,风景名胜,苏家坨镇秀峰寺路5号北京鹫峰国家森林公园鹫峰国家森林公园内,北京市,北京市,海淀区,116.0905039,40.06131609
北京鹫峰国家森林公园-八卦碑阵,风景名胜,风景名胜,风景名胜,苏家坨镇秀峰寺路5号北京鹫峰国家森林公园鹫峰国家森林公园内,北京市,北京市,海淀区,116.0945468,40.06240909
北京鹫峰国家森林公园-李善邦雕像,风景名胜,风景名胜,风景名胜,苏家坨镇秀峰寺路5号北京鹫峰国家森林公园鹫峰国家森林公园内,北京市,北京市,海淀区,116.0945737,40.06272007
北京林业大学木工83级纪念林,风景名胜,风景名胜,风景名胜,苏家坨镇秀峰寺路5号北京鹫峰国家森林公园鹫峰国家森林公园内,北京市,北京市,海淀区,116.0947619,40.06225012
林行规纪念像,风景名胜,风景名胜,风景名胜,苏家坨镇秀峰寺路5号北京鹫峰国家森林公园鹫峰国家森林公园内,北京市,北京市,海淀区,116.0949049,40.06334807
北京鹫峰国家森林公园-国际梅园,风景名胜,风景名胜,风景名胜,苏家坨镇秀峰寺路5号北京鹫峰国家森林公园鹫峰国家森林公园内,北京市,北京市,海淀区,116.0977938,40.06406556
北京日中友好之林,风景名胜,风景名胜,风景名胜,苏家坨镇秀峰寺路5号北京鹫峰国家森林公园鹫峰国家森林公园内,北京市,北京市,海淀区,116.0930201,40.06101606
鹫峰地震台,风景名胜,风景名胜,风景名胜,,北京市,北京市,海淀区,116.0945657,40.06275607
北京鹫峰国家森林公园-沐容亭,风景名胜,风景名胜,风景名胜,贝家花园路6号,北京市,北京市,海淀区,116.0946769,40.06158015
北京鹫峰国家森林公园-休闲广场,风景名胜,风景名胜相关,旅游景点,苏家坨镇秀峰寺路5号北京鹫峰国家森林公园鹫峰国家森林公园内,北京市,北京市,海淀区,116.0945996,40.06371402
鹫峰国家森林公园-检票口,风景名胜,风景名胜相关,旅游景点,苏家坨镇秀峰寺路5号北京鹫峰国家森林公园鹫峰国家森林公园内,北京市,北京市,海淀区,116.0984423,40.06426471
秀峰古刹(鹫峰国家森林公园),风景名胜,风景名胜,风景名胜,贝家花园路6号,北京市,北京市,海淀区,116.0943065,40.06319802
颐华园,风景名胜,风景名胜,风景名胜,阳台山路南50米,北京市,北京市,海淀区,116.1074864,40.06715466
阳台山自然风景区-南门检票口,风景名胜,风景名胜,风景名胜,"北安河乡境内,距颐和园17公里阳台山自然风景区内",北京市,北京市,海淀区,116.0992326,40.0664468
大西山旅游风景区地图,风景名胜,风景名胜相关,旅游景点,阳台山路西50米,北京市,北京市,海淀区,116.0994999,40.06644389
阳台山景区导览图,风景名胜,风景名胜相关,旅游景点,阳台山路西50米,北京市,北京市,海淀区,116.0995428,40.06722785
野保中心基地,风景名胜,公园广场,动物园,秀峰寺路3号附近,北京市,北京市,海淀区,116.1020707,40.06337202
北安河烈士纪念堂,风景名胜,风景名胜,纪念馆,北安河东街与北安河路交叉口东50米,北京市,北京市,海淀区,116.1154578,40.06202824
关帝庙,风景名胜,风景名胜,寺庙道观,北安河东街,北京市,北京市,海淀区,116.1131391,40.0616052
海淀区集体生态林景观林,风景名胜,公园广场,公园,高里掌路北50米,北京市,北京市,海淀区,116.1438118,40.06257451
齐物潭,风景名胜,公园广场,公园,地锦路5号,北京市,北京市,海淀区,116.1722126,40.06198523
屯佃村文化休闲广场,风景名胜,公园广场,公园广场,西北旺屯佃村永丰实验学校,北京市,北京市,海淀区,116.2047354,40.06157068
千喜鹤智云塾,风景名胜,风景名胜,风景名胜,丰滢东路与永丰路交叉口东南150米,北京市,北京市,海淀区,116.2425813,40.06581917
行天湖公园,风景名胜,公园广场,公园,友谊路西600米,北京市,北京市,海淀区,116.2577651,40.07052897
飞行控制中心大楼广场,风景名胜,公园广场,城市广场,,北京市,北京市,海淀区,116.2573233,40.07102517
玉光寺,风景名胜,风景名胜,寺庙道观,龙域东一路与龙域中街交叉口西北50米,北京市,北京市,昌平区,116.3073959,40.06350904
真武庙,风景名胜,风景名胜,寺庙道观,东村家园西门,北京市,北京市,昌平区,116.3367402,40.06499931
南店公园,风景名胜,公园广场,公园,回龙观西三旗旧货市场,北京市,北京市,昌平区,116.3326637,40.06173209
分钟寺246号,风景名胜,风景名胜相关,旅游景点,回龙观镇黄土东村平房1003号,北京市,北京市,昌平区,116.3402427,40.06355504
天主教堂,风景名胜,风景名胜,教堂,枫丹丽舍西路旗胜家园底商4层,北京市,北京市,昌平区,116.3517828,40.06617136
北京轮胎厂旧址,风景名胜,风景名胜相关,旅游景点,西三旗瑞旗家园15号楼一单元2804室,北京市,北京市,昌平区,116.3533816,40.06796475
翡丽公园,风景名胜,公园广场,公园,新都路,北京市,北京市,海淀区,116.3643816,40.06463565
告示牌,风景名胜,风景名胜相关,旅游景点,,北京市,北京市,海淀区,116.3634599,40.06522876
大佛寺,风景名胜,风景名胜,寺庙道观,建材城东路(近太平郊野公园),北京市,北京市,昌平区,116.378815,40.06312247
任意球足球公园,风景名胜,公园广场,公园,东小口单村256号,北京市,北京市,昌平区,116.3874802,40.06652545
太平郊野公园(东小口镇安全生产服务中心西南),风景名胜,公园广场,公园,东小口镇,北京市,北京市,昌平区,116.3890082,40.0619552
西秀园,风景名胜,公园广场,公园,立水桥西路38号附近,北京市,北京市,昌平区,116.4024797,40.0634748
天通苑天主堂,风景名胜,风景名胜,教堂,天通苑西一区2号楼3门,北京市,北京市,昌平区,116.4009688,40.06631526
天通艺园,风景名胜,公园广场,公园,天通苑东一区11号楼对面大花园入口处,北京市,北京市,昌平区,116.4284431,40.06933959
基督教堂,风景名胜,风景名胜,教堂,天通苑东三区56号楼9门2层,北京市,北京市,昌平区,116.4306935,40.06851194
阿弥陀佛,风景名胜,风景名胜,风景名胜,北苑东路与白坊路交叉口东北150米,北京市,北京市,昌平区,116.4364299,40.06799432
孙河乡林地保护区,风景名胜,风景名胜,风景名胜,滨河路北50米,北京市,北京市,朝阳区,116.5090148,40.06689882
新城滨河森林公园趣味运动园,风景名胜,公园广场,公园,右堤路东100米,北京市,北京市,顺义区,116.7182786,40.06987729
龙堂路公园,风景名胜,公园广场,公园,龙塘路北100米,北京市,北京市,顺义区,116.7418575,40.063919
金平公园,风景名胜,公园广场,公园,小屯新路与金河北街交叉口西150米,北京市,北京市,平谷区,117.0091638,40.06247368
龙门沟一线天(暂停营业),风景名胜,风景名胜相关,旅游景点,龙门口村附近,北京市,北京市,门头沟区,115.6687345,40.05647225
云山胜境,风景名胜,风景名胜,风景名胜,云山胜境(鹫峰国家森林公园西),北京市,北京市,门头沟区,116.0576605,40.05521587
北京鹫峰国家森林公园-松柏森森,风景名胜,风景名胜,风景名胜,妙峰山镇鹫峰国家森林公园松柏森森,北京市,北京市,门头沟区,116.0636606,40.05430753
北京鹫峰国家森林公园-山高林深,风景名胜,风景名胜,风景名胜,鹫峰国家森林公园山高林深,北京市,北京市,海淀区,116.0676507,40.05170096
北京鹫峰国家森林公园-五龙泉,风景名胜,风景名胜,风景名胜,苏家坨镇鹫峰国家森林公园五龙泉,北京市,北京市,海淀区,116.0666483,40.05509989
北京鹫峰国家森林公园-虎头崖,风景名胜,风景名胜,风景名胜,苏家坨镇鹫峰国家森林公园虎头崖,北京市,北京市,海淀区,116.0626531,40.05230495
北京鹫峰国家森林公园-寿星石,风景名胜,风景名胜,风景名胜,,北京市,北京市,海淀区,116.0756519,40.05279756
北京鹫峰国家森林公园-石道阵,风景名胜,风景名胜,风景名胜,苏家坨镇秀峰寺路5号北京鹫峰国家森林公园鹫峰国家森林公园内,北京市,北京市,海淀区,116.0768924,40.05992327
北京鹫峰国家森林公园-翠谷远眺,风景名胜,风景名胜,风景名胜,,北京市,北京市,海淀区,116.0786608,40.05150562
北京鹫峰国家森林公园-无暑清凉,风景名胜,风景名胜,风景名胜,鹫峰国家森林公园萝芭地景区,北京市,北京市,海淀区,116.0706479,40.05379676
北京鹫峰国家森林公园-思忧台,风景名胜,风景名胜,风景名胜,,北京市,北京市,海淀区,116.0716508,40.05669965
北京鹫峰国家森林公园-萝芭地景区,风景名胜,风景名胜,风景名胜,管家岭路,北京市,北京市,海淀区,116.0696458,40.05269581
北京鹫峰国家森林公园-萝芭地北尖,风景名胜,风景名胜,风景名胜,萝芭地北尖,北京市,北京市,海淀区,116.0716523,40.06039543
北京鹫峰国家森林公园-落叶松林,风景名胜,风景名胜,风景名胜,,北京市,北京市,海淀区,116.0706506,40.05609962
北京鹫峰国家森林公园-九九盘道,风景名胜,风景名胜,风景名胜,,北京市,北京市,海淀区,116.077641,40.05319716
北京鹫峰国家森林公园-黄菠萝林,风景名胜,风景名胜,风景名胜,鹫峰国家森林公园黄菠萝林,北京市,北京市,海淀区,116.0706437,40.05509469
北京鹫峰国家森林公园-四平亭,风景名胜,风景名胜,风景名胜,鹫峰国家森林公园,北京市,北京市,海淀区,116.0746427,40.05809503
北京鹫峰国家森林公园-落叶松纯林,风景名胜,风景名胜,风景名胜,鹫峰国家森林公园落叶松纯林,北京市,北京市,海淀区,116.0716443,40.05279488
北京鹫峰国家森林公园-四面云山,风景名胜,风景名胜,风景名胜,管家岭路,北京市,北京市,海淀区,116.0736511,40.05199817
北京鹫峰国家森林公园-望京塔,风景名胜,风景名胜,风景名胜,,北京市,北京市,海淀区,116.0757878,40.06028803
茧兰坡(鹫峰国家森林公园),风景名胜,风景名胜,风景名胜,阳台山路59号,北京市,北京市,海淀区,116.0786965,40.05375547
北京鹫峰国家森林公园,风景名胜,风景名胜,省级景点,苏家坨镇北安河村西,北京市,北京市,海淀区,116.0788683,40.05531828
北京鹫峰国家森林公园-听松待宾,风景名胜,风景名胜,风景名胜,苏家坨镇秀峰寺路5号北京鹫峰国家森林公园鹫峰国家森林公园内,北京市,北京市,海淀区,116.0882703,40.06089938
北京鹫峰国家森林公园-消债寺,风景名胜,风景名胜,寺庙道观,贝家花园路6号,北京市,北京市,海淀区,116.0906493,40.05888522
贝家花园,风景名胜,风景名胜,风景名胜,苏家坨北安河村,北京市,北京市,海淀区,116.0984338,40.06025995
北京鹫峰国家森林公园-古清泉石,风景名胜,风景名胜,风景名胜,苏家坨镇秀峰寺路5号北京鹫峰国家森林公园鹫峰国家森林公园内,北京市,北京市,海淀区,116.0895167,40.06079421
北京鹫峰国家森林公园-云岫亭,风景名胜,风景名胜,风景名胜,贝家花园路6号,北京市,北京市,海淀区,116.0916469,40.05749026
北京鹫峰国家森林公园-石阵道,风景名胜,风景名胜,风景名胜,贝家花园路6号,北京市,北京市,海淀区,116.0916478,40.05789024
北京鹫峰国家森林公园-避雨石,风景名胜,风景名胜,风景名胜,苏家坨镇鹫峰国家森林公园,北京市,北京市,海淀区,116.0906654,40.05819726
北京鹫峰国家森林公园-蜥蜴石,风景名胜,风景名胜,风景名胜,贝家花园附近,北京市,北京市,海淀区,116.0926472,40.05878418
北京鹫峰国家森林公园-盘景轩,风景名胜,风景名胜,风景名胜,贝家花园路6号,北京市,北京市,海淀区,116.0906473,40.0592922
北京鹫峰国家森林公园-沐春亭,风景名胜,风景名胜,风景名胜,贝家花园路6号,北京市,北京市,海淀区,116.0926421,40.05928615
北京鹫峰国家森林公园-朝阳观音洞,风景名胜,风景名胜,风景名胜,贝家花园路6号,北京市,北京市,海淀区,116.0906653,40.0591972
北京鹫峰国家森林公园-鹫峰山庄,风景名胜,风景名胜,风景名胜,苏家坨镇秀峰寺路5号北京鹫峰国家森林公园鹫峰国家森林公园内,北京市,北京市,海淀区,116.0906453,40.05868723
北京鹫峰国家森林公园-情侣松,风景名胜,风景名胜,风景名胜,苏家坨镇秀峰寺路5号北京鹫峰国家森林公园鹫峰国家森林公园内,北京市,北京市,海淀区,116.0936407,40.05898422
北京鹫峰国家森林公园-鹫峰古松,风景名胜,风景名胜,风景名胜,,北京市,北京市,海淀区,116.0906502,40.05958518
北京鹫峰国家森林公园-栎荫清趣,风景名胜,风景名胜,风景名胜,,北京市,北京市,海淀区,116.0916467,40.05129061
北京鹫峰国家森林公园-森林浴场,风景名胜,风景名胜,风景名胜,贝家花园路6号,北京市,北京市,海淀区,116.0896481,40.05748839
北京鹫峰国家森林公园-高校纪念林,风景名胜,风景名胜,风景名胜,秀峰寺路,北京市,北京市,海淀区,116.092689,40.0603121
响堂教学区,风景名胜,风景名胜,风景名胜,贝家花园路西150米,北京市,北京市,海淀区,116.0976512,40.05998777
贝家花园5号,风景名胜,风景名胜,风景名胜,贝家花园路西50米,北京市,北京市,海淀区,116.0985929,40.06000401
鹫峰国家森林公园鹫峰,风景名胜,公园广场,公园内部设施,,北京市,北京市,海淀区,116.0893638,40.05940231
敕建大觉禅寺,风景名胜,风景名胜,寺庙道观,北安河乡西山大觉寺路9号,北京市,北京市,海淀区,116.0998151,40.05123488
大觉寺西北圣旨碑,风景名胜,风景名胜相关,旅游景点,,北京市,北京市,海淀区,116.0988799,40.05431442
大觉寺路,风景名胜,风景名胜,风景名胜,,北京市,北京市,海淀区,116.1108297,40.05296784
周家巷村景观林,风景名胜,风景名胜,风景名胜,北安河路与大觉寺路交叉口西100米,北京市,北京市,海淀区,116.1216879,40.05428216
景观生态林,风景名胜,风景名胜,风景名胜,北安河路与大觉寺路交叉口西50米,北京市,北京市,海淀区,116.1220265,40.05455353
天主堂(西北旺北路),风景名胜,风景名胜,教堂,永丰路与西北旺北路交叉口东北150米,北京市,北京市,海淀区,116.2501931,40.0521991
中关村公园(土井东路),风景名胜,公园广场,公园,土井东路31号,北京市,北京市,海淀区,116.2638581,40.05945568
中关村森林公园-中关村公园,风景名胜,公园广场,公园,友谊路东150米,北京市,北京市,海淀区,116.2787202,40.05562894
中关村森林公园,风景名胜,公园广场,公园广场,唐家岭土井村路45号,北京市,北京市,海淀区,116.2792158,40.061062
应百思,风景名胜,风景名胜,风景名胜,上地十街辉煌国际4号楼1913号,北京市,北京市,海淀区,116.2947413,40.05203086
回龙观中区广场,风景名胜,公园广场,公园广场,回龙观,北京市,北京市,昌平区,116.3048109,40.06086191
金瀑布,风景名胜,风景名胜相关,旅游景点,回龙观龙兴园东区,北京市,北京市,昌平区,116.3157367,40.06069153
龙骑广场,风景名胜,风景名胜相关,旅游景点,建材城西路50号,北京市,北京市,海淀区,116.3278833,40.05639047
基督教堂,风景名胜,风景名胜,教堂,中滩村北一街与立水桥西路交叉口东50米,北京市,北京市,昌平区,116.4034837,40.05955333
北京基督教会南口堂以琳聚会点,风景名胜,风景名胜,教堂,中滩村北一街北50米,北京市,北京市,昌平区,116.4046833,40.05971374
地铁广场管理,风景名胜,风景名胜相关,旅游景点,立水桥北路与立汤路交叉口西北100米,北京市,北京市,朝阳区,116.4062402,40.0522198
天通苑街心花园,风景名胜,公园广场,公园,中滩村北二街与立水桥东一路交叉口西南150米,北京市,北京市,昌平区,116.4143783,40.05977946
旺角小镇,风景名胜,风景名胜相关,旅游景点,立汤路186号龙德广场5楼,北京市,北京市,昌平区,116.4092926,40.05835801
半故园,风景名胜,风景名胜相关,旅游景点,立汤路186号龙德广场2层,北京市,北京市,昌平区,116.4092926,40.05835801
青河营娘娘庙,风景名胜,风景名胜,寺庙道观,清河营南滨河路与清苑路交叉口东南100米,北京市,北京市,朝阳区,116.4273815,40.05853676
清河营郊野公园,风景名胜,公园广场,公园,来广营乡北苑东路,北京市,北京市,朝阳区,116.4386228,40.05380208
北京市朝阳区清河营郊野公园管理处,风景名胜,风景名胜,风景名胜,北苑东路4号清河营郊野公园西北门区C栋附近,北京市,北京市,朝阳区,116.4368166,40.05315888
门头房,风景名胜,风景名胜相关,旅游景点,上辛路东200米,北京市,北京市,朝阳区,116.4942352,40.06051256
天竺镇文化广场,风景名胜,公园广场,城市广场,天北路,北京市,北京市,顺义区,116.5717471,40.05994065
李桥文化广场,风景名胜,风景名胜相关,旅游景点,龙塘路与610乡道交叉口东北50米,北京市,北京市,顺义区,116.6386438,40.057782
红生植物园,风景名胜,公园广场,植物园,603乡道西150米,北京市,北京市,顺义区,116.7133659,40.05717515
小梨公园,风景名胜,公园广场,公园,马坊镇梨羊东口,北京市,北京市,平谷区,117.0001418,40.05985992
小龙河公园,风景名胜,公园广场,公园,梨羊东路和密三路的交叉口附近,北京市,北京市,平谷区,117.0016166,40.05634266
黄草梁,风景名胜,风景名胜,风景名胜,西部,北京市,北京市,门头沟区,115.5853426,40.04919212
北京神泉峡景区,风景名胜,风景名胜,风景名胜,妙峰山镇炭厂村上苇甸水景区(近上苇甸村),北京市,北京市,门头沟区,115.9685961,40.04677281
仰神寺,风景名胜,风景名胜,风景名胜,樱桃沟村,北京市,北京市,门头沟区,116.0471816,40.04411173
北京鹫峰国家森林公园-转塔怀古,风景名胜,风景名胜,风景名胜,苏家坨镇鹫峰国家森林公园,北京市,北京市,海淀区,116.0696522,40.04999895
周云端和尚灵塔,风景名胜,风景名胜相关,旅游景点,北安河乡大觉寺南1.5公里处,北京市,北京市,海淀区,116.0949672,40.04516612
西六环大觉寺,风景名胜,风景名胜,寺庙道观,西六环西100米,北京市,北京市,海淀区,116.1071902,40.04198091
莲花寺,风景名胜,风景名胜,寺庙道观,大觉寺路15号,北京市,北京市,海淀区,116.101133,40.04603463
温泉村菩萨庙,风景名胜,风景名胜,风景名胜,温泉村内,北京市,北京市,海淀区,116.1490993,40.05103129
温泉公园,风景名胜,公园广场,公园,温泉镇政府东西两侧,北京市,北京市,海淀区,116.1755677,40.04803621
麒琳殿堂,风景名胜,风景名胜相关,旅游景点,温泉镇尚峰尚水C区4号楼底商108,北京市,北京市,海淀区,116.1799251,40.04476128
东埠头沟公园,风景名胜,公园广场,公园,温泉镇温泉水岸家园西侧,北京市,北京市,海淀区,116.1891792,40.04648221
黑龙潭龙王庙(暂停营业),风景名胜,风景名胜,风景名胜,温泉路17号,北京市,北京市,海淀区,116.1926716,40.04124017
百旺民俗文化园,风景名胜,公园广场,公园,西北旺镇亮甲店路西350米,北京市,北京市,海淀区,116.2336179,40.04322569
百旺公园西区,风景名胜,公园广场,公园,西北旺百旺公园西区(太舟坞路北),北京市,北京市,海淀区,116.2447535,40.04516833
茉莉园文化广场,风景名胜,公园广场,城市广场,永丰路与西北旺四街交叉口东北100米,北京市,北京市,海淀区,116.2459336,40.04610419
马连洼街道法制文化广场,风景名胜,公园广场,城市广场,永丰路与西北旺四街交叉口东北100米,北京市,北京市,海淀区,116.2459186,40.04624019
百旺公园,风景名胜,公园广场,公园,太舟坞路与马连洼西路交叉口北150米,北京市,北京市,海淀区,116.253798,40.04183648
四园竹,风景名胜,风景名胜相关,旅游景点,西北旺东路10号院百度科技园1号楼F1层F1-C-07号,北京市,北京市,海淀区,116.2690698,40.04322517
桂花镇南枝,风景名胜,风景名胜相关,旅游景点,西北旺东路10号院百度科技园1号楼F5层F5-C-02号,北京市,北京市,海淀区,116.2691887,40.04317506
月宫春,风景名胜,风景名胜相关,旅游景点,西北旺东路10号院百度科技园1号楼F6层F6-A-12号,北京市,北京市,海淀区,116.2693057,40.04265798
千秋节,风景名胜,风景名胜相关,旅游景点,上地十街10号百度大厦F7层F7-CW号,北京市,北京市,海淀区,116.2945499,40.05028127
西河,风景名胜,风景名胜相关,旅游景点,上地十街10号百度大厦F2层,北京市,北京市,海淀区,116.2954043,40.04981789
快乐成长家庭人口文化园,风景名胜,公园广场,公园,西二旗大街南150米,北京市,北京市,海淀区,116.303528,40.04932689
安宁庄兴隆寺,风景名胜,风景名胜相关,旅游景点,安宁庄西二条与安宁庄西路交叉口东北200米,北京市,北京市,海淀区,116.3180336,40.0435461
西三旗生态园,风景名胜,公园广场,公园,清河小营西小口路27号(雪梨澳乡东),北京市,北京市,海淀区,116.3333761,40.04647363
天后宫,风景名胜,风景名胜,寺庙道观,悦秀路99号附近,北京市,北京市,海淀区,116.3305375,40.04646598
西三旗绿色海岸,风景名胜,公园广场,公园,清河镇小营桥,北京市,北京市,海淀区,116.3331612,40.04120331
休闲公园,风景名胜,公园广场,公园,前屯路西150米,北京市,北京市,海淀区,116.3410337,40.04186786
东小口森林公园,风景名胜,公园广场,公园|风景名胜,东小口,北京市,北京市,昌平区,116.3823744,40.04700805
立水桥公园西区,风景名胜,公园广场,公园,立清路,北京市,北京市,朝阳区,116.4038091,40.04982699
立水桥公园东区,风景名胜,公园广场,公园,汤立路218号,北京市,北京市,朝阳区,116.4078639,40.04760984
第1赛场啤酒花园,风景名胜,公园广场,公园,安立路与清河路交叉口西北50米,北京市,北京市,朝阳区,116.4055806,40.04595887
便民亭,风景名胜,风景名胜相关,旅游景点,清苑路西50米,北京市,北京市,朝阳区,116.4271302,40.04948493
奶东公园,风景名胜,公园广场,公园,顺白路379号,北京市,北京市,朝阳区,116.474492,40.04530952
葡萄长廊,风景名胜,风景名胜,风景名胜,顺白路465号附近,北京市,北京市,朝阳区,116.4818604,40.04446379
犀牛广场,风景名胜,风景名胜相关,旅游景点,一号地国际艺术区犀牛广场(顺白路),北京市,北京市,朝阳区,116.4884695,40.04255739
社区文化公园,风景名胜,公园广场,公园,首都机场,北京市,北京市,朝阳区,116.588973,40.04834498
八卦台,风景名胜,风景名胜相关,旅游景点,岗山路14号,北京市,北京市,顺义区,116.5990521,40.04884892
观景平台,风景名胜,公园广场,城市广场,航站楼联络线,北京市,北京市,顺义区,116.5990101,40.04869694
西湖园,风景名胜,公园广场,公园,二纬路,北京市,北京市,顺义区,116.5997967,40.04785372
潮白河越野公园,风景名胜,公园广场,公园,,北京市,北京市,顺义区,116.7541268,40.04185487
BATT越野露营公园,风景名胜,公园广场,公园,,北京市,北京市,平谷区,116.9874054,40.04180378
灵山自然风景区,风景名胜,风景名胜,风景名胜,清水镇西北,北京市,北京市,门头沟区,115.4956887,40.03907283
黄草梁风景区(暂停营业),风景名胜,风景名胜,风景名胜,斋堂镇北14公里处,北京市,北京市,门头沟区,115.6006326,40.03265493
狗牙山,风景名胜,风景名胜,风景名胜,雁翅镇碣石村,北京市,北京市,门头沟区,115.753636,40.03961569
槐井石舍,风景名胜,风景名胜相关,旅游景点,碣石村50号,北京市,北京市,门头沟区,115.7522738,40.03973525
仙台山水园,风景名胜,风景名胜,风景名胜,109国道西150米,北京市,北京市,门头沟区,115.9019584,40.03247895
仰山栖隐寺,风景名胜,风景名胜,风景名胜,樱桃沟村,北京市,北京市,门头沟区,116.043493,40.03981839
樱桃植物园,风景名胜,公园广场,植物园,妙峰山镇樱桃沟村村南200米,北京市,北京市,门头沟区,116.0413775,40.03447015
樱桃沟国家级观光采摘园区,体育休闲服务,休闲场所,采摘园|风景名胜,妙峰山镇樱桃沟村,北京市,北京市,门头沟区,116.0409665,40.03414306
黑龙潭(装修中),风景名胜,风景名胜,风景名胜,温泉镇温泉路15号,北京市,北京市,海淀区,116.1919299,40.04034603
西北旺关帝庙,风景名胜,风景名胜,寺庙道观,马连洼西路,北京市,北京市,海淀区,116.2585129,40.03817141
百望山北门草地广场,风景名胜,公园广场,公园广场,黑山扈路105号,北京市,北京市,海淀区,116.2511882,40.03509573
北京市海淀百望山森林公园-百望草堂,风景名胜,风景名胜,风景名胜,黑山扈路北口19号,北京市,北京市,海淀区,116.2576611,40.03135523
百望山森林公园-惠风桥,风景名胜,风景名胜,风景名胜,百望山森林公园内,北京市,北京市,海淀区,116.2517565,40.03266868
百望山森林公园-望京楼,风景名胜,风景名胜,风景名胜,百望山森林公园内,北京市,北京市,海淀区,116.2545919,40.03266463
百望山森林公园-曲径烟深栈道,风景名胜,风景名胜相关,旅游景点,百望山森林公园内,北京市,北京市,海淀区,116.2507677,40.03119505
百望山森林公园-佘太君庙,风景名胜,风景名胜,风景名胜,百望山森林公园内,北京市,北京市,海淀区,116.254619,40.03253963
百望山森林公园-揽枫亭,风景名胜,风景名胜,风景名胜,百望山森林公园内,北京市,北京市,海淀区,116.2540051,40.03277687
百望山森林公园-天澄湖,风景名胜,风景名胜,风景名胜,百望山森林公园内,北京市,北京市,海淀区,116.2503016,40.03251611
百望山森林公园-望儿台,风景名胜,风景名胜,风景名胜,百望山森林公园内,北京市,北京市,海淀区,116.2553048,40.03251533
百望山森林公园-同心林,风景名胜,风景名胜,风景名胜,百望山森林公园内,北京市,北京市,海淀区,116.2584834,40.03411863
百望山森林公园-回首亭,风景名胜,风景名胜相关,旅游景点,黑山扈路西200米,北京市,北京市,海淀区,116.2567653,40.03220565
基督教堂海淀堂西北旺分堂,风景名胜,风景名胜相关,旅游景点,彩和坊路9号,北京市,北京市,海淀区,116.2516285,40.04041333
药用植物园,风景名胜,公园广场,植物园,马连洼北路151号,北京市,北京市,海淀区,116.2665313,40.03341595
马莲园,风景名胜,公园广场,公园,永丰路南端,北京市,北京市,海淀区,116.2636453,40.03522117
水榭景观,风景名胜,风景名胜,风景名胜,东北旺路西50米,北京市,北京市,海淀区,116.2770825,40.03813389
上地公园,风景名胜,公园广场,公园,信息路上地3街环岛西南角(近上地环岛),北京市,北京市,海淀区,116.3042105,40.03382849
童步天下,风景名胜,风景名胜相关,旅游景点,信息路甲28号,北京市,北京市,海淀区,116.3054688,40.0340962
美和园公园,风景名胜,公园广场,公园,信息路B座附近,北京市,北京市,海淀区,116.316648,40.03399326
碧水风荷公园,风景名胜,公园广场,公园,清河小营桥西侧,北京市,北京市,海淀区,116.3323953,40.0384589
清河燕清体育文化公园,风景名胜,公园广场,公园,学府树北街与毛纺路交叉口东150米,北京市,北京市,海淀区,116.3327212,40.03321255
旗颂健康公园,风景名胜,公园广场,公园,G6辅路东50米,北京市,北京市,海淀区,116.3374773,40.03544362
清河翠谷,风景名胜,公园广场,公园,小营西路与G6京藏高速交叉口南100米,北京市,北京市,海淀区,116.3352521,40.03673465
永泰法制宣传广场,风景名胜,风景名胜相关,旅游景点,永泰庄西路与永泰庄路交叉口西北150米,北京市,北京市,海淀区,116.3446723,40.032014
澄浆峪,风景名胜,风景名胜,风景名胜,永泰庄清河一街83号国美电器北门,北京市,北京市,海淀区,116.3419879,40.03223867
永泰庄社区公园,风景名胜,公园广场,公园,永泰社区,北京市,北京市,海淀区,116.3532812,40.03306587
西三旗公园,风景名胜,公园广场,公园,宝盛路与永泰庄东路交叉口西100米,北京市,北京市,海淀区,116.3570714,40.03349019
东升文体公园,风景名胜,公园广场,公园,清河宝盛路(奥林匹克森林公园北园北侧),北京市,北京市,海淀区,116.3696688,40.03836806
清河湾,风景名胜,风景名胜相关,旅游景点,宝盛东路与宝盛路交叉口东南50米,北京市,北京市,海淀区,116.3699337,40.03625789
景藏健康公园,风景名胜,公园广场,公园,奥运村安立路81号(北五环仰山桥向北),北京市,北京市,朝阳区,116.4021941,40.03642923
梦想剧场喜剧场景主题公园,风景名胜,公园广场,公园,北苑路42号跃活百货市场有限公司K酷时尚广场3层,北京市,北京市,朝阳区,116.4127781,40.03201373
茉藜园社区文化广场,风景名胜,公园广场,城市广场,秋实东街,北京市,北京市,朝阳区,116.4188405,40.0381617
里蔬亭,风景名胜,风景名胜相关,旅游景点,北苑路42号跃活百货市场有限公司K酷时尚广场1层,北京市,北京市,朝阳区,116.4127781,40.03201373
延庆百合主题公园,风景名胜,公园广场,公园,春华路与秋实东街交叉口东100米,北京市,北京市,朝阳区,116.4207409,40.04033358
金海湖,风景名胜,风景名胜相关,旅游景点,红军营南路赢秋苑18号(近地铁5号线北苑北站),北京市,北京市,朝阳区,116.4271686,40.03133294
林荫公园,风景名胜,公园广场,公园,北苑东路西50米,北京市,北京市,朝阳区,116.4352098,40.03878688
勇士营郊野公园,风景名胜,公园广场,公园,北五环北苑东路,北京市,北京市,朝阳区,116.4360724,40.0341556
何各庄湿地公园,风景名胜,公园广场,公园,马泉营西路,北京市,北京市,朝阳区,116.4973351,40.03532319
黄孙权个展,风景名胜,风景名胜,风景名胜,顺白路北50米,北京市,北京市,朝阳区,116.4938361,40.04091146
远山远山共应,风景名胜,风景名胜相关,旅游景点,顺白路,北京市,北京市,朝阳区,116.5036283,40.03912165
止观精舍,风景名胜,风景名胜相关,旅游景点,顺白路南100米,北京市,北京市,朝阳区,116.5033311,40.04034171
孙河体育文化广场,风景名胜,公园广场,公园广场,京密路与康营大道交叉口南200米,北京市,北京市,朝阳区,116.5270476,40.03665392
乌龙峡谷景区-景观亭,风景名胜,风景名胜相关,旅游景点,机场生活区蓝天苑旁边的小市场,北京市,北京市,顺义区,116.5944787,40.03917545
东郊森林湿地公园,风景名胜,风景名胜,风景名胜,中国建筑科学研究院附近,北京市,北京市,顺义区,116.6539877,40.03243931
航空博览会飞行体验区,风景名胜,风景名胜相关,旅游景点,石佛营马李路东450米,北京市,北京市,平谷区,116.9859362,40.04103528
龙门涧风景区-椒木沟,风景名胜,风景名胜,风景名胜,龙门涧风景区,北京市,北京市,门头沟区,115.557881,40.02714812
龙门涧风景区-中意洞,风景名胜,风景名胜,风景名胜,,北京市,北京市,门头沟区,115.5548749,40.02214574
龙门涧风景区-神女峰,风景名胜,风景名胜,风景名胜,,北京市,北京市,门头沟区,115.5648882,40.02425457
龙门涧风景区-落凤坡,风景名胜,风景名胜,风景名胜,,北京市,北京市,门头沟区,115.5668908,40.02275991
龙门涧风景区-响泉,风景名胜,风景名胜,风景名胜,,北京市,北京市,门头沟区,115.5678974,40.02285698
龙门涧风景区-东仙泉,风景名胜,风景名胜,风景名胜,,北京市,北京市,门头沟区,115.5629045,40.02475912
龙门涧风景区-涌金泉,风景名胜,风景名胜,风景名胜,龙门涧风景区,北京市,北京市,门头沟区,115.5678955,40.02256299
龙门涧风景区-千尺屏,风景名胜,风景名胜,风景名胜,,北京市,北京市,门头沟区,115.565895,40.02355376
龙门涧风景区-荆齐谷,风景名胜,风景名胜,风景名胜,,北京市,北京市,门头沟区,115.5628825,40.02435411
龙门涧风景区-姐妹峰,风景名胜,风景名胜,风景名胜,,北京市,北京市,门头沟区,115.5658909,40.02405473
龙门涧风景区-谷中谷,风景名胜,风景名胜,风景名胜,清水镇龙门涧风景区谷中谷龙门涧风景区-一线天附近,北京市,北京市,门头沟区,115.5679056,40.02206702
龙门涧风景区-彩霞谷,风景名胜,风景名胜,风景名胜,清水镇龙门涧风景区黑龙潭,北京市,北京市,门头沟区,115.5639054,40.02426039
龙门涧风景区-七洞谷,风景名胜,风景名胜,风景名胜,,北京市,北京市,门头沟区,115.5658901,40.02285379
龙门涧风景区-黑龙潭,风景名胜,风景名胜,风景名胜,,北京市,北京市,门头沟区,115.5639084,40.0239674
龙门涧风景区-凉亭,风景名胜,风景名胜,风景名胜,清水镇龙门涧风景区悬崖勒马,北京市,北京市,门头沟区,115.5618915,40.02464982
龙门涧风景区-界标,风景名胜,风景名胜,风景名胜,,北京市,北京市,门头沟区,115.5618825,40.0249508
龙门涧风景区-悬崖勒马,风景名胜,风景名胜,风景名胜,清水镇龙门涧风景区悬崖勒马,北京市,北京市,门头沟区,115.5618835,40.02445482
龙门涧风景区-一线天,风景名胜,风景名胜,风景名胜,清水镇龙门涧风景区谷中谷,北京市,北京市,门头沟区,115.5679106,40.02166405
龙门涧风景区-仙茶园,风景名胜,风景名胜,风景名胜,,北京市,北京市,门头沟区,115.5789079,40.02196285
龙门涧风景区-黑云洞,风景名胜,风景名胜,风景名胜,,北京市,北京市,门头沟区,115.582928,40.02478459
玫瑰峪,风景名胜,风景名胜,风景名胜,007县道附近,北京市,北京市,门头沟区,115.5943191,40.02353803
京西斋堂,风景名胜,风景名胜,风景名胜,,北京市,北京市,门头沟区,115.5990436,40.02732377
仙台旅游区,风景名胜,风景名胜,风景名胜,雁翅镇以南2公里,北京市,北京市,门头沟区,115.89462,40.03050393
灵溪风景区(暂停营业),风景名胜,风景名胜,风景名胜,妙峰山镇岭角村,北京市,北京市,门头沟区,115.9608157,40.02902773
粱粮樱桃,风景名胜,风景名胜相关,旅游景点,白家瞳路,北京市,北京市,海淀区,116.1684921,40.02327837
白家疃景观休闲园,风景名胜,公园广场,公园,温泉白家疃别墅区100号,北京市,北京市,海淀区,116.1706111,40.03100494
佘太君庙,风景名胜,风景名胜相关,旅游景点,百望山顶,北京市,北京市,海淀区,116.2270338,40.02617935
百望山森林公园-望乡亭,风景名胜,风景名胜,风景名胜,百望山森林公园内,北京市,北京市,海淀区,116.247732,40.02851286
百望山森林公园,风景名胜,风景名胜,省级景点,黑山扈北口19号,北京市,北京市,海淀区,116.2496031,40.02878147
树村郊野公园,风景名胜,公园广场,公园,树村路农大南路交汇处东,北京市,北京市,海淀区,116.2979035,40.02582094
憩园,风景名胜,公园广场,公园,信息路东50米,北京市,北京市,海淀区,116.3067207,40.02978213
爱之园,风景名胜,公园广场,公园,上地东二路与上地南路交叉口东北150米,北京市,北京市,海淀区,116.3139417,40.02929465
台季,风景名胜,风景名胜相关,旅游景点,华润·五彩城北京市海淀区清河中街66号F4,北京市,北京市,海淀区,116.3272173,40.0291402
东升清河培黎公园,风景名胜,公园广场,公园,清河南大街(近五环路培黎大学),北京市,北京市,海淀区,116.3427447,40.02112588
清河清真寺,风景名胜,风景名胜,回教寺,清河三街2号,北京市,北京市,海淀区,116.3401916,40.02575318
旗舞广场公园,风景名胜,公园广场,公园广场,清河G6旗舞广场公园(水木天成旁),北京市,北京市,海淀区,116.3435073,40.02800721
唐健人景观,风景名胜,风景名胜相关,旅游景点,强佑清河新城优馆A栋10层1046,北京市,北京市,海淀区,116.3401353,40.02887813
清河教堂,风景名胜,风景名胜,教堂,清河路181号北京燕京神学院内,北京市,北京市,海淀区,116.3639847,40.02973906
奥林匹克公园绿化中心,风景名胜,公园广场,公园,奥林匹克公园内,北京市,北京市,朝阳区,116.3691751,40.02523525
森林公园向日葵园,风景名胜,公园广场,公园,安立路奥林匹克森林公园北园内,北京市,北京市,朝阳区,116.3730677,40.02331141
北京奥林匹克公园-花田野趣,风景名胜,风景名胜,风景名胜,林萃路3号,北京市,北京市,朝阳区,116.3730647,40.02332041
北京奥林匹克公园-大树园,风景名胜,风景名胜,风景名胜,安立路奥林匹克森林公园北园内,北京市,北京市,朝阳区,116.3751219,40.02777534
奥林匹克森林公园北园,风景名胜,公园广场,公园,科荟路33号,北京市,北京市,朝阳区,116.3868856,40.02584291
北京奥林匹克公园-楼兰姑娘,风景名胜,风景名胜,风景名胜,安立路奥林匹克森林公园北园内,北京市,北京市,朝阳区,116.3869952,40.0291437
北京奥林匹克公园-生态廊道,风景名胜,风景名胜,风景名胜,安立路奥林匹克森林公园内,北京市,北京市,朝阳区,116.3857598,40.02103162
北京奥林匹克公园-雨燕塔,风景名胜,风景名胜,风景名胜,安立路奥林匹克森林公园北园内,北京市,北京市,朝阳区,116.3897302,40.02920877
北辰绿色中央公园,风景名胜,公园广场,公园,奥运村,北京市,北京市,朝阳区,116.4085167,40.02918814
奥林匹克公园休闲广场,风景名胜,公园广场,城市广场,安立路奥林匹克森林公园北园内,北京市,北京市,朝阳区,116.4000838,40.02512134
奥林匹克森林公园体育园,风景名胜,公园广场,公园,科荟路附近,北京市,北京市,朝阳区,116.4012266,40.02967234
滑冰俱乐部,风景名胜,风景名胜相关,旅游景点,亚奥北苑路甲13号,北京市,北京市,朝阳区,116.4107924,40.03056143
北京朝来森林公园(来广营乡农产品质量安全管理站西),风景名胜,公园广场,公园,北苑东路东200米,北京市,北京市,朝阳区,116.4376591,40.02553682
北京朝来森林公园,风景名胜,风景名胜,风景名胜,新生北路,北京市,北京市,朝阳区,116.4480645,40.02974525
十友园,风景名胜,公园广场,公园广场,来广营北路北纬40度小区后身(近来广营家具建材城),北京市,北京市,朝阳区,116.4554904,40.0220466
竣园,风景名胜,公园广场,公园,来广营北五环,北京市,北京市,朝阳区,116.466845,40.02860225
纬景园,风景名胜,公园广场,公园,广顺北大街附近,北京市,北京市,朝阳区,116.4601503,40.02204809
香江广场,风景名胜,公园广场,城市广场,来广营东路5号,北京市,北京市,朝阳区,116.5053216,40.02335541
康营清真寺,风景名胜,风景名胜,回教寺,孙河,北京市,北京市,朝阳区,116.531782,40.03070999
灵山名胜风景区(暂停营业),风景名胜,风景名胜,风景名胜,清水镇,北京市,北京市,门头沟区,115.4880238,40.01549512
龙门涧风景区,风景名胜,风景名胜,风景名胜,清水镇燕家台村,北京市,北京市,门头沟区,115.5545052,40.02125919
龙门涧风景区-幽灵泉,风景名胜,风景名胜,风景名胜,,北京市,北京市,门头沟区,115.5608852,40.01184707
龙门涧风景区-猫腰石,风景名胜,风景名胜,风景名胜,,北京市,北京市,门头沟区,115.5689024,40.01995614
龙门涧风景区-金熊望月,风景名胜,风景名胜,风景名胜,,北京市,北京市,门头沟区,115.560886,40.01295002
龙门涧风景区-甜仙泉,风景名胜,风景名胜,风景名胜,,北京市,北京市,门头沟区,115.5608911,40.01225106
龙门涧风景区-群龙汇萃,风景名胜,风景名胜,风景名胜,龙门涧风景区,北京市,北京市,门头沟区,115.5618891,40.01245238
龙门涧风景区-金螺峰,风景名胜,风景名胜,风景名胜,龙门涧风景区幽灵泉龙门涧风景区-青龙潭附近,北京市,北京市,门头沟区,115.5608802,40.01155408
龙门涧风景区-波浪石,风景名胜,风景名胜,风景名胜,清水镇龙门涧风景区猫腰石,北京市,北京市,门头沟区,115.5689174,40.02037014
龙门涧风景区-半面神君,风景名胜,风景名胜,风景名胜,,北京市,北京市,门头沟区,115.559892,40.01286167
龙门涧风景区-燕家台,风景名胜,风景名胜,风景名胜,,北京市,北京市,门头沟区,115.5658894,40.01226027
龙门涧风景区-铁面人,风景名胜,风景名胜,风景名胜,龙门涧风景区,北京市,北京市,门头沟区,115.5598788,40.01434658
龙门涧风景区-小三峡,风景名胜,风景名胜,风景名胜,,北京市,北京市,门头沟区,115.5689022,40.02135908
龙门涧风景区-憩英园,风景名胜,风景名胜,风景名胜,龙门涧风景区,北京市,北京市,门头沟区,115.5719084,40.01506018
龙门涧风景区-巨人峰,风景名胜,风景名胜,风景名胜,,北京市,北京市,门头沟区,115.5719032,40.0167661
龙门涧风景区-龙须瀑,风景名胜,风景名胜,风景名胜,,北京市,北京市,门头沟区,115.5709037,40.01766117
龙门涧风景区-剑劈峰,风景名胜,风景名胜,风景名胜,清水镇龙门涧风景区,北京市,北京市,门头沟区,115.5729055,40.01726392
龙门涧风景区-二将军石,风景名胜,风景名胜,风景名胜,清水镇龙门涧风景区二将军石龙门涧风景区-点将台附近,北京市,北京市,门头沟区,115.5709165,40.01907411
龙门涧风景区-点将台,风景名胜,风景名胜,风景名胜,清水镇龙门涧风景区二将军石,北京市,北京市,门头沟区,115.5709116,40.01877412
龙门涧风景区-冰瀑,风景名胜,风景名胜,风景名胜,清水镇龙门涧风景区大将军石,北京市,北京市,门头沟区,115.5709166,40.01837614
龙门涧风景区-大将军石,风景名胜,风景名胜,风景名胜,,北京市,北京市,门头沟区,115.5709157,40.01796916
龙门涧风景区-饮马槽,风景名胜,风景名胜,风景名胜,龙门涧风景区,北京市,北京市,门头沟区,115.5709007,40.01756217
龙门涧风景区-弥勒迎宾,风景名胜,风景名胜,风景名胜,,北京市,北京市,门头沟区,115.5699018,40.02126406
龙门涧风景区-古炮台,风景名胜,风景名胜,风景名胜,,北京市,北京市,门头沟区,115.5749184,40.01437962
龙门涧风景区-空中溶洞,风景名胜,风景名胜,风景名胜,清水镇龙门涧风景区,北京市,北京市,门头沟区,115.5719088,40.01985796
龙门涧风景区-放歌台,风景名胜,风景名胜,风景名胜,,北京市,北京市,门头沟区,115.5699189,40.02017313
龙门涧风景区售票处,风景名胜,公园广场,公园内部设施,,北京市,北京市,门头沟区,115.5726388,40.01174695
龙门涧风景区-悬空寺,风景名胜,风景名胜,寺庙道观,龙门涧风景区,北京市,北京市,门头沟区,115.5799162,40.01917052
龙门涧风景区-塔园,风景名胜,风景名胜,风景名胜,清水镇龙门涧风景区,北京市,北京市,门头沟区,115.580916,40.01976898
龙门涧风景区-圣母殿,风景名胜,风景名胜,风景名胜,清水镇龙门涧风景区龙王殿,北京市,北京市,门头沟区,115.5819159,40.01916445
龙门涧风景区-弥勒洞,风景名胜,风景名胜,风景名胜,,北京市,北京市,门头沟区,115.5819121,40.01786851
龙门涧风景区-龙王殿,风景名胜,风景名胜,风景名胜,,北京市,北京市,门头沟区,115.58191,40.01877246
龙门涧风景区-张仙殿,风景名胜,风景名胜,风景名胜,龙门涧风景区(022县道西),北京市,北京市,门头沟区,115.581918,40.01846748
龙门涧风景区-观瀑洞,风景名胜,风景名胜,风景名胜,龙门涧风景区,北京市,北京市,门头沟区,115.5819267,40.02118036
龙门涧风景区-诊所遗址,风景名胜,风景名胜,风景名胜,清水镇龙门涧风景区,北京市,北京市,门头沟区,115.5799163,40.01846855
龙门涧风景区-半山亭,风景名胜,风景名胜,风景名胜,龙门涧风景区(022县道西),北京市,北京市,门头沟区,115.5819252,40.01708255
龙门涧风景区-柏林,风景名胜,风景名胜,风景名胜,清水镇龙门涧风景区,北京市,北京市,门头沟区,115.580928,40.02018196
门头沟区雁翅镇高台村,风景名胜,风景名胜相关,旅游景点,高台村,北京市,北京市,门头沟区,115.8260243,40.016793
京西十八潭-明月潭,风景名胜,风景名胜相关,旅游景点,109国道西50米,北京市,北京市,门头沟区,115.9191406,40.01425433
关帝庙,风景名胜,风景名胜,寺庙道观,龙泉三家店后街,北京市,北京市,门头沟区,116.0452439,40.01870584
老爷庙,风景名胜,风景名胜相关,旅游景点,西六环附近,北京市,北京市,门头沟区,116.1017381,40.01847825
东山贡梨园-枣树湾旅游观光园,风景名胜,风景名胜相关,旅游景点,东山大后街9号,北京市,北京市,门头沟区,116.1362833,40.011469
曹雪芹小道,风景名胜,风景名胜相关,旅游景点,白家瞳路,北京市,北京市,海淀区,116.1717672,40.0160478
一二·九运动纪念亭,风景名胜,公园广场,植物园,香山路北京植物园,北京市,北京市,海淀区,116.1939194,40.0111906
观景台,风景名胜,风景名胜,风景名胜,,北京市,北京市,海淀区,116.197901,40.0175164
水源头,风景名胜,风景名胜,风景名胜,香山路与香山南路交叉口处,北京市,北京市,海淀区,116.1930914,40.01122229
西山四棵树,风景名胜,风景名胜相关,旅游景点,北五环路,北京市,北京市,海淀区,116.1982388,40.01735191
宝藏寺,风景名胜,风景名胜,寺庙道观|地名地址信息,冷泉东路,北京市,北京市,海淀区,116.2380255,40.01464934
青龙桥地区文化广场,风景名胜,公园广场,城市广场,肖家河桥与S50北五环交叉口西北150米,北京市,北京市,海淀区,116.2718359,40.01241496
圆明园-顺木天,风景名胜,风景名胜,风景名胜,清华西路28号圆明园遗址公园内,北京市,北京市,海淀区,116.2858411,40.01126464
巾帼文明岗,风景名胜,风景名胜相关,旅游景点,肖家河东村原敬老院院内附近,北京市,北京市,海淀区,116.2817967,40.016401
树村清真寺,风景名胜,风景名胜,回教寺,树村街甲2号,北京市,北京市,海淀区,116.2966248,40.0195984
圆明园-鱼跃鸢飞,风景名胜,风景名胜,风景名胜,清华西路28号圆明园遗址公园内,北京市,北京市,海淀区,116.2909233,40.01233698
圆明园-大船坞,风景名胜,风景名胜,风景名胜,清华西路28号圆明园遗址公园内,北京市,北京市,海淀区,116.2973533,40.01209652
圆明园-武圣祠,风景名胜,风景名胜,风景名胜,清华西路28号圆明园遗址公园内,北京市,北京市,海淀区,116.2986277,40.01275232
圆明园-北远山村,风景名胜,风景名胜,风景名胜,清华西路28号圆明园遗址公园西北景区内,北京市,北京市,海淀区,116.2921452,40.01187608
圆明园-线法山,风景名胜,风景名胜,风景名胜,清华西路28号圆明园遗址公园内,北京市,北京市,海淀区,116.3075631,40.01221641
圆明园-五竹亭,风景名胜,风景名胜,风景名胜,清华西路28号圆明园遗址公园内,北京市,北京市,海淀区,116.30388,40.01168714
海晏堂蓄水池台基,风景名胜,风景名胜,风景名胜,清华西路28号圆明园遗址公园内,北京市,北京市,海淀区,116.305754,40.01188574
圆明园-巴洛克石刻构件,风景名胜,风景名胜,风景名胜,清华西路28号圆明园遗址内,北京市,北京市,海淀区,116.3058867,40.01252647
圆明园-青云石,风景名胜,风景名胜,风景名胜,清华西路28号圆明园遗址公园内,北京市,北京市,海淀区,116.3059136,40.01253042
圆明园-维克多·雨果,风景名胜,风景名胜,风景名胜,清华西路28号圆明园遗址公园内,北京市,北京市,海淀区,116.3073366,40.01202184
圆明园-任亮碑,风景名胜,风景名胜,风景名胜,清华西路28号圆明园遗址公园内,北京市,北京市,海淀区,116.3058677,40.01252351
圆明园-蓄水楼,风景名胜,风景名胜,风景名胜,清华西路28号圆明园遗址公园内,北京市,北京市,海淀区,116.3019131,40.01172965
圆明园-西洋楼景区,风景名胜,风景名胜,风景名胜,清华西路28号圆明园遗址公园内,北京市,北京市,海淀区,116.3065073,40.01248734
圆明园-观水法,风景名胜,风景名胜,风景名胜,清华西路28号圆明园遗址公园内,北京市,北京市,海淀区,116.3066461,40.01186111
圆明园-残雕沉思,风景名胜,风景名胜,风景名胜,清华西路28号圆明园遗址公园内,北京市,北京市,海淀区,116.3041574,40.01213662
圆明园-方壶胜境,风景名胜,风景名胜,风景名胜,清华西路28号圆明园遗址公园内,北京市,北京市,海淀区,116.3008473,40.01171552
圆明园-绕法山,风景名胜,风景名胜,风景名胜,清华西路28号圆明园遗址公园内,北京市,北京市,海淀区,116.3078723,40.01280382
圆明园-大水法,风景名胜,风景名胜相关,旅游景点,清华西路28号圆明园遗址内,北京市,北京市,海淀区,116.3065523,40.01217227
圆明园-黄花阵,风景名胜,风景名胜,风景名胜,清华西路28号圆明园遗址公园内,北京市,北京市,海淀区,116.3023432,40.01185288
圆明园-养雀笼,风景名胜,风景名胜,风景名胜,清华西路28号圆明园遗址公园内,北京市,北京市,海淀区,116.3028891,40.01175191
泽兰堂,风景名胜,风景名胜,风景名胜,清华西路28号圆明园遗址公园内,北京市,北京市,海淀区,116.3064246,40.01134054
圆明园-谐奇趣,风景名胜,风景名胜,风景名胜,清华西路28号圆明园遗址公园内,北京市,北京市,海淀区,116.3023383,40.0115659
迷宫,风景名胜,风景名胜,风景名胜,清华西路28号圆明园遗址内,北京市,北京市,海淀区,116.3022214,40.01230008
圆明园-蕊珠宫,风景名胜,风景名胜,风景名胜,清华西路28号圆明园遗址公园内,北京市,北京市,海淀区,116.3013043,40.0121727
圆明园-天宇明空,风景名胜,风景名胜,风景名胜,清华西路28号圆明园遗址公园内,北京市,北京市,海淀区,116.3003412,40.01311934
圆明园-水力钟喷泉,风景名胜,风景名胜,风景名胜,清华西路28号圆明园遗址公园内,北京市,北京市,海淀区,116.3045716,40.01175689
圆明园-遗址车站,风景名胜,风景名胜,风景名胜,清华西路28号圆明园遗址内,北京市,北京市,海淀区,116.3016188,40.01149818
远瀛观,风景名胜,风景名胜,风景名胜,清华西路28号圆明园遗址公园长春园景区内,北京市,北京市,海淀区,116.3065453,40.01237028
圆明园遗址公园,风景名胜,风景名胜,国家级景点,中关村北大街甲18号,北京市,北京市,海淀区,116.3109277,40.01155818
毛泽东雕像,风景名胜,风景名胜,风景名胜,信息路48号北京体育大学内,北京市,北京市,海淀区,116.3109606,40.02018572
怡园,风景名胜,公园广场,公园,滨河路与箭亭桥交叉口西北200米,北京市,北京市,海淀区,116.3140917,40.01938885
圆明园-荷花观赏区,风景名胜,风景名胜,风景名胜,清华西路28号圆明园遗址公园长春园景区内,北京市,北京市,海淀区,116.3101005,40.0122837
方河,风景名胜,风景名胜,风景名胜,清华西路28号圆明园遗址内,北京市,北京市,海淀区,116.3109057,40.01226719
圆明园-狮子林,风景名胜,风景名胜,风景名胜,清华西路28号圆明园遗址公园内,北京市,北京市,海淀区,116.3107731,40.01159247
东升八家郊野公园-京林园林,风景名胜,公园广场,公园广场,中关村北大街23号,北京市,北京市,海淀区,116.3284961,40.01536842
荷清园,风景名胜,公园广场,公园,荷清路清华附中北,北京市,北京市,海淀区,116.3199548,40.01540581
北京市海淀区八家地郊野公园,风景名胜,公园广场,公园,东升乡双清路5号,北京市,北京市,海淀区,116.3273285,40.01736456
新东源股份社八家郊野公园项目筹备处,风景名胜,风景名胜相关,旅游景点,后八家,北京市,北京市,海淀区,116.3260366,40.01657207
东升八家郊野公园,风景名胜,公园广场,公园,东升乡双清路5号,北京市,北京市,海淀区,116.3309432,40.01812964
东升郊野公园东区,风景名胜,风景名胜相关,旅游景点,毛纺路附近,北京市,北京市,海淀区,116.3326644,40.01742943
竹溪园,商务住宅,住宅区,住宅小区|风景名胜,学院路东侧双泉堡路125号,北京市,北京市,海淀区,116.3525263,40.01192705
北京奥林匹克公园-同心环,风景名胜,风景名胜,风景名胜,,北京市,北京市,朝阳区,116.3714649,40.01233748
北京奥林匹克公园-运动员之路雕塑,风景名胜,风景名胜,风景名胜,,北京市,北京市,朝阳区,116.3723908,40.01301454
北京奥林匹克公园-湿地,风景名胜,风景名胜,风景名胜,国家体育场北路北京奥林匹克公园内,北京市,北京市,朝阳区,116.3782903,40.01731528
北京奥林匹克公园-两岸客家心系奥运,风景名胜,风景名胜,风景名胜,科荟路33号奥林匹克森林公园南园内,北京市,北京市,朝阳区,116.3751674,40.01578587
北京奥林匹克公园-静心池,风景名胜,风景名胜,风景名胜,科荟路33号奥林匹克森林公园南园内,北京市,北京市,朝阳区,116.3782334,40.01688434
北京奥林匹克公园-沉水廊道,风景名胜,风景名胜,风景名胜,科荟路33号奥林匹克森林公园南园内,北京市,北京市,朝阳区,116.3768767,40.01619443
北京奥林匹克公园-十镜雕塑,风景名胜,风景名胜,风景名胜,科荟路33号奥林匹克森林公园南园内,北京市,北京市,朝阳区,116.3772745,40.01539715
北京奥林匹克公园-奉献雕塑,风景名胜,风景名胜,风景名胜,科荟路33号奥林匹克森林公园南园内,北京市,北京市,朝阳区,116.3772845,40.01466217
北京奥林匹克公园-共铸辉煌雕塑,风景名胜,风景名胜,风景名胜,科荟路33号奥林匹克森林公园南园内,北京市,北京市,朝阳区,116.376846,40.01403455
北京奥林匹克公园-3A景观石,风景名胜,风景名胜,风景名胜,科荟路33号奥林匹克森林公园南园内北京奥林匹克公园-十镜雕塑附近,北京市,北京市,朝阳区,116.3773274,40.0155331
北京奥林匹克公园-叠水花台,风景名胜,风景名胜,风景名胜,科荟路33号奥林匹克森林公园南园内,北京市,北京市,朝阳区,116.3760295,40.01601513
北京奥林匹克公园-南园西门站专线4,风景名胜,风景名胜相关,旅游景点,科荟路33号奥林匹克森林公园南园内,北京市,北京市,朝阳区,116.3771667,40.0138413
北京奥林匹克公园-湿地站专线2,风景名胜,风景名胜相关,旅游景点,科荟路33号奥林匹克森林公园南园内,北京市,北京市,朝阳区,116.3787927,40.01856085
北京奥林匹克公园,风景名胜,风景名胜,国家级景点,北辰东路15号,北京市,北京市,朝阳区,116.3862805,40.01360374
奥森银杏林,风景名胜,风景名胜,风景名胜,奥林匹克公园内,北京市,北京市,朝阳区,116.3794009,40.01300667
奥林匹克森林公园南园(入口),风景名胜,风景名胜相关,旅游景点,科荟路33号奥林匹克森林公园南园内,北京市,北京市,朝阳区,116.3938157,40.01963842
北京奥林匹克公园-洼里湖,风景名胜,风景名胜,风景名胜,科荟路33号奥林匹克森林公园南园内,北京市,北京市,朝阳区,116.3913944,40.01711493
北京奥林匹克公园-石雕,风景名胜,风景名胜,风景名胜,科荟路33号奥林匹克森林公园南园内,北京市,北京市,朝阳区,116.3930732,40.01656366
北京奥林匹克公园-城中的云,风景名胜,风景名胜,风景名胜,科荟路33号奥林匹克森林公园南园内,北京市,北京市,朝阳区,116.394237,40.01771347
北京奥林匹克公园-龙腾友谊林,风景名胜,风景名胜,风景名胜,科荟路33号奥林匹克森林公园南园内,北京市,北京市,朝阳区,116.390416,40.01372232
北京奥林匹克公园-艺术品,风景名胜,风景名胜,风景名胜,科荟路33号奥林匹克森林公园南园内,北京市,北京市,朝阳区,116.3925783,40.01644474
北京奥林匹克公园-天境东站专线4,风景名胜,风景名胜相关,旅游景点,科荟路33号奥林匹克森林公园南园内,北京市,北京市,朝阳区,116.3891947,40.01839544
北京奥林匹克公园-天境东站专线2,风景名胜,风景名胜相关,旅游景点,科荟路33号奥林匹克森林公园南园内,北京市,北京市,朝阳区,116.3892407,40.01851342
北京奥林匹克公园-南园东门站专线2,风景名胜,风景名胜相关,旅游景点,科荟路33号奥林匹克森林公园南园内,北京市,北京市,朝阳区,116.3931553,40.0153867
仰山公园,风景名胜,公园广场,公园,北五环仰山桥南侧,北京市,北京市,朝阳区,116.4064528,40.01726868
六王坟,风景名胜,风景名胜相关,旅游景点,亚运村大屯北辛店村六王坟甲2号院,北京市,北京市,朝阳区,116.4150719,40.01412739
北京卢沟桥热气球主题园,风景名胜,公园广场,公园,来广营西路92号,北京市,北京市,朝阳区,116.4133184,40.01910876
密云清水河湿地,风景名胜,风景名胜相关,旅游景点,顾家庄桥与S50北五环交叉口西150米,北京市,北京市,朝阳区,116.4306126,40.01951646
言宜亭,风景名胜,风景名胜相关,旅游景点,来广营西路1号,北京市,北京市,朝阳区,116.4485772,40.01972785
东湖利泽西街小公园,风景名胜,风景名胜相关,旅游景点,望京北路39-3号楼附近,北京市,北京市,朝阳区,116.4564005,40.01278523
瑞竹园,风景名胜,公园广场,公园,来广营西路北100米,北京市,北京市,朝阳区,116.4531165,40.0197761
吏部尚书广寿墓,风景名胜,风景名胜,风景名胜,东辛店中街西50米,北京市,北京市,朝阳区,116.5004041,40.01566526
马南里公园,风景名胜,公园广场,公园,来广营东路,北京市,北京市,朝阳区,116.5026251,40.01893969
蟹岛农庄广场,风景名胜,公园广场,公园广场,蟹岛路1号院仿古农庄区内,北京市,北京市,朝阳区,116.5396388,40.01874464
林荫广场,风景名胜,公园广场,城市广场,蟹岛路1号蟹岛绿色生态度假村内,北京市,北京市,朝阳区,116.5442266,40.01866727
蟹岛湖湿地,风景名胜,风景名胜,风景名胜,蟹岛路1号(机场辅路中段)蟹岛国际会展中心6号馆,北京市,北京市,朝阳区,116.5440464,40.01633702
怡龙亭,风景名胜,风景名胜,风景名胜,蟹岛路1号(机场辅路中段)蟹岛国际会展中心6号馆蟹岛内,北京市,北京市,朝阳区,116.5432323,40.01740331
牦牛,风景名胜,风景名胜,风景名胜,蟹岛路1号蟹岛绿色生态度假村内,北京市,北京市,朝阳区,116.543341,40.0137447
鸸鹋,风景名胜,风景名胜,风景名胜,蟹岛路1号蟹岛绿色生态度假村内,北京市,北京市,朝阳区,116.5431726,40.01360536
矮马,风景名胜,风景名胜,风景名胜,蟹岛路1号蟹岛绿色生态度假村内,北京市,北京市,朝阳区,116.5432688,40.01354856
野生动物标本馆,风景名胜,风景名胜相关,旅游景点,蟹岛路1号蟹岛绿色生态度假村内,北京市,北京市,朝阳区,116.5432868,40.01435656
毛驴,风景名胜,风景名胜,风景名胜,蟹岛路1号蟹岛绿色生态度假村内,北京市,北京市,朝阳区,116.5439936,40.01350104
鱼苗池,风景名胜,风景名胜,风景名胜,蟹岛路1号(机场辅路中段)蟹岛国际会展中心6号馆蟹岛内,北京市,北京市,朝阳区,116.5397655,40.01546107
梅花鹿,风景名胜,风景名胜,风景名胜,蟹岛路1号蟹岛绿色生态度假村内,北京市,北京市,朝阳区,116.5433851,40.01365479
多肉植物,风景名胜,风景名胜,风景名胜,蟹岛路1号(机场辅路中段)蟹岛国际会展中心6号馆蟹岛内,北京市,北京市,朝阳区,116.5484412,40.0132667
猕猴,风景名胜,风景名胜,风景名胜,蟹岛路1号蟹岛绿色生态度假村内,北京市,北京市,朝阳区,116.5436718,40.01368238
伊甸园,风景名胜,风景名胜,风景名胜,蟹岛路1号(机场辅路中段)蟹岛国际会展中心6号馆蟹岛内,北京市,北京市,朝阳区,116.5412279,40.01954602
蟹岛-戏台,风景名胜,风景名胜,风景名胜,蟹岛路1号(机场辅路中段)蟹岛国际会展中心6号馆蟹岛内,北京市,北京市,朝阳区,116.542406,40.01852955
辘轳井,风景名胜,风景名胜,风景名胜,蟹岛路1号蟹岛绿色生态度假村内,北京市,北京市,朝阳区,116.5426828,40.01824413
蟹岛-老马场,风景名胜,风景名胜,风景名胜,蟹岛路1号(机场辅路中段)蟹岛国际会展中心6号馆蟹岛内,北京市,北京市,朝阳区,116.5434535,40.01985265
蟹岛-国际车展1号馆,风景名胜,风景名胜,风景名胜,蟹岛路1号(机场辅路中段)蟹岛国际会展中心6号馆蟹岛内,北京市,北京市,朝阳区,116.5544556,40.01432515
蟹岛-国际车展7号馆,风景名胜,风景名胜,风景名胜,蟹岛路1号(机场辅路中段)蟹岛国际会展中心6号馆蟹岛内,北京市,北京市,朝阳区,116.5544097,40.01297014
蟹岛-国际车展8号馆,风景名胜,风景名胜,风景名胜,蟹岛路1号(机场辅路中段)蟹岛国际会展中心6号馆蟹岛内,北京市,北京市,朝阳区,116.5557623,40.01288931
蟹岛-休息亭,风景名胜,风景名胜相关,旅游景点,蟹岛路1号(机场辅路中段)蟹岛国际会展中心6号馆蟹岛内,北京市,北京市,朝阳区,116.5520848,40.01517914
Vfly蹦床公园,风景名胜,风景名胜相关,旅游景点,金盏乡森林公园东1号斯普瑞斯奥特莱斯B区3层,北京市,北京市,朝阳区,116.5897834,40.0114819
奥运生态公园,风景名胜,公园广场,公园,创业园路南50米,北京市,北京市,通州区,116.6345248,40.01565773
东郊湿地公园(建设中),风景名胜,公园广场,公园,富壁路,北京市,北京市,通州区,116.6554932,40.01858316
灵山名胜风景区-二帝山,风景名胜,公园广场,公园,013县道东50米,北京市,北京市,门头沟区,115.4853877,40.0041928
灵山名胜风景区-二帝山森林公园,风景名胜,公园广场,公园,清水镇灵山路灵山名胜风景区,北京市,北京市,门头沟区,115.4857502,40.00418487
龙门涧风景区-鬼谷涧,风景名胜,风景名胜,风景名胜,上燕路,北京市,北京市,门头沟区,115.5572407,40.0021703
龙门涧风景区-京西大峡谷,风景名胜,风景名胜,风景名胜,零一二县道,北京市,北京市,门头沟区,115.5609281,40.00468544
龙门涧风景区-南溶洞,风景名胜,风景名胜,风景名胜,清水镇龙门涧风景区,北京市,北京市,门头沟区,115.5618912,40.01125144
龙门涧风景区-钓鱼池,风景名胜,风景名胜,风景名胜,清水镇龙门涧风景区,北京市,北京市,门头沟区,115.5619055,40.00945953
通仙观遗址,风景名胜,风景名胜,风景名胜,双大路附近,北京市,北京市,门头沟区,115.5759102,40.00926556
鱼塘,风景名胜,风景名胜,风景名胜,双大路附近,北京市,北京市,门头沟区,115.5749089,40.01076378
灵水举人村,风景名胜,风景名胜,风景名胜,灵水村,北京市,北京市,门头沟区,115.7254871,40.00282846
灵水举人村-灵水村,风景名胜,风景名胜相关,旅游景点,斋堂镇,北京市,北京市,门头沟区,115.7297574,40.00308279
灵水举人村-破城子,风景名胜,风景名胜相关,旅游景点,702乡道西50米,北京市,北京市,门头沟区,115.7313811,40.00265797
爸爸去哪儿一号院古朴房,风景名胜,风景名胜,风景名胜,702乡道西50米,北京市,北京市,门头沟区,115.7306473,40.00211736
灵水举人村-爸爸去哪2号院,风景名胜,风景名胜,风景名胜,702乡道西100米,北京市,北京市,门头沟区,115.7303623,40.00248949
爸爸去哪了4号住房,风景名胜,风景名胜,风景名胜,702乡道附近,北京市,北京市,门头沟区,115.7295314,40.00353589
爸爸去哪了3号住房,风景名胜,风景名胜,风景名胜,斋堂镇灵水举人村爸爸去哪了5号院,北京市,北京市,门头沟区,115.7294195,40.00361495
爸爸去哪了2号住房,风景名胜,风景名胜,风景名胜,702乡道附近,北京市,北京市,门头沟区,115.7296964,40.0035678
灵水举人村-爸爸去哪了5号院,风景名胜,风景名胜,风景名胜,斋堂镇灵水村94号,北京市,北京市,门头沟区,115.7294154,40.00374995
北京市门头沟后桑峪天主堂,风景名胜,风景名胜,教堂,,北京市,北京市,门头沟区,115.7610114,40.00439993
后桑峪村天主教堂,风景名胜,风景名胜,教堂,近郊斋堂镇后桑峪村(近929路支军饷站),北京市,北京市,门头沟区,115.7608583,40.00362187
京西十八潭,风景名胜,风景名胜,省级景点,王平镇安家庄,北京市,北京市,门头沟区,115.9029593,40.00227504
清凉界漂流,风景名胜,风景名胜,风景名胜,色树坟,北京市,北京市,门头沟区,115.9302006,40.00685033
东山贡梨园,风景名胜,风景名胜,风景名胜,军庄镇东山村,北京市,北京市,门头沟区,116.1386945,40.00957985
大清贡梨园,风景名胜,风景名胜,风景名胜,,北京市,北京市,门头沟区,116.1475854,40.01021767
望京楼,风景名胜,风景名胜相关,旅游景点,香山公园北,北京市,北京市,海淀区,116.169773,40.00496658
樱桃沟,风景名胜,公园广场,植物园,香山路北京植物园,北京市,北京市,海淀区,116.1960006,40.00924191
北京植物园-集秀园,风景名胜,公园广场,植物园,卧佛寺路南辛村20号北京植物园内,北京市,北京市,海淀区,116.1988965,40.00713533
梅园,风景名胜,公园广场,植物园,卧佛寺路南辛村20号北京植物园内,北京市,北京市,海淀区,116.1978934,40.00633689
北京植物园-梅园庭院精品区,风景名胜,风景名胜,风景名胜,香山路与香山南路交叉口处梅园,北京市,北京市,海淀区,116.1981558,40.00724324
鹿岩精舍,风景名胜,风景名胜,风景名胜,香山路与香山南路交叉口处,北京市,北京市,海淀区,116.1946252,40.01034074
水流云在之居,风景名胜,风景名胜,风景名胜,香山路与香山南路交叉口处,北京市,北京市,海淀区,116.1946262,40.01033975
北京植物园-古柯·亭荫,风景名胜,风景名胜,风景名胜,卧佛寺路北京植物园,北京市,北京市,海淀区,116.1984565,40.00719769
北京植物园-梅园山林游赏区,风景名胜,公园广场,植物园,香山路与香山南路交叉口处梅园,北京市,北京市,海淀区,116.1976347,40.00662049
北京植物园-碉楼,风景名胜,风景名胜,世界遗产,北京植物园附近,北京市,北京市,海淀区,116.2070355,40.00147664
卧佛寺,风景名胜,风景名胜,寺庙道观,香山路北京植物园,北京市,北京市,海淀区,116.2011626,40.0067896
北京植物园-海棠园,风景名胜,公园广场,植物园,香山路北京植物园,北京市,北京市,海淀区,116.2009086,40.00235343
丁香园,风景名胜,公园广场,植物园,香山路北京植物园,北京市,北京市,海淀区,116.201907,40.00114888
宿根园,风景名胜,公园广场,植物园,香山路北京植物园,北京市,北京市,海淀区,116.2018975,40.00453872
北京植物园-木兰园,风景名胜,公园广场,植物园,香山路北京植物园,北京市,北京市,海淀区,116.1998981,40.0044349
北京植物园-琉璃牌坊,风景名胜,风景名胜,风景名胜,卧佛寺路北京植物园卧佛寺,北京市,北京市,海淀区,116.2012159,40.00543973
梁启超墓,风景名胜,公园广场,植物园,香山路北京植物园,北京市,北京市,海淀区,116.2067648,40.00288824
北京植物园-揽月,风景名胜,风景名胜,风景名胜,卧佛寺路北京植物园,北京市,北京市,海淀区,116.2009729,40.00122457
北京植物园-岩后园,风景名胜,风景名胜,风景名胜,卧佛寺路北京植物园,北京市,北京市,海淀区,116.201643,40.00428538
北京植物园-金园北京丁香,风景名胜,公园广场,植物园,卧佛寺路北京植物园,北京市,北京市,海淀区,116.201924,40.0012279
北京植物园-三世佛殿,风景名胜,风景名胜,寺庙道观,卧佛寺路北京植物园卧佛寺,北京市,北京市,海淀区,116.2012128,40.00652368
北京植物园-集秀园(竹园),风景名胜,公园广场,植物园,卧佛寺路北京植物园,北京市,北京市,海淀区,116.1998427,40.00683872
北京植物园-祖师殿,风景名胜,风景名胜,风景名胜,卧佛寺路北京植物园卧佛寺,北京市,北京市,海淀区,116.2009262,40.00637028
北京植物园-倚山居,风景名胜,风景名胜,风景名胜,卧佛寺路北京植物园,北京市,北京市,海淀区,116.2009027,40.00136847
北京植物园-伽蓝殿,风景名胜,风景名胜,风景名胜,卧佛寺路北京植物园卧佛寺,北京市,北京市,海淀区,116.2013932,40.00637494
北京植物园-卧佛殿,风景名胜,风景名胜,风景名胜,卧佛寺路北京植物园卧佛寺,北京市,北京市,海淀区,116.2011396,40.00674457
北京植物园-风雨同舟,风景名胜,风景名胜,风景名胜,卧佛寺路北京植物园,北京市,北京市,海淀区,116.1994734,40.00257637
北京植物园-天下第一香,风景名胜,风景名胜,风景名胜,卧佛寺路北京植物园,北京市,北京市,海淀区,116.2008436,40.00142038
北京植物园-竹韵,风景名胜,风景名胜,风景名胜,香山路北京植物园,北京市,北京市,海淀区,116.1995209,40.00732323
北京植物园-木兰小檗区,风景名胜,风景名胜,风景名胜,香山路与香山南路交叉口处,北京市,北京市,海淀区,116.2048308,40.00372372
北京植物园-宿根花卉园,风景名胜,公园广场,植物园,卧佛寺路南辛村22号北京植物园内,北京市,北京市,海淀区,116.2012631,40.00487482
北京植物园-海棠栒子园,风景名胜,公园广场,植物园,卧佛寺路南辛村20号北京植物园内,北京市,北京市,海淀区,116.2001801,40.00189642
北京植物园-泡桐白蜡区,风景名胜,风景名胜,风景名胜,卧佛寺路南辛村22号北京植物园内,北京市,北京市,海淀区,116.2028557,40.0032281
北京植物园-槭树蔷薇区,风景名胜,公园广场,植物园|风景名胜,香山路与香山南路交叉口处,北京市,北京市,海淀区,116.2052017,40.00271425
北京植物园-铜卧佛,风景名胜,风景名胜,风景名胜,卧佛寺路北京植物园,北京市,北京市,海淀区,116.2011707,40.00675161
北京植物园-卧佛寺,风景名胜,风景名胜,寺庙道观,卧佛寺路北京植物园,北京市,北京市,海淀区,116.2011626,40.0067896
北京植物园树木区,风景名胜,公园广场,植物园,香山路北京植物园,北京市,北京市,海淀区,116.2056216,40.00244281
北京植物园-孙传芳墓,风景名胜,风景名胜,风景名胜,卧佛寺路南辛村22号北京植物园内,北京市,北京市,海淀区,116.2023446,40.00383037
北京植物园-万松亭,风景名胜,风景名胜,风景名胜,卧佛寺路北京植物园,北京市,北京市,海淀区,116.2000161,40.00711696
北京植物园-智光重朗,风景名胜,风景名胜,风景名胜,香山卧佛寺路北京植物园内,北京市,北京市,海淀区,116.2012853,40.0039409
北京植物园-龙王庙,风景名胜,风景名胜,风景名胜,卧佛寺路北京植物园,北京市,北京市,海淀区,116.2052108,40.00240927
北京植物园-银杏松柏区,风景名胜,风景名胜,风景名胜,卧佛寺路南辛村22号北京植物园内,北京市,北京市,海淀区,116.2060534,40.00301234
北京植物园-餐厅,风景名胜,公园广场,公园内部设施,东外环路附近,北京市,北京市,海淀区,116.2018782,40.00641462
北京植物园-王锡彤墓,风景名胜,风景名胜,风景名胜,卧佛寺路南辛村22号北京植物园内,北京市,北京市,海淀区,116.2042739,40.00194706
北京植物园-红丁香组,风景名胜,风景名胜,风景名胜,卧佛寺路北京植物园,北京市,北京市,海淀区,116.2034683,40.00132901
北京植物园-梅园水景观光区,风景名胜,风景名胜,风景名胜,香山路与香山南路交叉口处梅园,北京市,北京市,海淀区,116.1995193,40.00461635
北京植物园-祥鹤雕像,风景名胜,风景名胜,风景名胜,卧佛寺路北京植物园,北京市,北京市,海淀区,116.2026666,40.00131892
北京植物园-卧佛古钟,风景名胜,风景名胜,风景名胜,卧佛寺路北京植物园卧佛寺,北京市,北京市,海淀区,116.2014032,40.00652895
景泰陵,风景名胜,风景名胜,世界遗产,遗光寺路附近,北京市,北京市,海淀区,116.236249,40.00231348
郑万钧雕像,风景名胜,风景名胜,风景名胜,东小府1号,北京市,北京市,海淀区,116.2428212,40.00273741
董四墓,风景名胜,风景名胜相关,旅游景点,,北京市,北京市,海淀区,116.2456623,40.00847806
安河桥清真寺,风景名胜,风景名胜,回教寺,青龙桥西街与香山路交叉口西北100米,北京市,北京市,海淀区,116.2602702,40.00430596
中央党校-远望亭,风景名胜,风景名胜相关,旅游景点,大有庄100号,北京市,北京市,海淀区,116.269216,40.00881971
邓小平铜像,风景名胜,风景名胜相关,旅游景点,中共中央党校综合楼前广场,北京市,北京市,海淀区,116.2718514,40.00822614
圆明园-一亩园娘娘庙,风景名胜,风景名胜,寺庙道观,清华西路28号圆明园遗址公园正大光明门东南侧,北京市,北京市,海淀区,116.288401,40.00988495
藻园,风景名胜,风景名胜,风景名胜,清华西路28号圆明园遗址公园西北景区内,北京市,北京市,海淀区,116.2863635,40.00189431
长春仙馆,风景名胜,风景名胜,风景名胜,清华西路28号圆明园遗址公园西北景区内,北京市,北京市,海淀区,116.288999,40.00173341
杏花春馆,风景名胜,风景名胜,风景名胜,清华西路28号圆明园遗址公园内,北京市,北京市,海淀区,116.2878666,40.00492697
圆明园-毕业纪念林,风景名胜,风景名胜,风景名胜,清华西路28号圆明园遗址公园西北景区内,北京市,北京市,海淀区,116.2884758,40.01089679
圆明园-鸿慈永祜,风景名胜,风景名胜,风景名胜,清华西路28号圆明园遗址公园西北景区内,北京市,北京市,海淀区,116.2834662,40.00893009
圆明园-茹古涵今,风景名胜,风景名胜,风景名胜,清华西路28号圆明园遗址公园内,北京市,北京市,海淀区,116.2885068,40.0028401
圆明园-十字亭,风景名胜,风景名胜,风景名胜,清华西路28号圆明园遗址公园内,北京市,北京市,海淀区,116.285162,40.0048269
武陵春色,风景名胜,风景名胜,风景名胜,清华西路28号圆明园遗址公园西北景区内,北京市,北京市,海淀区,116.286923,40.00650029
月地云居,风景名胜,风景名胜,风景名胜,清华西路28号圆明园遗址公园西北景区内,北京市,北京市,海淀区,116.2842124,40.00600319
濂溪乐处,风景名胜,风景名胜,风景名胜,清华西路28号圆明园遗址公园西北景区内,北京市,北京市,海淀区,116.2876903,40.00920704
圆明园-鸿慈永佑,风景名胜,风景名胜,风景名胜,清华西路28号圆明园遗址公园内,北京市,北京市,海淀区,116.2831845,40.00998243
圆明园-知过堂,风景名胜,风景名胜,风景名胜,清华西路28号圆明园遗址公园西北景区内,北京市,北京市,海淀区,116.2876054,40.00968814
水云居,风景名胜,风景名胜,风景名胜,清华西路28号圆明园遗址公园西北景区内,北京市,北京市,海淀区,116.2873379,40.00931955
圆明园-日天琳宇,风景名胜,风景名胜,风景名胜,清华西路28号,北京市,北京市,海淀区,116.2855959,40.00850212
圆明园-一天喜色,风景名胜,风景名胜,风景名胜,清华西路28号圆明园遗址公园西北景区内,北京市,北京市,海淀区,116.2858695,40.00816374
紫碧山房,风景名胜,风景名胜,风景名胜,清华西路28号圆明园遗址公园西北景区内,北京市,北京市,海淀区,116.2832283,40.01095932
圆明园-全碧堂,风景名胜,风景名胜,风景名胜,清华西路28号圆明园遗址公园西北景区内,北京市,北京市,海淀区,116.286871,40.00661436
圆明园-壶中仙籁戏台,风景名胜,风景名胜,风景名胜,清华西路28号圆明园遗址公园西北景区内,北京市,北京市,海淀区,116.2867142,40.00705357
圆明园-山高水长,风景名胜,风景名胜,风景名胜,清华西路28号圆明园遗址公园内,北京市,北京市,海淀区,116.2858691,40.00280898
圆明园-天君泰然,风景名胜,风景名胜,风景名胜,清华西路28号圆明园遗址公园西北景区内,北京市,北京市,海淀区,116.2869,40.00662632
圆明园-安佑宫,风景名胜,风景名胜,风景名胜,清华西路28号圆明园遗址公园西北景区内,北京市,北京市,海淀区,116.2827402,40.00944106
圆明园-墨光亭,风景名胜,风景名胜,风景名胜,清华西路28号圆明园遗址公园西北景区内,北京市,北京市,海淀区,116.2873099,40.00955858
桃花坞,风景名胜,风景名胜,风景名胜,清华西路28号圆明园遗址公园西北景区内,北京市,北京市,海淀区,116.2868449,40.00769435
圆明园-彚芳书院,风景名胜,风景名胜,风景名胜,清华西路28号圆明园遗址公园西北景区内,北京市,北京市,海淀区,116.2856465,40.01092394
圆明园-法源楼,风景名胜,风景名胜,风景名胜,清华西路28号圆明园遗址公园西北景区内,北京市,北京市,海淀区,116.2856091,40.0064032
圆明园-慎修思永,风景名胜,风景名胜,风景名胜,清华西路28号圆明园遗址公园西北景区内,北京市,北京市,海淀区,116.2876464,40.0093211
清会亭,风景名胜,风景名胜,风景名胜,清华西路28号圆明园遗址公园西北景区内,北京市,北京市,海淀区,116.286845,40.00753936
圆明园-妙证无声,风景名胜,风景名胜,风景名胜,清华西路28号圆明园遗址公园西北景区内,北京市,北京市,海淀区,116.2848533,40.00654226
圆明园-瑞应宫,风景名胜,风景名胜,风景名胜,清华西路28号圆明园遗址公园西北景区内,北京市,北京市,海淀区,116.2862339,40.00815922
圆明园-品诗堂,风景名胜,风景名胜,风景名胜,清华西路28号圆明园遗址公园西北景区内,北京市,北京市,海淀区,116.2870057,40.00758912
圆明园-香港回归纪念林,风景名胜,风景名胜,风景名胜,清华西路28号圆明园遗址公园西北景区藻园内,北京市,北京市,海淀区,116.2861978,40.00136357
圆明园-桃源深处,风景名胜,风景名胜,风景名胜,清华西路28号圆明园遗址公园西北景区内,北京市,北京市,海淀区,116.2863707,40.00758205
圆明园,风景名胜,风景名胜,国家级景点,清华西路28号,北京市,北京市,海淀区,116.2974708,40.00664857
圆明园-法慧寺,风景名胜,风景名胜,寺庙道观,清华西路28号圆明园遗址内,北京市,北京市,海淀区,116.3043721,40.0107633
圆明园-万园之园,风景名胜,公园广场,公园,清华西路28号圆明园遗址公园内,北京市,北京市,海淀区,116.304025,40.00119335
圆明园-含经堂,风景名胜,风景名胜,风景名胜,清华西路28号圆明园遗址公园内,北京市,北京市,海淀区,116.3075626,40.00783661
圆明园-仙人承露台,风景名胜,风景名胜,风景名胜,清华西路28号圆明园遗址公园绮春园内,北京市,北京市,海淀区,116.3049099,40.00349965
圆明园-宝相寺,风景名胜,风景名胜,寺庙道观,清华西路28号圆明园遗址公园内,北京市,北京市,海淀区,116.3055715,40.01090312
二宫门,风景名胜,风景名胜,风景名胜,清华西路28号圆明园东南门,北京市,北京市,海淀区,116.3087534,40.00495254
圆明园-凤麟洲,风景名胜,风景名胜,风景名胜,清华西路28号圆明园遗址公园内,北京市,北京市,海淀区,116.3060075,40.00345466
涵虚朗鉴,风景名胜,风景名胜,风景名胜,清华西路28号圆明园遗址公园内,北京市,北京市,海淀区,116.3010183,40.00950232
澹怀堂,风景名胜,风景名胜,风景名胜,清华西路28号圆明园遗址公园长春园景区内,北京市,北京市,海淀区,116.3089838,40.00583807
西配殿,风景名胜,风景名胜,风景名胜,清华西路28号圆明园遗址公园内,北京市,北京市,海淀区,116.3086715,40.00558066
圆明园-众乐亭,风景名胜,风景名胜,风景名胜,清华西路28号圆明园遗址公园内,北京市,北京市,海淀区,116.3088959,40.00609922
圆明园-南屏晚钟,风景名胜,风景名胜,风景名胜,清华西路28号圆明园遗址公园西北景区内,北京市,北京市,海淀区,116.300411,40.00577055
圆明园-假山,风景名胜,风景名胜,风景名胜,清华西路28号圆明园遗址公园内,北京市,北京市,海淀区,116.3068511,40.00852589
圆明园-长春园,风景名胜,风景名胜,风景名胜,圆明园景区内,北京市,北京市,海淀区,116.3071883,40.00905125
圆明园-广育宫,风景名胜,风景名胜,风景名胜,清华西路28号圆明园遗址公园西北景区内,北京市,北京市,海淀区,116.2994799,40.00545018
观荷亭,风景名胜,风景名胜,风景名胜,清华西路28号圆明园遗址公园内,北京市,北京市,海淀区,116.3024684,40.00849181
圆明园-展诗应律,风景名胜,风景名胜,风景名胜,清华西路28号圆明园遗址公园内,北京市,北京市,海淀区,116.3037244,40.00304381
绮春园交通船(圆明园南门处口码头),风景名胜,风景名胜,风景名胜,清华西路28号圆明园遗址公园绮春园内,北京市,北京市,海淀区,116.3045469,40.00151639
圆明园-万春湖,风景名胜,风景名胜,风景名胜,清华西路28号圆明园遗址公园内,北京市,北京市,海淀区,116.3055018,40.00228863
春泽斋,风景名胜,风景名胜,风景名胜,清华西路28号圆明园遗址公园绮春园内,北京市,北京市,海淀区,116.3019202,40.00304502
三园交界,风景名胜,风景名胜,风景名胜,清华西路28号圆明园遗址公园内,北京市,北京市,海淀区,116.3036114,40.00499592
圆明园-思永园,风景名胜,风景名胜,风景名胜,清华西路28号圆明园遗址内,北京市,北京市,海淀区,116.3046211,40.00680403
翠鸟桥,风景名胜,风景名胜,风景名胜,清华西路28号圆明园遗址内,北京市,北京市,海淀区,116.303173,40.0075006
圆明园二宫门,风景名胜,风景名胜,风景名胜,清华西路28号圆明园遗址内,北京市,北京市,海淀区,116.3086127,40.00513679
圆明园-观澜堂,风景名胜,风景名胜,风景名胜,清华西路28号圆明园遗址公园西北景区内,北京市,北京市,海淀区,116.3013988,40.00684777
圆明园-思永斋,风景名胜,风景名胜,风景名胜,清华西路28号圆明园遗址内,北京市,北京市,海淀区,116.3048975,40.00681953
清夏堂,风景名胜,风景名胜,风景名胜,清华西路28号圆明园遗址内,北京市,北京市,海淀区,116.2998916,40.00161264
圆明园-眺远楼,风景名胜,风景名胜,风景名胜,清华西路28号圆明园遗址公园内,北京市,北京市,海淀区,116.3048808,40.00470765
圆明园-接秀山房,风景名胜,风景名胜,风景名胜,清华西路28号圆明园遗址公园内,北京市,北京市,海淀区,116.3014546,40.00769464
圆明园-庄严法界,风景名胜,风景名胜,风景名胜,清华西路28号圆明园遗址公园内,北京市,北京市,海淀区,116.3038882,40.00220655
圆明园休息区,生活服务,生活服务场所,生活服务场所|风景名胜,清华西路28号圆明园遗址公园西北景区内,北京市,北京市,海淀区,116.3030157,40.00533098
圆明园-茜园,风景名胜,风景名胜,风景名胜,清华西路28号圆明园遗址公园内,北京市,北京市,海淀区,116.3041592,40.00530593
圆明园-听松亭,风景名胜,风景名胜,风景名胜,清华西路28号圆明园遗址公园内,北京市,北京市,海淀区,116.3022707,40.00945012
圆明园-饮绿亭,风景名胜,风景名胜,风景名胜,清华西路28号圆明园遗址公园内,北京市,北京市,海淀区,116.3027082,40.00622848
圆明园-四宜书屋,风景名胜,风景名胜,风景名胜,清华西路28号圆明园遗址公园内,北京市,北京市,海淀区,116.3008916,40.00121791
圆明园-生冬室,风景名胜,风景名胜相关,旅游景点,清华西路28号圆明园遗址公园内,北京市,北京市,海淀区,116.3024193,40.00174619
圆明园-知乐轩,风景名胜,风景名胜,风景名胜,清华西路28号圆明园遗址公园内,北京市,北京市,海淀区,116.3012256,40.00331823
圆明园-春雨山房,风景名胜,风景名胜,风景名胜,清华西路28号圆明园遗址公园内,北京市,北京市,海淀区,116.3012096,40.00387724
圆明园-松风萝月,风景名胜,风景名胜,风景名胜,清华西路28号圆明园遗址公园内,北京市,北京市,海淀区,116.3022214,40.00465042
淳化轩,风景名胜,风景名胜,风景名胜,清华西路28号圆明园遗址公园内,北京市,北京市,海淀区,116.3074597,40.00860277
圆明园-舍心桥,风景名胜,风景名胜,风景名胜,清华西路28号圆明园遗址公园内,北京市,北京市,海淀区,116.3015429,40.00415864
圆明园-雷峰夕照,风景名胜,风景名胜,风景名胜,清华西路28号圆明园遗址公园内,北京市,北京市,海淀区,116.3016581,40.00804226
圆明园-船坞,风景名胜,风景名胜,风景名胜,清华西路28号圆明园遗址公园内,北京市,北京市,海淀区,116.3027393,40.00436651
圆明园-彩虹桥,风景名胜,风景名胜,风景名胜,清华西路28号圆明园遗址公园内,北京市,北京市,海淀区,116.3052792,40.01050167
牡丹观赏区,风景名胜,风景名胜,风景名胜,清华西路28号圆明园遗址公园内,北京市,北京市,海淀区,116.3076455,40.00731248
九曲仿木桥,风景名胜,风景名胜,风景名胜,清华西路28号圆明园遗址公园绮春园内,北京市,北京市,海淀区,116.3052282,40.00343908
圆明园浩然亭,风景名胜,风景名胜,风景名胜,清华西路28号圆明园遗址内,北京市,北京市,海淀区,116.305686,40.00487518
风荷楼,风景名胜,风景名胜,风景名胜,清华西路28号圆明园遗址公园内,北京市,北京市,海淀区,116.3031792,40.00643463
藏密楼,风景名胜,风景名胜,风景名胜,清华西路28号圆明园遗址公园内,北京市,北京市,海淀区,116.299617,40.01082571
清华大学花房,风景名胜,公园广场,植物园,清华大学何添楼北侧,北京市,北京市,海淀区,116.3149754,40.00578979
圆明园-东配殿,风景名胜,风景名胜,风景名胜,清华西路28号圆明园遗址公园内,北京市,北京市,海淀区,116.309357,40.00561039
清华大学马约翰雕像,风景名胜,风景名胜,风景名胜,双清路30号清华大学,北京市,北京市,海淀区,116.3154945,40.0033789
清华大学吉之岛樱花友谊林,风景名胜,风景名胜,风景名胜,双清路30号清华大学,北京市,北京市,海淀区,116.3133195,40.00241708
清华大学闻一多雕像,风景名胜,风景名胜,风景名胜,双清路30号清华大学内,北京市,北京市,海淀区,116.3175999,40.00211293
清华大学荷塘月色砚,风景名胜,风景名胜,风景名胜,双清路30号清华大学内,北京市,北京市,海淀区,116.3189018,40.0029224
清华大学牡丹苑,风景名胜,风景名胜,风景名胜,双清路30号清华大学大学生物学馆附近,北京市,北京市,海淀区,116.3131111,40.00156251
牡丹园,风景名胜,公园广场,公园,双清路30号清华大学,北京市,北京市,海淀区,116.3133177,40.00140913
清华大学太湖石,风景名胜,风景名胜,风景名胜,双清路30号清华大学内,北京市,北京市,海淀区,116.3174138,40.00565513
清华大学瀑布,风景名胜,风景名胜,风景名胜,双清路30号清华大学内,北京市,北京市,海淀区,116.3157082,40.00214555
圆明园-黑天鹅观赏区,风景名胜,风景名胜,风景名胜,清华西路28号圆明园遗址公园内,北京市,北京市,海淀区,116.3095859,40.00969078
水木清华,风景名胜,风景名胜,风景名胜,双清路30号清华大学,北京市,北京市,海淀区,116.3168057,40.00168647
清华大学闻亭,风景名胜,风景名胜,风景名胜,双清路30号清华大学,北京市,北京市,海淀区,116.317548,40.00226502
清华大学自清亭,风景名胜,风景名胜,风景名胜,双清路30号清华大学,北京市,北京市,海淀区,116.3173943,40.00197033
圆明园-全景沙盘,风景名胜,风景名胜,风景名胜,清华西路28号圆明园遗址内,北京市,北京市,海淀区,116.3094612,40.00975301
圆明园-含碧楼,风景名胜,风景名胜,风景名胜,清华西路28号圆明园遗址公园内,北京市,北京市,海淀区,116.3120221,40.0053364
圆明园-延清堂,风景名胜,风景名胜,风景名胜,清华西路28号圆明园遗址公园内,北京市,北京市,海淀区,116.3120528,40.00698427
圆明园-映清斋,风景名胜,风景名胜,风景名胜,清华西路28号圆明园遗址公园内,北京市,北京市,海淀区,116.3106539,40.0069849
圆明园-云容水态,风景名胜,风景名胜,风景名胜,清华西路28号圆明园遗址公园内,北京市,北京市,海淀区,116.3096901,40.0070307
圆明园-鉴园,风景名胜,风景名胜,风景名胜,清华西路28号圆明园遗址公园内,北京市,北京市,海淀区,116.3120268,40.00781429
玉玲珑馆,风景名胜,风景名胜,风景名胜,清华西路28号圆明园遗址内,北京市,北京市,海淀区,116.3096949,40.00787366
清华大学英烈纪念碑,风景名胜,风景名胜,风景名胜,双清路30号清华大学,北京市,北京市,海淀区,116.3169782,40.00243011
清华大学五四广场,风景名胜,公园广场,城市广场,清华大学网球场附近,北京市,北京市,海淀区,116.3258329,40.00256609
清华大学凤舞青桐,风景名胜,风景名胜,风景名胜,双清路30号清华大学内,北京市,北京市,海淀区,116.3196717,40.00537681
清华大学地质之角,风景名胜,风景名胜,风景名胜,双清路30号清华大学,北京市,北京市,海淀区,116.3209871,40.00168744
清华大学刚毅坚卓,风景名胜,风景名胜,风景名胜,双清路30号清华大学内,北京市,北京市,海淀区,116.320929,40.00389646
清华大学一亭,风景名胜,风景名胜,风景名胜,双清路30号清华大学内,北京市,北京市,海淀区,116.3209003,40.0019006
清华大学国际象棋棋盘,风景名胜,风景名胜,风景名胜,双清路30号清华大学内,北京市,北京市,海淀区,116.3198134,40.00530254
清华大学-世纪林,风景名胜,风景名胜,风景名胜,明德路与至善路交叉口西50米,北京市,北京市,海淀区,116.3276263,40.00559852
情人坡,风景名胜,风景名胜,风景名胜,清华大学清华大学附近,北京市,北京市,海淀区,116.319142,40.00437987
清华大学紫荆雕塑园,风景名胜,风景名胜相关,旅游景点,双清路30号清华大学,北京市,北京市,海淀区,116.3261464,40.00812824
钱署娜,风景名胜,风景名胜相关,旅游景点,南三环78号D2区25-29,北京市,北京市,朝阳区,116.3639683,40.00178038
生命长河,风景名胜,风景名胜相关,旅游景点,北辰西路1号院5号国家动物博物馆附近,北京市,北京市,朝阳区,116.3752642,40.00116144
北京奥林匹克公园-龙王庙(科荟路),风景名胜,风景名胜,寺庙道观,科荟路39号,北京市,北京市,朝阳区,116.3725491,40.00879958
北京奥林匹克公园-奥林匹克宣言广场,风景名胜,公园广场,公园,科荟路33号奥林匹克森林公园南园内,北京市,北京市,朝阳区,116.3832325,40.01079636
北京奥林匹克公园-碧玉公园,风景名胜,公园广场,公园,科荟路33号奥林匹克森林公园内,北京市,北京市,朝阳区,116.3884932,40.00913909
北京奥林匹克塔,风景名胜,风景名胜,风景名胜,科荟路33号(奥林匹克森林公园南园内),北京市,北京市,朝阳区,116.3884904,40.00709118
北京奥林匹克塔观景台,风景名胜,风景名胜,风景名胜,北京奥林匹克公园内北京奥林匹克塔南1门北侧紧邻科荟南路,北京市,北京市,朝阳区,116.3879577,40.00654639
北京奥林匹克公园-南园南门站专线1,风景名胜,风景名胜相关,旅游景点,科荟路33号奥林匹克森林公园南园内,北京市,北京市,朝阳区,116.3872485,40.01045948
北京奥林匹克公园-瀑布,风景名胜,风景名胜,风景名胜,科荟路33号奥林匹克森林公园南园内,北京市,北京市,朝阳区,116.3919263,40.00913519
北京海外人才创业林,风景名胜,风景名胜,风景名胜,科荟路33号奥林匹克森林公园南园内,北京市,北京市,朝阳区,116.3896436,40.01044767
如苑公园,风景名胜,公园广场,公园,北苑路乙228号,北京市,北京市,朝阳区,116.4113901,40.00604097
黄草湾郊野公园-太清观,风景名胜,风景名胜,寺庙道观,黄草湾郊野公园内,北京市,北京市,朝阳区,116.427651,40.00365489
黄草湾郊野公园,风景名胜,公园广场,公园,大屯乡北五环路(近姜庄湖高尔夫俱乐部),北京市,北京市,朝阳区,116.4290224,40.00457079
北京市朝阳区北小河公园,风景名胜,公园广场,公园,师家坟村156号,北京市,北京市,朝阳区,116.4485632,40.00385054
望湖公园,风景名胜,公园广场,公园,望京北路51号,北京市,北京市,朝阳区,116.4503966,40.01002232
防空洞创意空间,风景名胜,风景名胜相关,旅游景点,南湖中园一区116楼,北京市,北京市,朝阳区,116.4555522,40.00197166
电子城西区科技广场,风景名胜,公园广场,公园,来广营,北京市,北京市,朝阳区,116.4831773,40.00415758
江南春色景观,风景名胜,风景名胜相关,旅游景点,南皋村中街,北京市,北京市,朝阳区,116.513543,40.00376002
毛氏书童纪念馆,风景名胜,风景名胜,纪念馆,崔各庄乡南皋村北口,北京市,北京市,朝阳区,116.5117342,40.00587878
毛氏书童文天祥艺术馆,风景名胜,风景名胜,纪念馆,南皋北口古建18号,北京市,北京市,朝阳区,116.5117132,40.00576873
郁金香温泉花园度假村婚礼外场地,风景名胜,公园广场,公园广场,金盏乡郁金香温泉花园度假村,北京市,北京市,朝阳区,116.5559519,40.00240008
牡丹园(豪斯登堡水上别墅东),风景名胜,风景名胜,风景名胜,金盏乡郁金香温泉花园度假村,北京市,北京市,朝阳区,116.5582659,40.00406752
园心岛,风景名胜,风景名胜,风景名胜,金盏乡郁金香温泉花园度假村,北京市,北京市,朝阳区,116.5564798,40.00299987
湖心岛,风景名胜,风景名胜,风景名胜,金盏乡郁金香温泉花园度假村,北京市,北京市,朝阳区,116.5576889,40.0032857
郁金香锦鲤馆,风景名胜,公园广场,水族馆,金盏乡郁金香温泉花园度假村,北京市,北京市,朝阳区,116.5540101,40.0036719
郁金香温泉花园度假村花卉展厅,风景名胜,公园广场,植物园,金盏乡郁金香温泉花园度假村,北京市,北京市,朝阳区,116.5534861,40.00288207
金盏文化广场,风景名胜,公园广场,城市广场,星河双语金盏校区西侧,北京市,北京市,朝阳区,116.5712885,40.00419307
灵山名胜风景区-灵山古道森林公园,风景名胜,公园广场,公园,洪水口客运站北,北京市,北京市,门头沟区,115.4763999,39.99264209
灵山名胜风景区-洪水口民俗旅游村,风景名胜,风景名胜相关,旅游景点,清水镇灵山脚下,北京市,北京市,门头沟区,115.4783324,39.99238766
灵山名胜风景区-双塘涧民俗旅游村,风景名胜,风景名胜,风景名胜,清水镇灵山风景区内,北京市,北京市,门头沟区,115.4786818,39.99221567
灵山名胜风景区-聚灵峡,风景名胜,风景名胜,风景名胜,洪水口村1号,北京市,北京市,门头沟区,115.4764149,39.99266613
财主院大五间,风景名胜,风景名胜,风景名胜,川底下村25号,北京市,北京市,门头沟区,115.6381523,39.99721221
碾房,风景名胜,风景名胜,风景名胜,爨底下景区内,北京市,北京市,门头沟区,115.6387413,39.99660128
五道庙,风景名胜,风景名胜,风景名胜,爨底下景区内,北京市,北京市,门头沟区,115.6379796,39.99727049
爨底下景区-亭,风景名胜,风景名胜,风景名胜,斋堂镇爨底下村26号,北京市,北京市,门头沟区,115.6359808,39.9992846
东水井,风景名胜,风景名胜,风景名胜,爨底下景区内,北京市,北京市,门头沟区,115.6380555,39.99637841
罩壁,风景名胜,风景名胜,风景名胜,爨底下景区内,北京市,北京市,门头沟区,115.6382901,39.99655302
恒德瑞,风景名胜,风景名胜相关,旅游景点,斋堂镇爨底下村口停车场,北京市,北京市,门头沟区,115.6382801,39.99677602
板大门,风景名胜,风景名胜,风景名胜,爨底下景区内,北京市,北京市,门头沟区,115.6385876,39.99658953
西水井(古井),风景名胜,风景名胜,风景名胜,爨底下景区内,北京市,北京市,门头沟区,115.637199,39.99667078
广亮院,风景名胜,风景名胜,风景名胜,斋堂镇爨底下景区内,北京市,北京市,门头沟区,115.638318,39.99715495
表演戏台,风景名胜,风景名胜相关,旅游景点,爨底下景区内,北京市,北京市,门头沟区,115.6370992,39.99699092
关帝庙,风景名胜,风景名胜,寺庙道观,爨底下村内,北京市,北京市,门头沟区,115.6404831,39.99720237
送子娘娘庙,风景名胜,风景名胜,风景名胜,爨底下景区内,北京市,北京市,门头沟区,115.6394091,39.99635319
爨底下风景区,风景名胜,风景名胜,风景名胜,爨底下景区内,北京市,北京市,门头沟区,115.6398596,39.99402454
雕塑,风景名胜,风景名胜,风景名胜,爨底下景区内,北京市,北京市,门头沟区,115.6412752,39.99229424
斑马岩,风景名胜,风景名胜,风景名胜,爨底下景区内,北京市,北京市,门头沟区,115.6400131,39.99589221
门插岭,风景名胜,风景名胜,风景名胜,爨底下景区内,北京市,北京市,门头沟区,115.6417092,39.99355946
石甬居,风景名胜,风景名胜,风景名胜,爨底下景区内,北京市,北京市,门头沟区,115.6392263,39.99720846
灵岳寺,风景名胜,风景名胜,寺庙道观,斋堂镇,北京市,北京市,门头沟区,115.6704223,39.99850385
后桑峪天主教堂,风景名胜,风景名胜,教堂,军响乡后桑峪村,北京市,北京市,门头沟区,115.7587442,40.00058678
天津关,风景名胜,风景名胜,风景名胜,西北部深山,北京市,北京市,门头沟区,115.7831963,39.99338026
思念园,风景名胜,公园广场,公园,王平镇安家庄村小北岩34号,北京市,北京市,门头沟区,115.9437097,39.99997224
下苇甸龙王庙,风景名胜,风景名胜,寺庙道观,下安路附近,北京市,北京市,门头沟区,116.0182331,39.99845893
过街楼,风景名胜,风景名胜,风景名胜,军温路与109国道交叉口北,北京市,北京市,门头沟区,116.0870133,39.99686481
1107瞭望塔,风景名胜,风景名胜,风景名胜,,北京市,北京市,海淀区,116.1678494,39.99853327
挂甲塔,风景名胜,风景名胜相关,旅游景点,,北京市,北京市,海淀区,116.1672292,39.99357732
1105瞭望塔,风景名胜,风景名胜相关,旅游景点,,北京市,北京市,海淀区,116.1678363,39.99846425
香山公园-踏云亭,风景名胜,风景名胜,风景名胜,买卖街40号香山公园内,北京市,北京市,海淀区,116.1717954,39.99140692
香山游览索道上站口,风景名胜,风景名胜,风景名胜,买卖街40号香山公园内,北京市,北京市,海淀区,116.1727501,39.9911227
云岫山庄,餐饮服务,中餐厅,中餐厅|风景名胜,买卖街40号香山公园内,北京市,北京市,海淀区,116.172018,39.99117934
香山好汉坡,风景名胜,风景名胜,风景名胜,香山街道1105瞭望塔东北350米,北京市,北京市,海淀区,116.1711544,40.00070534
香山公园-碧云寺,风景名胜,风景名胜,寺庙道观,买卖街40号香山公园内,北京市,北京市,海淀区,116.1861037,39.99609641
香山公园-昭庙,风景名胜,风景名胜,寺庙道观,买卖街40号香山公园内,北京市,北京市,海淀区,116.1863538,39.992126
罗汉堂,风景名胜,风景名胜,风景名胜,买卖街40号香山公园内,北京市,北京市,海淀区,116.1851432,39.99586777
香山公园-山门殿,风景名胜,风景名胜,风景名胜,买卖街40号香山公园内,北京市,北京市,海淀区,116.1866922,39.99577542
静福寺,风景名胜,风景名胜,风景名胜,四季青乡碧云寺北1公里许木兰陀山麓,北京市,北京市,海淀区,116.1877828,39.9974852
乾隆御制金刚宝座塔碑亭,风景名胜,风景名胜,风景名胜,买卖街40号香山公园内,北京市,北京市,海淀区,116.1842999,39.99647828
香山公园-孙中山衣冠冢,风景名胜,风景名胜,风景名胜,买卖街40号香山公园内,北京市,北京市,海淀区,116.1838036,39.99674141
香山公园-心净清,风景名胜,风景名胜,风景名胜,买卖街40号香山公园内,北京市,北京市,海淀区,116.1849636,39.99679942
香山公园-大雄宝殿,风景名胜,风景名胜,风景名胜,买卖街40号香山公园内北侧,北京市,北京市,海淀区,116.1859653,39.99605917
乾隆御制重修碧云寺碑亭,风景名胜,风景名胜,风景名胜,买卖街40号香山公园内北侧,北京市,北京市,海淀区,116.1856224,39.99618358
香山公园-碧云寺含青斋,风景名胜,风景名胜,风景名胜,买卖街40号香山公园内北侧,北京市,北京市,海淀区,116.1858149,39.9964519
香山公园-英容馆,风景名胜,风景名胜,风景名胜,买卖街40号香山公园内,北京市,北京市,海淀区,116.18485,39.99151444
香山公园-弥勒殿,风景名胜,风景名胜,风景名胜,买卖街40号香山公园碧云寺内,北京市,北京市,海淀区,116.186231,39.99594363
香山公园-玉华四院,风景名胜,风景名胜,风景名胜,买卖街40号香山公园内,北京市,北京市,海淀区,116.1828246,39.99197289
鼓楼,风景名胜,风景名胜,风景名胜,香山公园碧云寺内,北京市,北京市,海淀区,116.1862811,39.99615271
香山公园-隔云钟,风景名胜,风景名胜,风景名胜,买卖街40号香山公园内,北京市,北京市,海淀区,116.1847909,39.99117135
香山公园-佳日亭,风景名胜,风景名胜,风景名胜,买卖街40号香山公园内,北京市,北京市,海淀区,116.1875848,39.99333104
香山公园-琉璃塔,风景名胜,风景名胜,风景名胜,买卖街40号香山公园内,北京市,北京市,海淀区,116.1848578,39.99311939
香山公园-琉璃万寿塔,风景名胜,风景名胜,风景名胜,买卖街40号香山公园内,北京市,北京市,海淀区,116.1849673,39.99159064
香山公园-菩萨殿,风景名胜,风景名胜,风景名胜,买卖街40号香山公园内北侧,北京市,北京市,海淀区,116.1853908,39.99620318
香山公园-碧云寺涵碧斋,风景名胜,风景名胜,风景名胜,买卖街40号香山公园内北侧,北京市,北京市,海淀区,116.186231,39.99644261
香山公园-别垣墙,风景名胜,风景名胜,风景名胜,买卖街40号香山公园内,北京市,北京市,海淀区,116.184471,39.99162678
香山公园-凤楼松,风景名胜,风景名胜,风景名胜,买卖街40号香山公园内,北京市,北京市,海淀区,116.1864509,39.99357911
香山公园-福在眼前,风景名胜,风景名胜,风景名胜,买卖街40号香山公园内,北京市,北京市,海淀区,116.1864055,39.99583293
孙中山纪念堂,风景名胜,风景名胜,纪念馆,买卖街40号香山公园内,北京市,北京市,海淀区,116.185093,39.99639866
香山公园-觐憩,风景名胜,风景名胜,风景名胜,买卖街40号香山公园内,北京市,北京市,海淀区,116.1873895,39.99225875
香山公园-洗心亭,风景名胜,风景名胜,风景名胜,买卖街40号香山公园内,北京市,北京市,海淀区,116.1850739,39.99674061
香山公园-金刚宝座塔,风景名胜,风景名胜,风景名胜,买卖街40号香山公园内,北京市,北京市,海淀区,116.1837995,39.9968174
香山公园-水帘洞,风景名胜,风景名胜,风景名胜,买卖街40号香山公园内,北京市,北京市,海淀区,116.1870494,39.99391711
香山公园-见心斋,风景名胜,风景名胜,风景名胜,买卖街40号香山公园内,北京市,北京市,海淀区,116.1859677,39.99294831
香山公园-慢品驿,风景名胜,风景名胜,风景名胜,买卖街40号香山公园内,北京市,北京市,海淀区,116.1880683,39.99161092
香山公园-观憩亭,风景名胜,风景名胜相关,旅游景点,买卖街40号香山公园内,北京市,北京市,海淀区,116.1874876,39.99296689
北宫门,风景名胜,风景名胜相关,旅游景点,买卖街40号香山公园内,北京市,北京市,海淀区,116.1884399,39.99444843
香山公园游览索道-中站,风景名胜,风景名胜相关,旅游景点,碧云寺路,北京市,北京市,海淀区,116.1809584,39.99296355
香山公园-眼镜湖,风景名胜,风景名胜,风景名胜,买卖街40号香山公园内,北京市,北京市,海淀区,116.1870494,39.99391711
香山公园-索道下站,风景名胜,风景名胜相关,旅游景点,买卖街40号香山公园内,北京市,北京市,海淀区,116.1872508,39.99461842
香山游览索道(进站口),风景名胜,风景名胜,风景名胜,买卖街40号香山公园内,北京市,北京市,海淀区,116.187314,39.99440454
弥勒佛,风景名胜,风景名胜,风景名胜,,北京市,北京市,海淀区,116.1888756,39.99783801
香山公园-三代树,风景名胜,风景名胜,风景名胜,买卖街40号香山公园内,北京市,北京市,海淀区,116.1851702,39.99676778
香山公园-宋庆龄守灵休息室,风景名胜,风景名胜,风景名胜,买卖街40号香山公园内,北京市,北京市,海淀区,116.1853366,39.99645908
香山公园-纪念树,风景名胜,风景名胜,风景名胜,买卖街40号香山公园内,北京市,北京市,海淀区,116.1838797,39.99691753
香山公园-禅堂院,风景名胜,风景名胜,风景名胜,买卖街40号香山公园内,北京市,北京市,海淀区,116.1859934,39.99565424
香山公园-检票处(出口),风景名胜,风景名胜相关,旅游景点,买卖街40号香山公园内,北京市,北京市,海淀区,116.1888148,39.99480404
马连良墓,风景名胜,风景名胜,风景名胜,香山,北京市,北京市,海淀区,116.1954368,39.99700158
北辛村关帝庙,风景名胜,风景名胜,寺庙道观,碧云寺路北50米,北京市,北京市,海淀区,116.194948,39.99398795
沁香园,风景名胜,公园广场,公园,碧云寺路附近,北京市,北京市,海淀区,116.1903707,39.99476561
熊希龄先生墓园,风景名胜,风景名胜,风景名胜,煤厂街27号院-9号楼-26门-1层-2号,北京市,北京市,海淀区,116.1914476,39.99336143
梅兰芳墓,风景名胜,风景名胜,风景名胜,马连良墓附近,北京市,北京市,海淀区,116.1952904,39.99711435
香山诗书园,风景名胜,风景名胜,风景名胜,香山新营临20号,北京市,北京市,海淀区,116.1935991,39.99905363
昆仑书院,风景名胜,风景名胜,风景名胜,碧云寺路北200米,北京市,北京市,海淀区,116.1898362,39.99651466
茅岩莓,风景名胜,风景名胜相关,旅游景点,香山买卖街6号(近金源商务酒店),北京市,北京市,海淀区,116.195663,39.99140816
北京市香山公园管理处,政府机构及社会团体,社会团体,社会团体相关|风景名胜,香山路198号,北京市,北京市,海淀区,116.18912,39.99167668
北京植物园,风景名胜,公园广场,植物园,香山路,北京市,北京市,海淀区,116.2036227,40.00015527
香山书院,风景名胜,风景名胜,风景名胜,香山南路南营丙23号,北京市,北京市,海淀区,116.2020443,39.99304142
卧佛寺西路,风景名胜,风景名胜,风景名胜,香山北营86号附近,北京市,北京市,海淀区,116.1991065,39.99527515
北京植物园管理处,风景名胜,公园广场,植物园,香山路四王府91号香泉环岛西侧加油站西侧,北京市,北京市,海淀区,116.2110041,39.99315674
北京植物园-玉簪园,风景名胜,风景名胜,风景名胜,卧佛寺路北京植物园,北京市,北京市,海淀区,116.209291,39.99297475
妙云寺,风景名胜,风景名胜,寺庙道观,香山,北京市,北京市,海淀区,116.2244291,39.99119821
玉东园-湖山罨画坊,风景名胜,风景名胜,风景名胜,玉泉山路附近,北京市,北京市,海淀区,116.2475025,39.99251352
颐和园-蚕神庙,风景名胜,风景名胜,寺庙道观,新建宫门路19号颐和园内,北京市,北京市,海淀区,116.2581944,39.99473661
颐和园生物保护区(团城湖区域),风景名胜,风景名胜,风景名胜,新建宫门路19号颐和园,北京市,北京市,海淀区,116.2576368,39.99369395
颐和园-延赏斋,风景名胜,风景名胜,风景名胜,新建宫门路19号颐和园内,北京市,北京市,海淀区,116.259118,39.99465208
昆明湖水操学堂,风景名胜,风景名胜,风景名胜,新建宫门路19号颐和园内,北京市,北京市,海淀区,116.2589731,39.99479716
颐和园-耕织图石刻,风景名胜,风景名胜,风景名胜,新建宫门路19号颐和园内,北京市,北京市,海淀区,116.2587132,39.99462232
颐和园,风景名胜,风景名胜,世界遗产,新建宫门路19号,北京市,北京市,海淀区,116.2668294,39.99120062
颐和园长桥,风景名胜,风景名胜,风景名胜,新建宫门路19号颐和园附近,北京市,北京市,海淀区,116.2680342,40.00032317
英法联军烧毁清漪园一百三十周年于遗址,风景名胜,风景名胜,风景名胜,新建宫门路19号颐和园内,北京市,北京市,海淀区,116.2679242,40.00087925
颐和园后湖,风景名胜,风景名胜,风景名胜,万寿山后街附近,北京市,北京市,海淀区,116.265855,40.00035806
颐和园-文昌院,风景名胜,风景名胜,世界遗产,二龙闸颐和园新建宫门路21号院,北京市,北京市,海淀区,116.2747627,39.99583455
颐和园-紫气东来城关,风景名胜,风景名胜,风景名胜,新建宫门路19号颐和园内,北京市,北京市,海淀区,116.2746625,39.99822756
颐和园-观生意,风景名胜,风景名胜,风景名胜,新建宫门路19号颐和园,北京市,北京市,海淀区,116.2693113,39.9978381
川泳云飞,风景名胜,风景名胜,风景名胜,新建宫门路19号颐和园,北京市,北京市,海淀区,116.2715041,39.99745296
颐和园-善现寺,风景名胜,风景名胜,寺庙道观,新建宫门路19号颐和园,北京市,北京市,海淀区,116.2695559,39.99883882
颐和园-益寿堂,风景名胜,风景名胜,风景名胜,新建宫门路19号颐和园,北京市,北京市,海淀区,116.2739652,39.9989693
颐和园-乐寿堂,风景名胜,风景名胜,风景名胜,新建宫门路19号颐和园,北京市,北京市,海淀区,116.2723313,39.99747211
颐和园-谐趣园,风景名胜,风景名胜,风景名胜,颐和园路附近,北京市,北京市,海淀区,116.2760927,39.9987569
颐和园-永寿斋,风景名胜,风景名胜,风景名胜,新建宫门路19号颐和园,北京市,北京市,海淀区,116.2727368,39.99754768
颐和园-重翠亭,风景名胜,风景名胜,风景名胜,新建宫门路19号颐和园,北京市,北京市,海淀区,116.2698197,39.99840059
颐和园-澹碧,风景名胜,风景名胜,风景名胜,新建宫门路19号颐和园,北京市,北京市,海淀区,116.2762145,39.99904275
颐和园-万寿山,风景名胜,风景名胜,风景名胜,新建宫门路19号颐和园,北京市,北京市,海淀区,116.2707038,39.99840073
颐和园-涵远堂,风景名胜,风景名胜,风景名胜,新建宫门路19号颐和园,北京市,北京市,海淀区,116.275753,39.99942927
颐和园-福荫轩,风景名胜,风景名胜,风景名胜,新建宫门路19号颐和园,北京市,北京市,海淀区,116.2710965,39.99828134
寿星石(昆明湖路),风景名胜,风景名胜,风景名胜,新建宫门路19号颐和园内,北京市,北京市,海淀区,116.2743461,39.99662898
颐和园-水木自亲,风景名胜,风景名胜,风景名胜,新建宫门路19号颐和园内,北京市,北京市,海淀区,116.2722874,39.99704817
颐和园-无尽意轩,风景名胜,风景名胜,风景名胜,新建宫门路19号颐和园,北京市,北京市,海淀区,116.2703114,39.99752215
颐和园-青芝岫,风景名胜,风景名胜,风景名胜,新建宫门路19号颐和园内,北京市,北京市,海淀区,116.2723822,39.99723907
澹宁堂,风景名胜,风景名胜,风景名胜,新建宫门路19号颐和园,北京市,北京市,海淀区,116.2724349,39.99965791
颐和园-知春亭,风景名胜,风景名胜,风景名胜,新建宫门路19号颐和园内,北京市,北京市,海淀区,116.2733344,39.99544913
颐和园-玉澜堂,风景名胜,风景名胜,风景名胜,新建宫门路19号颐和园(东门)附近,北京市,北京市,海淀区,116.2732643,39.99663416
颐和园-耶律楚才祠,风景名胜,风景名胜,风景名胜,新建宫门路19号颐和园,北京市,北京市,海淀区,116.2741664,39.99558022
颐和园-第一展室,风景名胜,风景名胜,风景名胜,新建宫门路19号颐和园附近,北京市,北京市,海淀区,116.2722221,39.99967713
颐和园-圣集大成,风景名胜,风景名胜,风景名胜,新建宫门路19号颐和园颐和园文昌院附近,北京市,北京市,海淀区,116.2747847,39.99585852
颐和园-恩风长扇,风景名胜,风景名胜,风景名胜,新建宫门路19号颐和园内,北京市,北京市,海淀区,116.2733202,39.99704608
颐和园-藻绘呈瑞,风景名胜,风景名胜,风景名胜,新建宫门路19号颐和园内,北京市,北京市,海淀区,116.2730645,39.99706035
颐和园-留佳亭,风景名胜,风景名胜,风景名胜,新建宫门路19号颐和园内,北京市,北京市,海淀区,116.2709238,39.99721056
颐和园-火道口,风景名胜,风景名胜,风景名胜,新建宫门路19号颐和园德和园内,北京市,北京市,海淀区,116.2737477,39.99759059
颐和园-扮戏楼,风景名胜,风景名胜,风景名胜,新建宫门路19号颐和园德和园内,北京市,北京市,海淀区,116.2737357,39.99711663
颐和园-养云轩,风景名胜,风景名胜,风景名胜,新建宫门路19号颐和园内,北京市,北京市,海淀区,116.2714092,39.99750606
颐和园-看戏廊,风景名胜,风景名胜,风景名胜,新建宫门路19号颐和园德和园内,北京市,北京市,海淀区,116.2739914,39.99736534
颐和园-东桃花沟,风景名胜,风景名胜,风景名胜,北宫门南200米,北京市,北京市,海淀区,116.2692181,39.9999261
颐和园-乐农轩,风景名胜,风景名胜,风景名胜,新建宫门路19号颐和园,北京市,北京市,海淀区,116.2746744,39.99874252
涵虚,风景名胜,风景名胜,风景名胜,同庆街与宫门前街交叉口东南50米,北京市,北京市,海淀区,116.2777019,39.99688707
颐和园-兰亭(宫门前街),风景名胜,风景名胜,风景名胜,新建宫门路19号颐和园,北京市,北京市,海淀区,116.2760766,39.99946189
颐和园-庆善堂,风景名胜,风景名胜,风景名胜,新建宫门路19号颐和园,北京市,北京市,海淀区,116.2736058,39.99776574
颐和园-膏泽应时,风景名胜,风景名胜,风景名胜,,北京市,北京市,海淀区,116.273457,39.99709593
颐和园-大戏楼,风景名胜,风景名胜,风景名胜,新建宫门路19号颐和园,北京市,北京市,海淀区,116.2737237,39.99723063
知鱼桥(宫门前街),风景名胜,风景名胜,风景名胜,新建宫门路19号颐和园,北京市,北京市,海淀区,116.2760417,39.99907995
涵虚牌楼,风景名胜,风景名胜相关,旅游景点,新建宫门路19号颐和园内,北京市,北京市,海淀区,116.277622,39.99694417
颐和园-万香榭,风景名胜,风景名胜,风景名胜,青龙桥,北京市,北京市,海淀区,116.2732334,39.9963062
颐和园-引镜,风景名胜,风景名胜,风景名胜,新建宫门路19号颐和园,北京市,北京市,海淀区,116.2755074,39.99865858
千峰彩翠,风景名胜,风景名胜,风景名胜,新建宫门路19号颐和园,北京市,北京市,海淀区,116.2700685,39.99848235
颐和园-景福阁,风景名胜,风景名胜,风景名胜,新建宫门路19号颐和园内,北京市,北京市,海淀区,116.2734618,39.99869586
颐和园-知春堂,风景名胜,风景名胜,风景名胜,新建宫门路19号颐和园,北京市,北京市,海淀区,116.2764502,39.99936346
仁寿殿,风景名胜,风景名胜,风景名胜,新建宫门路19号颐和园内,北京市,北京市,海淀区,116.2739456,39.99652642
霁清轩,风景名胜,风景名胜,风景名胜,新建宫门路19号颐和园,北京市,北京市,海淀区,116.2756241,39.9998864
颐和园-写秋轩,风景名胜,风景名胜,风景名胜,新建宫门路19号颐和园内,北京市,北京市,海淀区,116.2695101,39.99790391
颐和园-德和殿,风景名胜,风景名胜,风景名胜,新建宫门路19号颐和园,北京市,北京市,海淀区,116.2737397,39.99711762
多宝塔,风景名胜,风景名胜,风景名胜,新建宫门路19号颐和园内,北京市,北京市,海淀区,116.2706727,39.99949271
仁寿门,风景名胜,风景名胜,风景名胜,新建宫门路19号颐和园内,北京市,北京市,海淀区,116.2746327,39.99665366
颐和园-眺远斋,风景名胜,风景名胜,风景名胜,新建宫门路19号颐和园内,北京市,北京市,海淀区,116.2749249,40.00035517
平台亭,风景名胜,风景名胜,风景名胜,新建宫门路19号颐和园,北京市,北京市,海淀区,116.2720811,40.00063423
颐和园-文昌阁,风景名胜,风景名胜,风景名胜,新建宫门路19号颐和园内,北京市,北京市,海淀区,116.2740676,39.99537034
颐和园-夕佳楼,风景名胜,风景名胜,风景名胜,新建宫门路19号颐和园,北京市,北京市,海淀区,116.2730605,39.99677337
颐和园-宜芸馆,风景名胜,风景名胜,风景名胜,新建宫门路19号颐和园内,北京市,北京市,海淀区,116.2731124,39.99721429
颐和园-荟亭,风景名胜,风景名胜,风景名胜,新建宫门路19号颐和园,北京市,北京市,海淀区,116.2725918,39.99865779
颐和园-藕香榭,风景名胜,风景名胜,风景名胜,新建宫门路19号颐和园,北京市,北京市,海淀区,116.2731195,39.99645332
书斋,风景名胜,风景名胜,风景名胜,新建宫门路19号颐和园,北京市,北京市,海淀区,116.2750424,39.99569224
颐和园-霞芬室,风景名胜,风景名胜,风景名胜,新建宫门路19号颐和园,北京市,北京市,海淀区,116.2734252,39.99644999
颐和园-宜芸门,风景名胜,风景名胜,风景名胜,新建宫门路19号颐和园,北京市,北京市,海淀区,116.2730985,39.99691832
颐和园-颐乐殿,风景名胜,风景名胜,风景名胜,新建宫门路19号颐和园,北京市,北京市,海淀区,116.2736787,39.99753767
颐和园-扬仁风,风景名胜,风景名胜,风景名胜,新建宫门路19号颐和园,北京市,北京市,海淀区,116.2718517,39.99779959
寄澜亭,风景名胜,风景名胜,风景名胜,新建宫门路19号颐和园,北京市,北京市,海淀区,116.2697669,39.9970767
颐和园-澄爽斋,风景名胜,风景名胜,风景名胜,新建宫门路19号颐和园,北京市,北京市,海淀区,116.2752537,39.99909485
颐和园-意迟云在,风景名胜,风景名胜,风景名胜,新建宫门路19号颐和园,北京市,北京市,海淀区,116.270593,39.99779686
颐和园-东门广场,风景名胜,公园广场,公园广场,新建宫门路19号颐和园内,北京市,北京市,海淀区,116.2754917,39.99675868
颐和园-寅辉城关,风景名胜,风景名胜,风景名胜,新建宫门路19号颐和园,北京市,北京市,海淀区,116.26932,40.00008399
含新亭,风景名胜,风景名胜,风景名胜,新建宫门路19号颐和园,北京市,北京市,海淀区,116.2721164,39.9981323
颐和园-谐趣园宫门,风景名胜,风景名胜,风景名胜,新建宫门路19号颐和园谐趣园内,北京市,北京市,海淀区,116.275028,39.99892012
颐和园-延年井,风景名胜,风景名胜,风景名胜,新建宫门路19号颐和园,北京市,北京市,海淀区,116.2740025,39.99679635
颐和园德和园,风景名胜,风景名胜,风景名胜,新建宫门路19号颐和园内,北京市,北京市,海淀区,116.2737127,39.99722965
颐和园-玉澜门,风景名胜,风景名胜,观景点,新建宫门路19号颐和园内,北京市,北京市,海淀区,116.2732764,39.99623416
颐和园-对鸥舫,风景名胜,风景名胜,风景名胜,新建宫门路19号颐和园内,北京市,北京市,海淀区,116.2703764,39.99697711
北京市颐和园管理处,风景名胜,公园广场,公园,二龙闸路与昆明湖路交叉口东北150米,北京市,北京市,海淀区,116.2764227,39.99533866
颐和园-圆朗斋,风景名胜,风景名胜,风景名胜,新建宫门路19号颐和园内,北京市,北京市,海淀区,116.2698877,39.99783855
颐和园-铜器馆,风景名胜,风景名胜,风景名胜,新建宫门路19号颐和园,北京市,北京市,海淀区,116.2745479,39.99597678
颐和园-澹宁门,风景名胜,风景名胜,风景名胜,新建宫门路19号颐和园,北京市,北京市,海淀区,116.2724439,39.9996339
颐和园综合治理办公室,政府机构及社会团体,社会团体,社会团体相关|风景名胜,新建宫门路19号颐和园,北京市,北京市,海淀区,116.2753538,39.99705183
颐和园-检票处,风景名胜,风景名胜相关,旅游景点,新建宫门路19号颐和园内,北京市,北京市,海淀区,116.2750952,39.99671713
颐和园-寻云亭,风景名胜,风景名胜,风景名胜,新建宫门路19号颐和园,北京市,北京市,海淀区,116.2696699,39.99788076
瞰碧台,风景名胜,风景名胜,风景名胜,新建宫门路19号颐和园,北京市,北京市,海淀区,116.2699297,39.99767851
颐和园-洗秋,风景名胜,风景名胜,风景名胜,新建宫门路19号颐和园,北京市,北京市,海淀区,116.2755394,39.99893853
颐和园-花承阁址,风景名胜,风景名胜,风景名胜,新建宫门路19号颐和园,北京市,北京市,海淀区,116.2707427,39.99929965
颐和园-邀月门,风景名胜,风景名胜,风景名胜,新建宫门路19号颐和园,北京市,北京市,海淀区,116.2718987,39.99729357
圆明园-藻园门,风景名胜,风景名胜,风景名胜,清华西路28号(圆明园遗址内),北京市,北京市,海淀区,116.2833663,40.00083558
亮丽园,风景名胜,公园广场,公园,中直路与二龙闸路交叉口东北100米,北京市,北京市,海淀区,116.2867456,39.99591801
圆明园-藻园门车站,风景名胜,风景名胜,风景名胜,清华西路28号圆明园遗址公园西北景区内,北京市,北京市,海淀区,116.2835031,40.00110438
宫门前,风景名胜,风景名胜相关,旅游景点,二龙闸甲一号,北京市,北京市,海淀区,116.2803873,39.99655973
北京大学恩慕寺山门,风景名胜,风景名胜,寺庙道观,颐和园路5号北京大学(近畅春园路),北京市,北京市,海淀区,116.2982201,39.99176394
圆明园-惠济祠,风景名胜,风景名胜,风景名胜,清华西路28号圆明园遗址公园内,北京市,北京市,海淀区,116.2990319,39.99670634
圆明园-绿满轩,风景名胜,风景名胜,风景名胜,清华西路28号圆明园遗址公园内,北京市,北京市,海淀区,116.298876,39.99867452
圆明园-大宫门,风景名胜,风景名胜,风景名胜,圆明园景区内,北京市,北京市,海淀区,116.2908231,39.9994607
北京大学恩佑寺山门,风景名胜,风景名胜,寺庙道观,求知路与颐和园路交叉口西北50米,北京市,北京市,海淀区,116.2982151,39.99205993
畅春新园体育休闲广场(北1门),风景名胜,公园广场,公园,承泽园路与畅春园路交叉口东100米,北京市,北京市,海淀区,116.2942948,39.99120952
北京大学勺海,风景名胜,风景名胜,风景名胜,颐和园路16号附近,北京市,北京市,海淀区,116.2990146,39.9912596
北京大学博雅塔,风景名胜,风景名胜,风景名胜,颐和园路5号北京大学未名湖畔,北京市,北京市,海淀区,116.3057285,39.99263863
圆明园-万春园,风景名胜,风景名胜,风景名胜,清华西路28号圆明园遗址公园内,北京市,北京市,海淀区,116.3074049,40.00009024
北京大学鸣鹤园,风景名胜,公园广场,公园,颐和园路20号附近,北京市,北京市,海淀区,116.2992169,39.99402713
北京大学朗润园,风景名胜,公园广场,公园,清华西路28北京大学,北京市,北京市,海淀区,116.3037821,39.99674898
圆明园-残桥,风景名胜,风景名胜,风景名胜,清华西路28号圆明园遗址公园内,北京市,北京市,海淀区,116.3047036,40.00089914
北京大学慈济寺,风景名胜,风景名胜,寺庙道观,颐和园路5号花神庙附近,北京市,北京市,海淀区,116.3043215,39.99278917
澄心堂,风景名胜,风景名胜,风景名胜,清华西路28号圆明园遗址公园内,北京市,北京市,海淀区,116.3008789,39.99850605
北京大学临湖轩,风景名胜,风景名胜,风景名胜,颐和园路5号北京大学未名湖南岸,北京市,北京市,海淀区,116.3028945,39.99231675
圆明园-鉴碧亭,风景名胜,风景名胜,风景名胜,清华西路28号圆明园遗址公园绮春园内,北京市,北京市,海淀区,116.3046588,40.00010125
北京大学鲁斯亭,风景名胜,风景名胜,风景名胜,颐和园路5号北京大学,北京市,北京市,海淀区,116.3034642,39.99342769
北京大学魏士毅女士纪念碑,风景名胜,风景名胜,纪念馆,颐和园路5号北京大学,北京市,北京市,海淀区,116.3003908,39.99199018
北京大学国立西南联合大学纪念牌,风景名胜,风景名胜,风景名胜,颐和园路5号北京大学,北京市,北京市,海淀区,116.2991772,39.99244727
北京大学梅石碑,风景名胜,风景名胜,风景名胜,颐和园路5号北京大学,北京市,北京市,海淀区,116.3023048,39.99209681
圆明园-绮春园景区,风景名胜,风景名胜,国家级景点,清华西路28号圆明园遗址内,北京市,北京市,海淀区,116.3064481,39.99955502
圆明园-迎晖门,风景名胜,风景名胜,风景名胜,清华西路28号圆明园遗址公园绮春园内,北京市,北京市,海淀区,116.3064211,39.99958407
采薇阁,风景名胜,风景名胜,风景名胜,朗润园158号,北京市,北京市,海淀区,116.3032283,39.99632199
北京大学哲学门,风景名胜,风景名胜,风景名胜,颐和园路5号北京大学宗教学系附近,北京市,北京市,海淀区,116.3056753,39.99530561
石舫(镜春路),风景名胜,风景名胜,风景名胜,颐和园路5号北京大学鲁斯亭附近,北京市,北京市,海淀区,116.3037985,39.99345709
未名湖燕园建筑,风景名胜,风景名胜,风景名胜,临湖路附近,北京市,北京市,海淀区,116.3028087,39.9925479
蔡元培先生,风景名胜,风景名胜,风景名胜,临湖路与镜春路交叉口东北150米,北京市,北京市,海淀区,116.3012668,39.9930586
北京大学镜春园,风景名胜,风景名胜,风景名胜,镜春园79号院,北京市,北京市,海淀区,116.3031666,39.99516415
北京大学蔡元培像,风景名胜,风景名胜,风景名胜,颐和园路5号北京大学未名湖西南侧,北京市,北京市,海淀区,116.3012668,39.9930586
北京大学红湖,风景名胜,风景名胜,风景名胜,颐和园路5号,北京市,北京市,海淀区,116.3009492,39.99539906
北京大学花神庙,风景名胜,风景名胜,风景名胜,颐和园路5号北京大学临湖路(近博雅塔),北京市,北京市,海淀区,116.3038774,39.99280597
北京大学埃德加·斯诺之墓,风景名胜,风景名胜,风景名胜,颐和园路5号北京大学校园内临湖路(近博雅塔),北京市,北京市,海淀区,116.3038924,39.99262095
北京大学塞万提斯,风景名胜,风景名胜,风景名胜,颐和园路5号北京大学,北京市,北京市,海淀区,116.2999018,39.99152405
北京大学乾隆诗碑,风景名胜,风景名胜,风景名胜,颐和园路5号北京大学,北京市,北京市,海淀区,116.3018915,39.9930185
北京大学李大钊像,风景名胜,风景名胜,风景名胜,颐和园路5号北京大学,北京市,北京市,海淀区,116.3020693,39.99161825
圆明园-畅和堂,风景名胜,风景名胜,风景名胜,清华西路28号圆明园遗址公园内,北京市,北京市,海淀区,116.3008191,39.99818017
北京大学钟亭,风景名胜,风景名胜,风景名胜,颐和园路5号北京大学,北京市,北京市,海淀区,116.3018875,39.99311351
北京大学校景亭,风景名胜,风景名胜,风景名胜,颐和园路5号北京大学,北京市,北京市,海淀区,116.3004602,39.99495294
北京大学石雕屏风,风景名胜,风景名胜,风景名胜,颐和园路5号北京大学镜春路附近,北京市,北京市,海淀区,116.3038982,39.99451886
北京大学石舫(北京核磁共振中心西),风景名胜,风景名胜,风景名胜,颐和园路5号北京大学,北京市,北京市,海淀区,116.3037965,39.99346809
北京大学勺园,风景名胜,风景名胜,风景名胜,颐和园路5号,北京市,北京市,海淀区,116.2993779,39.99138397
北京大学翻尾石鱼,风景名胜,风景名胜,风景名胜,颐和园路5号北京大学,北京市,北京市,海淀区,116.3022149,39.99303993
圆明园-绮春园宫门,风景名胜,风景名胜,风景名胜,清华西路28号圆明园遗址公园内,北京市,北京市,海淀区,116.306496,39.99941194
北京大学葛利普教授之墓,风景名胜,风景名胜,风景名胜,颐和园路5号北京大学校园内,北京市,北京市,海淀区,116.299237,39.99247316
圆明园-心境轩,风景名胜,风景名胜,风景名胜,清华西路28号圆明园遗址公园内,北京市,北京市,海淀区,116.3081853,39.99936483
圆明园-点景房,风景名胜,风景名胜,风景名胜,清华西路28号圆明园遗址公园内,北京市,北京市,海淀区,116.3019169,39.99769126
圆明园-正觉寺,风景名胜,风景名胜,寺庙道观,清华西路28号圆明园遗址内,北京市,北京市,海淀区,116.3032769,39.99933377
圆明园-不能忘记,风景名胜,风景名胜,风景名胜,圆明园地铁站A西北口东北100米,北京市,北京市,海淀区,116.3033239,39.99849572
北京绿道三山五园,风景名胜,风景名胜相关,旅游景点,中关村北大街与清华南路交叉口西50米,北京市,北京市,海淀区,116.3085337,39.99821624
北京大学华表,风景名胜,风景名胜,风景名胜,北京大学,北京市,北京市,海淀区,116.2993816,39.99324988
未名湖,风景名胜,风景名胜,风景名胜,颐和园路5北京大学,北京市,北京市,海淀区,116.3045479,39.99354173
圆明园-迎珲殿,风景名胜,风景名胜,风景名胜,清华西路28号圆明园遗址公园内,北京市,北京市,海淀区,116.3059252,39.99972397
清华园,风景名胜,风景名胜,风景名胜,双清路30号(清华大学内),北京市,北京市,海淀区,116.3182496,39.99994678
清华大学绿园,风景名胜,公园广场,公园,水磨东街12号清华大学,北京市,北京市,海淀区,116.3118562,39.99942498
清华大学近春园遗址,风景名胜,风景名胜,风景名胜,双清路30号清华大学,北京市,北京市,海淀区,116.3137188,40.0007494
清华大学近春园,风景名胜,风景名胜,风景名胜,双清路30号清华大学,北京市,北京市,海淀区,116.3117194,40.00054818
清华大学行胜於言,风景名胜,风景名胜,风景名胜,双清路30号清华大学,北京市,北京市,海淀区,116.3184451,40.00075537
清华大学桂韵,风景名胜,风景名胜,风景名胜,双榆树北路甲5号101室,北京市,北京市,海淀区,116.3117276,39.99836426
清华大学无尽,风景名胜,风景名胜,风景名胜,双清路30号清华大学内,北京市,北京市,海淀区,116.3126405,39.99882052
清华大学三峡石,风景名胜,风景名胜,风景名胜,双清路30号清华大学内,北京市,北京市,海淀区,116.3100833,39.99858934
莲桥(熙春路),风景名胜,风景名胜,风景名胜,双清路30号清华大学内,北京市,北京市,海淀区,116.3146897,40.00025157
临漪榭,风景名胜,风景名胜,风景名胜,双清路30号清华大学内,北京市,北京市,海淀区,116.313256,40.0002513
清华大学零零阁,风景名胜,风景名胜,风景名胜,双清路30号清华大学,北京市,北京市,海淀区,116.3133518,39.99964114
清华大学晗亭,风景名胜,风景名胜,风景名胜,双清路30号清华大学,北京市,北京市,海淀区,116.3134235,40.00047897
清华荷塘,风景名胜,风景名胜相关,旅游景点,近春路附近,北京市,北京市,海淀区,116.3124937,40.00020374
清华大学母育子,风景名胜,风景名胜,风景名胜,清华路附近,北京市,北京市,海淀区,116.3166204,39.99971891
清华大学方硕妹,风景名胜,风景名胜,风景名胜,中关村北大街,北京市,北京市,海淀区,116.3094335,40.00013348
清华大学孺子牛石雕,风景名胜,风景名胜,风景名胜,双清路30号清华大学内,北京市,北京市,海淀区,116.326036,39.99758592
清华世纪鼎,风景名胜,风景名胜,风景名胜,双清路30号清华大学,北京市,北京市,海淀区,116.3190976,40.00043713
奥林匹克广场,风景名胜,公园广场,公园广场,林翠路,北京市,北京市,海淀区,116.3372266,39.99785783
王庄公园,风景名胜,公园广场,公园,清华东路南50米,北京市,北京市,海淀区,116.3367485,39.99906266
东王庄小区-社区广场,风景名胜,公园广场,城市广场,清华东路,北京市,北京市,海淀区,116.3371957,39.99788189
清华东路带状公园,风景名胜,公园广场,公园,清华东路24号附近,北京市,北京市,海淀区,116.3406311,39.99917961
枕石园,风景名胜,风景名胜,风景名胜,成府路北150米,北京市,北京市,海淀区,116.3426715,39.99308626
孔子圣像,风景名胜,风景名胜相关,旅游景点,北京语言大学图书馆,北京市,北京市,海淀区,116.3415328,39.99386424
学子情,风景名胜,风景名胜,风景名胜,清华东路35号北京林业大学,北京市,北京市,海淀区,116.3404573,40.00008188
亲农耕农场(学院路店),风景名胜,风景名胜相关,旅游景点,学院路15号北京语言大学清晏楼3层,北京市,北京市,海淀区,116.3412315,39.9930718
青年园,风景名胜,公园广场,公园广场,学院路20号院,北京市,北京市,海淀区,116.3552096,39.99477371
畅乐园,风景名胜,公园广场,公园广场,石油大学东教学区附近,北京市,北京市,海淀区,116.3540793,39.9974943
坦桑尼亚国家公园北京办事处,风景名胜,公园广场,公园,大屯路北京飞机强度研究所,北京市,北京市,朝阳区,116.3664149,40.00076047
恭王府-大戏楼,风景名胜,风景名胜,风景名胜,志新西路十字路口东南角(二里庄南口),北京市,北京市,海淀区,116.3591422,39.99185217
二李庄塔4楼,风景名胜,风景名胜相关,旅游景点,志新西路东200米,北京市,北京市,海淀区,116.3605692,39.99638002
绿影园,风景名胜,公园广场,公园,军民团结路东200米,北京市,北京市,朝阳区,116.3719971,39.99856756
憩园,风景名胜,风景名胜相关,旅游景点,安翔北路南150米,北京市,北京市,朝阳区,116.3759807,39.99149124
鸟巢边的sweet home大床房|2室1厅|独立单间,风景名胜,风景名胜相关,旅游景点,安翔里46号楼,北京市,北京市,朝阳区,116.3739068,39.99175604
下沉花园,风景名胜,公园广场,公园,湖景东路11号,北京市,北京市,朝阳区,116.3874298,39.99900992
北京奥林匹克公园-中国轮滑广场,风景名胜,公园广场,城市广场,北辰东路15号奥林匹克公园内,北京市,北京市,朝阳区,116.3866757,39.9947274
北京奥林匹克公园中区,风景名胜,公园广场,公园,科荟路33号,北京市,北京市,朝阳区,116.3863373,39.99953334
北京奥林匹克公园-玲珑塔,风景名胜,风景名胜,风景名胜,国家体育场北路8号,北京市,北京市,朝阳区,116.3876372,39.99588297
世界冠军手印馆,风景名胜,风景名胜相关,旅游景点,天辰东路11号国家游泳中心内,北京市,北京市,朝阳区,116.3845662,39.99112951
亚运村升旗广场,风景名胜,公园广场,城市广场,北辰东路8号院,北京市,北京市,朝阳区,116.3973284,39.99200953
鸟巢空中走廊,风景名胜,风景名胜,风景名胜,国家体育场南路1号国家体育场,北京市,北京市,朝阳区,116.3893971,39.99134657
大屯文化广场,风景名胜,公园广场,城市广场,大屯,北京市,北京市,朝阳区,116.4033568,39.99542347
缘观堂,风景名胜,风景名胜相关,旅游景点,安慧北里小区路与慧忠路北一路交叉口东北200米,北京市,北京市,朝阳区,116.4075983,39.99550319
民怡园,风景名胜,公园广场,公园,北苑路与慧忠北路交叉口西南150米,北京市,北京市,朝阳区,116.4100621,39.99691551
竹露风荷,风景名胜,风景名胜相关,旅游景点,安慧东里1号院4号,北京市,北京市,朝阳区,116.4163353,39.99105249
华汇紫薇公园,风景名胜,公园广场,公园,小营北路19号,北京市,北京市,朝阳区,116.4226084,39.99578577
望承公园,风景名胜,公园广场,公园,南湖渠西路220号,北京市,北京市,朝阳区,116.4457095,39.99375387
护国天仙圣母庙,风景名胜,风景名胜,寺庙道观,鼎成路2号,北京市,北京市,朝阳区,116.4417513,40.00073459
望和公园北园,风景名胜,公园广场,公园,东四环望和桥边,北京市,北京市,朝阳区,116.4465061,39.99881833
望和公园3号,风景名胜,风景名胜相关,旅游景点,河荫西路,北京市,北京市,朝阳区,116.4466605,39.99901965
望和公园滨水广场,风景名胜,公园广场,城市广场,S11京承高速附近,北京市,北京市,朝阳区,116.4456539,39.99718261
望京文化广场,风景名胜,公园广场,城市广场,宏昌路望京西园四区北侧,北京市,北京市,朝阳区,116.4649312,39.99883351
西园四区中心广场,风景名胜,公园广场,城市广场,望京西园4区,北京市,北京市,朝阳区,116.4650741,39.99510004
南家亭,风景名胜,风景名胜相关,旅游景点,河荫中路1-3号附近,北京市,北京市,朝阳区,116.4669786,39.99552711
盛庭养生会所,风景名胜,风景名胜相关,旅游景点,望京西园四区424号楼,北京市,北京市,朝阳区,116.4627023,39.99379588
望京伯爵城中央公园,风景名胜,公园广场,公园,阜安东路,北京市,北京市,朝阳区,116.4714678,39.99231352
北京市朝阳区大望京公园,风景名胜,公园广场,公园,崔各庄乡大望京村,北京市,北京市,朝阳区,116.4885678,39.99552289
杭味江,风景名胜,风景名胜相关,旅游景点,望京东园内,北京市,北京市,朝阳区,116.4806532,39.99332266
北京市朝阳区大望京公园管理处,风景名胜,风景名胜,风景名胜,望京东路甲6号,北京市,北京市,朝阳区,116.4877768,39.99558453
望京公园,风景名胜,公园广场,公园,彩虹路2号,北京市,北京市,朝阳区,116.4928352,39.99354268
A4 STUDIOS,风景名胜,风景名胜相关,旅游景点,,北京市,北京市,朝阳区,116.4985425,39.99653557
798创意广场金属库,风景名胜,风景名胜相关,旅游景点,酒仙桥北路798创意广场金属库,北京市,北京市,朝阳区,116.495347,39.99155026
北京市朝阳区大望京公园管理处,风景名胜,风景名胜相关,旅游景点,五元桥与S50北五环交叉口南100米,北京市,北京市,朝阳区,116.4905376,40.00082352
鸳鸯仙,风景名胜,风景名胜相关,旅游景点,崔各庄乡草场地国际艺术村,北京市,北京市,朝阳区,116.5006261,39.99886566
中国毛泽东手书馆,风景名胜,风景名胜,纪念馆,金盏乡皮村路68号,北京市,北京市,朝阳区,116.6151364,39.99869299
小龙门国家级森林公园,风景名胜,风景名胜,风景名胜,109国道清水镇小龙门林场,北京市,北京市,门头沟区,115.4378117,39.98176835
药王庙,风景名胜,风景名胜,寺庙道观,零一二县道,北京市,北京市,门头沟区,115.5662698,39.99005464
宛平抗日烈士纪念碑,风景名胜,风景名胜,风景名胜,斋堂镇211省道西100米,北京市,北京市,门头沟区,115.7062871,39.98423185
西湖林圣母圣心堂,风景名胜,风景名胜,教堂,西湖林,北京市,北京市,门头沟区,115.7354233,39.98150918
东胡林人遗址,风景名胜,风景名胜,风景名胜,军饷乡东胡林村西侧,北京市,北京市,门头沟区,115.7394747,39.98930081
隐逸妙峰生态观光园,风景名胜,风景名胜相关,旅游景点,妙峰山镇担礼村(近中油首汽十五号加油站),北京市,北京市,门头沟区,116.0387299,39.98705714
丰光寺,风景名胜,风景名胜,寺庙道观,担礼大街17号,北京市,北京市,门头沟区,116.0442401,39.98770124
妙峰山牌楼,风景名胜,风景名胜,风景名胜,,北京市,北京市,门头沟区,116.0478484,39.98881102
龙凤岭,风景名胜,风景名胜,风景名胜,陈家庄村西街4号,北京市,北京市,门头沟区,116.0540657,39.98968279
善佛寺,风景名胜,风景名胜,风景名胜,潭峪路,北京市,北京市,石景山区,116.1469901,39.98469571
海淀瞭望台,风景名胜,风景名胜相关,旅游景点,,北京市,北京市,海淀区,116.16482,39.98943899
香山公园-香炉峰,地名地址信息,自然地名,山|风景名胜,买卖街40号香山公园内,北京市,北京市,海淀区,116.1714386,39.98990232
香山公园-潮阳涧(晞阳河),风景名胜,风景名胜,风景名胜,买卖街40号香山公园内,北京市,北京市,海淀区,116.1778326,39.98769815
香山公园-林琪,风景名胜,风景名胜,风景名胜,买卖街40号香山公园内,北京市,北京市,海淀区,116.1783087,39.98950794
香山公园-红叶林区,风景名胜,风景名胜,风景名胜,买卖街40号香山公园内,北京市,北京市,海淀区,116.1757999,39.98834342
香山公园-西山晴雪,风景名胜,风景名胜,风景名胜,买卖街40号香山公园内,北京市,北京市,海淀区,116.1777289,39.99064084
香山公园-重阳阁,风景名胜,风景名胜相关,旅游景点,买卖街40号香山公园内,北京市,北京市,海淀区,116.1727491,39.99080471
香山公园-观景台,风景名胜,风景名胜,风景名胜,买卖街40号香山公园内,北京市,北京市,海淀区,116.1711788,39.98981984
香山公园-紫烟亭,风景名胜,风景名胜,风景名胜,买卖街40号香山公园内,北京市,北京市,海淀区,116.1716602,39.99004572
香山公园-侧柏&油松,风景名胜,风景名胜,风景名胜,买卖街40号香山公园内,北京市,北京市,海淀区,116.1779096,39.98949122
香山公园-香圃,风景名胜,风景名胜,风景名胜,买卖街40号香山公园内,北京市,北京市,海淀区,116.1783067,39.98950394
香山公园-香雾窟天台,风景名胜,风景名胜,风景名胜,买卖街40号香山公园内,北京市,北京市,海淀区,116.1786857,39.98942962
香山公园-朝阳洞,风景名胜,风景名胜,风景名胜,买卖街40号香山公园内,北京市,北京市,海淀区,116.1769601,39.98847154
香山公园-游目天表(殿),风景名胜,风景名胜,风景名胜,买卖街40号香山公园内,北京市,北京市,海淀区,116.1775255,39.98949352
香山公园-平台,风景名胜,风景名胜相关,旅游景点,买卖街40号香山公园内,北京市,北京市,海淀区,116.1787429,39.98935973
镜烟楼,风景名胜,风景名胜相关,旅游景点,买卖街40号香山公园静宜园内,北京市,北京市,海淀区,116.1773982,39.98965328
香山公园-鬼见愁,风景名胜,风景名胜相关,旅游景点,买卖街40号香山公园内,北京市,北京市,海淀区,116.1729327,39.99059006
香山公园-索道上站,风景名胜,风景名胜相关,旅游景点,买卖街40号香山公园内,北京市,北京市,海淀区,116.1730178,39.99109319
香山公园-梅石,风景名胜,风景名胜相关,旅游景点,买卖街40号香山公园内,北京市,北京市,海淀区,116.1734363,39.98864807
香山公园,风景名胜,风景名胜,国家级景点,香山买卖街40号,北京市,北京市,海淀区,116.1830014,39.98896633
抗战名将纪念馆,风景名胜,风景名胜,纪念馆,香山北正黄旗18号,北京市,北京市,海淀区,116.1984538,39.98870547
香山公园-对瀑亭,风景名胜,风景名胜,风景名胜,买卖街40号香山公园静宜园内,北京市,北京市,海淀区,116.1903314,39.98829582
香山公园-静宜园,风景名胜,风景名胜,风景名胜,买卖街40号香山公园内,北京市,北京市,海淀区,116.1904485,39.98995494
香山公园-致远斋,风景名胜,风景名胜,风景名胜,买卖街40号香山公园内附近,北京市,北京市,海淀区,116.1899503,39.98973713
香山公园-翠微亭,风景名胜,风景名胜,风景名胜,买卖街40号香山公园内,北京市,北京市,海淀区,116.189674,39.98692479
德福养心园,风景名胜,风景名胜,风景名胜,香山路15号附近,北京市,北京市,海淀区,116.1920274,39.99074547
香山公园-静翠湖,地名地址信息,自然地名,河流|风景名胜,买卖街40号香山公园内,北京市,北京市,海淀区,116.1904637,39.98853103
香山公园-看云起,风景名胜,风景名胜,风景名胜,买卖街40号香山公园内,北京市,北京市,海淀区,116.1900861,39.9861425
引水石渠,风景名胜,风景名胜,风景名胜,买卖街40号香山公园内,北京市,北京市,海淀区,116.1896488,39.9881507
香山公园-青未了,风景名胜,风景名胜,风景名胜,买卖街40号香山公园内,北京市,北京市,海淀区,116.1913921,39.98830855
香山公园-勤政殿,风景名胜,风景名胜,风景名胜,买卖街40号香山公园东门内20米,北京市,北京市,海淀区,116.189838,39.98974495
香山公园-对瀑,风景名胜,风景名胜,风景名胜,买卖街40号香山公园内,北京市,北京市,海淀区,116.1903184,39.9881318
香山公园-屏山带水,风景名胜,风景名胜,风景名胜,买卖街40号香山公园内,北京市,北京市,海淀区,116.1903415,39.98811584
香山公园-俯仰陶然,风景名胜,风景名胜,风景名胜,买卖街40号香山公园内,北京市,北京市,海淀区,116.1898995,39.98743314
香山公园-静翠湖,风景名胜,风景名胜,风景名胜,买卖街40号香山公园内,北京市,北京市,海淀区,116.1897048,39.98874877
香山公园-驯鹿坡,风景名胜,风景名胜相关,旅游景点,买卖街40号香山公园内,北京市,北京市,海淀区,116.1915915,39.98867086
佟麟阁将军纪念馆,风景名胜,风景名胜,纪念馆,香山北正黄旗十八号香麓园,北京市,北京市,海淀区,116.1984699,39.98890748
团城演武厅,风景名胜,风景名胜,风景名胜|体育休闲服务,香山南路红旗村1号,北京市,北京市,海淀区,116.2014111,39.98312394
北京植物园南区-栎园,风景名胜,公园广场,植物园,香山南辛村20号中国科学院植物研究所北京植物园内,北京市,北京市,海淀区,116.2079408,39.99002425
北京植物园南区-宿根花卉区,风景名胜,风景名胜相关,旅游景点,香山南辛村20号中国科学院植物研究所北京植物园内,北京市,北京市,海淀区,116.2077073,39.99040295
北京植物园南区-蔷薇园,风景名胜,公园广场,植物园,香山南辛村20号中国科学院植物研究所北京植物园内,北京市,北京市,海淀区,116.2072224,39.98963238
北京植物园南区-槐园,风景名胜,公园广场,植物园,香山南辛村20号中国科学院植物研究所北京植物园内,北京市,北京市,海淀区,116.2070692,39.98840824
北京植物园南区-树木园,风景名胜,公园广场,植物园,香山南辛村20号中国科学院植物研究所北京植物园内,北京市,北京市,海淀区,116.2069258,39.99000999
北京市团城演武厅管理处,风景名胜,风景名胜,风景名胜,香山南路红旗村1号北京团城,北京市,北京市,海淀区,116.2014081,39.98313194
北京植物园南区-朱德元帅养兰旧址,风景名胜,风景名胜相关,旅游景点,香山南辛村20号中国科学院植物研究所北京植物园内,北京市,北京市,海淀区,116.2066221,39.99076758
北京植物园南区-古代莲,风景名胜,风景名胜,风景名胜,香山南辛村20号中国科学院植物研究所北京植物园内,北京市,北京市,海淀区,116.2049778,39.9899795
北京植物园南区-溥仪生活旧址,风景名胜,风景名胜相关,旅游景点,香山南辛村20号中国科学院植物研究所北京植物园内,北京市,北京市,海淀区,116.2053185,39.99042492
中国科学院北京植物园,风景名胜,公园广场,植物园,香山南辛村20号,北京市,北京市,海淀区,116.2049428,39.98995045
北京植物园南区,风景名胜,公园广场,植物园,香山南辛村20号,北京市,北京市,海淀区,116.2096091,39.98857931
玉泉山,风景名胜,风景名胜,风景名胜,山麓颐和园西侧,北京市,北京市,海淀区,116.2444042,39.99066591
北坞公园-金山寺,风景名胜,风景名胜,寺庙道观,北坞村路29号,北京市,北京市,海淀区,116.2490986,39.98462955
玉泉公园,风景名胜,公园广场,公园,万安东路,北京市,北京市,海淀区,116.2441281,39.98260825
北坞公园,风景名胜,公园广场,公园,颐和园西门外,北京市,北京市,海淀区,116.2505955,39.98493017
玉东园,风景名胜,公园广场,公园,四季青金河路颐和园西门路和金河的交叉口附近,北京市,北京市,海淀区,116.2505648,39.99069494
颐和园-三十亩绿地,风景名胜,风景名胜,风景名胜,新建宫门路19号颐和园内,北京市,北京市,海淀区,116.2588812,39.98622357
治镜阁遗址,风景名胜,风景名胜,风景名胜,新建宫门路19号颐和园内,北京市,北京市,海淀区,116.258158,39.99033681
玉东郊野公园管理处,风景名胜,风景名胜,风景名胜,颐和园西门外,北京市,北京市,海淀区,116.2542774,39.98953672
颐和园-藻鉴堂遗址,风景名胜,风景名胜,风景名胜,新建宫门路19号颐和园内,北京市,北京市,海淀区,116.2648627,39.98480451
颐和园-景明楼,风景名胜,风景名胜,风景名胜,新建宫门路19号颐和园内,北京市,北京市,海淀区,116.2677523,39.98502607
颐和园-矞瑞圗轩,风景名胜,风景名胜,风景名胜,新建宫门路19号颐和园内,北京市,北京市,海淀区,116.2598968,39.98546999
颐和园-绚霞琦月,风景名胜,风景名胜,风景名胜,新建宫门路19号颐和园内,北京市,北京市,海淀区,116.259579,39.98536419
颐和园-柳桥,风景名胜,风景名胜,风景名胜,,北京市,北京市,海淀区,116.2675008,39.98278338
颐和园-游船码头,风景名胜,风景名胜,风景名胜|交通设施服务,新建宫门路19号颐和园内,北京市,北京市,海淀区,116.2600866,39.98616385
颐和园-西堤(昆明湖路),风景名胜,风景名胜,风景名胜,新建宫门路19号颐和园,北京市,北京市,海淀区,116.2680575,39.98153394
颐和园-畅观堂,风景名胜,风景名胜,风景名胜,新建宫门路19号颐和园内,北京市,北京市,海淀区,116.2596759,39.98553413
柳桥,地名地址信息,交通地名,桥|风景名胜,新建宫门路19号颐和园内,北京市,北京市,海淀区,116.2676297,39.98287727
颐和园-练桥,风景名胜,风景名胜,风景名胜,新建宫门路19号颐和园内,北京市,北京市,海淀区,116.2656697,39.98782874
颐和园-镜桥,风景名胜,风景名胜,风景名胜,新建宫门路19号颐和园内,北京市,北京市,海淀区,116.2634331,39.99010439
涵虚堂,风景名胜,风景名胜,世界遗产,颐和园南湖岛,北京市,北京市,海淀区,116.2699806,39.99049077
颐和园-南湖岛,风景名胜,风景名胜,风景名胜,新建宫门路19号颐和园,北京市,北京市,海淀区,116.2698267,39.99024093
颐和园-十七孔桥,风景名胜,风景名胜,风景名胜,新建宫门路19号颐和园,北京市,北京市,海淀区,116.2723573,39.98905544
颐和园-铜牛,风景名胜,风景名胜,风景名胜,新建宫门路19号颐和园内,北京市,北京市,海淀区,116.2733581,39.98947636
颐和园-月波楼,风景名胜,风景名胜,风景名胜,新建宫门路19号颐和园,北京市,北京市,海淀区,116.2697818,39.98998098
颐和园-东堤,风景名胜,风景名胜,风景名胜,新建宫门路19号颐和园附近,北京市,北京市,海淀区,116.2738125,39.98992885
颐和园-云舒,风景名胜,风景名胜,风景名胜,新建宫门路19号颐和园,北京市,北京市,海淀区,116.2738255,39.98976084
颐和府,风景名胜,风景名胜,风景名胜,昆明湖东路与昆明湖路交叉口西北200米,北京市,北京市,海淀区,116.273258,39.98297573
颐和园-廓如亭,风景名胜,风景名胜,风景名胜,昆明湖路颐和园十七孔桥附近,北京市,北京市,海淀区,116.272558,39.98912522
颐和园-凤凰墩,风景名胜,风景名胜,风景名胜,新建宫门路19号颐和园内,北京市,北京市,海淀区,116.2707159,39.9820874
颐和园-新建广润灵雨祠,风景名胜,风景名胜,风景名胜,新建宫门路19号颐和园内,北京市,北京市,海淀区,116.2702174,39.98996056
颐和园-凌霄,风景名胜,风景名胜相关,旅游景点,新建宫门路19号颐和园颐和园-月波楼附近,北京市,北京市,海淀区,116.2703133,39.98992447
海淀公园,风景名胜,公园广场,公园,新建宫门路2号,北京市,北京市,海淀区,116.2891438,39.98573186
畅春新园体育休闲广场,风景名胜,公园广场,城市广场,万柳畅春园路西苑操场98号,北京市,北京市,海淀区,116.2951733,39.99025612
万泉亭,风景名胜,风景名胜,风景名胜,万泉河路与万泉河路入口交叉口东150米,北京市,北京市,海淀区,116.2930832,39.99006353
缨云,风景名胜,风景名胜,风景名胜,颐和园路5号北京大学(燕园校区)内,北京市,北京市,海淀区,116.2989568,39.99104471
女人蜜语美容美体,风景名胜,风景名胜相关,旅游景点,北四环西路68号左岸工社二层,北京市,北京市,海淀区,116.2982901,39.98313718
基督教堂,风景名胜,风景名胜,教堂,彩和坊路9号,北京市,北京市,海淀区,116.3015407,39.98198158
北京大学革命烈士纪念碑,风景名胜,风景名胜,纪念馆,颐和园路5号北京大学,北京市,北京市,海淀区,116.3020904,39.99087824
火神庙,风景名胜,风景名胜,寺庙道观,海淀路171号,北京市,北京市,海淀区,116.299721,39.98518563
中关村创业大街南广场,风景名胜,公园广场,城市广场,苏州街155号附近,北京市,北京市,海淀区,116.3007573,39.98153997
北京大学治贝子园,风景名胜,风景名胜,风景名胜,颐和园路5号北京大学校园东南角,北京市,北京市,海淀区,116.3084053,39.98783791
北京大学静园,风景名胜,风景名胜,风景名胜,颐和园路5号,北京市,北京市,海淀区,116.3018959,39.9904216
北京大学民主与科学,风景名胜,风景名胜相关,旅游景点,颐和园路5号北京大学,北京市,北京市,海淀区,116.3033612,39.98698814
创新文化广场,风景名胜,公园广场,城市广场,北四环西路33号,北京市,北京市,海淀区,116.3168766,39.985954
梅竹厅,风景名胜,风景名胜相关,旅游景点,中关村北二条甲5号附近,北京市,北京市,海淀区,116.3184456,39.98847289
清华园车站,风景名胜,风景名胜,风景名胜,成府路路口西南小巷清华园铁路职工宿舍内(近清华南门),北京市,北京市,海淀区,116.3257007,39.99026287
凝聚园,风景名胜,公园广场,公园,中关村中关村东路89号恒兴大厦北侧,北京市,北京市,海淀区,116.3265288,39.98227361
唐西,风景名胜,风景名胜相关,旅游景点,荷清路13-2号附近,北京市,北京市,海淀区,116.3312134,39.98755047
夏日文化广场,风景名胜,公园广场,城市广场,学院路29号中国地质大学,北京市,北京市,海淀区,116.3403228,39.99042454
北京航空航天大学主楼广场,风景名胜,公园广场,城市广场,学院路37号北京航空航天大学,北京市,北京市,海淀区,116.3453632,39.98274503
中国地质大学秋日广场,风景名胜,公园广场,城市广场,,北京市,北京市,海淀区,116.3413338,39.98948577
北京航空航天大学求是广场,风景名胜,公园广场,城市广场,学院路37号北京航空航天大学,北京市,北京市,海淀区,116.3428705,39.9813194
北京航空航天大学绿园,风景名胜,公园广场,公园,学院路37号北京航空航天大学,北京市,北京市,海淀区,116.3399097,39.9825956
北京二号,风景名胜,风景名胜,风景名胜,学院路37附近,北京市,北京市,海淀区,116.3453262,39.98316707
北京航空航天大学粤港亭,风景名胜,风景名胜,风景名胜,学院路37号北京航空航天大学,北京市,北京市,海淀区,116.3437225,39.98318284
北京航空航天大学冯如,风景名胜,风景名胜,风景名胜,学院路37号北京航空航天大学,北京市,北京市,海淀区,116.3433574,39.9824285
静园(校园中路),风景名胜,风景名胜,风景名胜,学院路37号北京航空航天大学,北京市,北京市,海淀区,116.3461515,39.98278769
北京一号,风景名胜,风景名胜,风景名胜,学院路37号北京航空航天大学,北京市,北京市,海淀区,116.3453383,39.98238209
北京航空航天大学晨读园,风景名胜,风景名胜,风景名胜,学院路37号北京航空航天大学,北京市,北京市,海淀区,116.3436178,39.98285403
北京航空航天大学支点,风景名胜,风景名胜,风景名胜,学院路37号北京航空航天大学,北京市,北京市,海淀区,116.3438423,39.98276865
中国地质大学主席像,风景名胜,风景名胜相关,旅游景点,学院路29中国地质大学,北京市,北京市,海淀区,116.3459053,39.98872886
北京航空航天大学王得荣雕塑,风景名胜,风景名胜相关,旅游景点,学院路37号北京航空航天大学,北京市,北京市,海淀区,116.3455688,39.9820917
北京航空航天大学风之舞,风景名胜,风景名胜相关,旅游景点,学院路37号北京航空航天大学,北京市,北京市,海淀区,116.3437217,39.9817869
北京航空航天大学钱学森雕塑,风景名胜,风景名胜相关,旅游景点,学院路37号北京航空航天大学,北京市,北京市,海淀区,116.3429992,39.98199015
北京航空航天大学红河石,风景名胜,风景名胜,观景点,学院路37号北京航空航天大学,北京市,北京市,海淀区,116.3464359,39.98311819
北京航空航天大学杨为民,风景名胜,风景名胜,风景名胜,学院路37号北京航空航天大学,北京市,北京市,海淀区,116.3444262,39.98176768
北京航空航天大学静园,风景名胜,风景名胜,风景名胜,校园北路附近,北京市,北京市,海淀区,116.3461565,39.98278868
北京科技大学-五环广场,风景名胜,公园广场,公园广场,学院路30号北京科技大学,北京市,北京市,海淀区,116.3548041,39.98850758
北京科技大学学院路校区主席像,风景名胜,风景名胜相关,旅游景点,学院路30,北京市,北京市,海淀区,116.3490849,39.98882655
北京大学医学部-中心花园,风景名胜,公园广场,公园,学院路38号北京大学医学部,北京市,北京市,海淀区,116.3502165,39.98277297
志新中心花园,风景名胜,公园广场,公园,志新村小区附近志新西路,北京市,北京市,海淀区,116.3599233,39.98866922
北极寺公园,风景名胜,公园广场,公园,花园路街道8号院北门,北京市,北京市,海淀区,116.3708422,39.98433031
中华民族园,风景名胜,风景名胜,风景名胜,民族园路1号,北京市,北京市,朝阳区,116.3851332,39.98146563
北京中华民族博物院北园,风景名胜,风景名胜,国家级景点,民族园路1号,北京市,北京市,朝阳区,116.3851332,39.98146563
北京奥林匹克公园-北顶娘娘庙,风景名胜,风景名胜,寺庙道观,天辰东路11号奥林匹克森林公园内,北京市,北京市,朝阳区,116.3839329,39.98879593
如意桥,风景名胜,风景名胜,风景名胜,北辰西路(近盘古大观酒店),北京市,北京市,朝阳区,116.3810926,39.99000254
北京中华民族博物院-进口,风景名胜,风景名胜,风景名胜,民族园路1号(健翔桥东路口)北京中华民族博物院内,北京市,北京市,朝阳区,116.3858428,39.9816133
北京奥林匹克公园(3入口),风景名胜,风景名胜相关,旅游景点,北辰路与北中轴景观大道交汇处,北京市,北京市,朝阳区,116.3875995,39.98583841
奥体中心熊猫广场,风景名胜,公园广场,城市广场,安定路1号奥体中心,北京市,北京市,朝阳区,116.3971866,39.98245192
中华第一玉,风景名胜,风景名胜,风景名胜,科荟路33号奥林匹克森林公园南园内,北京市,北京市,朝阳区,116.3907362,39.98856833
亚运村全民健身园,风景名胜,公园广场,公园,亚运村,北京市,北京市,朝阳区,116.4059588,39.99087662
汇欣公园,风景名胜,公园广场,公园,北辰东路8号,北京市,北京市,朝阳区,116.4005365,39.98953201
小关奥林匹克文化广场,风景名胜,公园广场,城市广场,惠新西街,北京市,北京市,朝阳区,116.4118878,39.98130435
弦音阁,风景名胜,风景名胜,风景名胜,北苑路与惠新西街交叉口东南150米,北京市,北京市,朝阳区,116.4119912,39.98629422
云遥轩,风景名胜,风景名胜,风景名胜,北四环东路千鹤家园10号楼,北京市,北京市,朝阳区,116.4121425,39.98545636
慧心阁,风景名胜,风景名胜,风景名胜,北四环东路与北四环东路入口交叉口西南150米,北京市,北京市,朝阳区,116.4126449,39.98622769
花之舞广场,风景名胜,公园广场,公园广场,育慧南路东200米,北京市,北京市,朝阳区,116.4267127,39.9846714
望和公园,风景名胜,公园广场,公园,北四环东路41号,北京市,北京市,朝阳区,116.4449077,39.98293266
望和公园南园,风景名胜,公园广场,公园,姜庄路,北京市,北京市,朝阳区,116.4423848,39.98562347
北京龙韵国际公园,风景名胜,公园广场,公园,望京西路,北京市,北京市,朝阳区,116.4453113,39.98694633
桐城公园,风景名胜,公园广场,公园,G45大广高速辅路附近,北京市,北京市,朝阳区,116.4448737,39.99066827
金隅南湖公园,风景名胜,公园广场,公园,阜通西大街20号(中央美术学院西侧),北京市,北京市,朝阳区,116.4542367,39.98128639
花家地西里文化广场,风景名胜,公园广场,城市广场,阜通西大街北200米,北京市,北京市,朝阳区,116.4546825,39.98571026
蛋糕公园,风景名胜,公园广场,公园,长安花园,北京市,北京市,朝阳区,116.4688102,39.98591247
花家地社区文化广场,风景名胜,公园广场,城市广场,花家地南街8号附近,北京市,北京市,朝阳区,116.4612268,39.98229556
中庭广场,风景名胜,公园广场,城市广场,望京街9号望京国际商业中心E座,北京市,北京市,朝阳区,116.4777671,39.9887555
奇乐堡主题公园,风景名胜,公园广场,公园,方恒购物中心北京市朝阳区阜通东大街6号F2,北京市,北京市,朝阳区,116.4764302,39.98890866
798仁艺术空间,风景名胜,风景名胜相关,旅游景点,酒仙桥路4号北京798艺术区,北京市,北京市,朝阳区,116.4838334,39.9830464
汗世玉,风景名胜,风景名胜,风景名胜,酒仙桥路4号(近798西门),北京市,北京市,朝阳区,116.4840261,39.98313596
北京798艺术区,风景名胜,风景名胜,风景名胜,酒仙桥路2、4号,北京市,北京市,朝阳区,116.4885692,39.98381537
北京设计师广场,风景名胜,公园广场,公园广场,酒仙桥路4号751DPARK北京时尚设计广场,北京市,北京市,朝阳区,116.4936023,39.98444135
火车头广场,风景名胜,公园广场,城市广场,酒仙桥路4号北京798艺术区,北京市,北京市,朝阳区,116.49137,39.98288675
电通时代文化广场,风景名胜,公园广场,城市广场,酒仙桥北路7号电通时代广场2号楼A区,北京市,北京市,朝阳区,116.4941797,39.99062081
铜人雕像,风景名胜,风景名胜,风景名胜,酒仙桥路2号北京798艺术区F区,北京市,北京市,朝阳区,116.4904406,39.98120805
老虎铜像,风景名胜,风景名胜,风景名胜,酒仙桥路2号798艺术区B区内,北京市,北京市,朝阳区,116.4894774,39.98582999
艺术,风景名胜,风景名胜,风景名胜,酒仙桥路2号,北京市,北京市,朝阳区,116.4943573,39.98282566
东区故事D-live生活馆,风景名胜,风景名胜,风景名胜,酒仙桥路四号751时尚广场A19(老炉区广场对面),北京市,北京市,朝阳区,116.4926902,39.98123275
现宽空间,风景名胜,风景名胜,风景名胜,酒仙桥路4号798艺术区751时尚设计广场E座材艺工房附近,北京市,北京市,朝阳区,116.4943352,39.98318858
狼穴影棚,风景名胜,风景名胜,风景名胜,酒仙桥北路4号798艺术区706北四街,北京市,北京市,朝阳区,116.4934715,39.98651487
Culture Cube Force,风景名胜,风景名胜相关,旅游景点,酒仙桥路4号北京798艺术区,北京市,北京市,朝阳区,116.4897879,39.98352501
姚迪雄画展,风景名胜,风景名胜相关,旅游景点,酒仙桥路4号北京798艺术区,北京市,北京市,朝阳区,116.4892238,39.98332934
数字海洋馆,风景名胜,公园广场,水族馆,酒仙桥路4号,北京市,北京市,朝阳区,116.4950831,39.98274983
由正慢递(798店),风景名胜,风景名胜相关,旅游景点,酒仙桥路4号北京798艺术区中二街(近大山子桥),北京市,北京市,朝阳区,116.489557,39.98346233
四门,风景名胜,风景名胜相关,旅游景点,酒仙桥北路5号1幢附近,北京市,北京市,朝阳区,116.4967759,39.98765868
五门,风景名胜,风景名胜相关,旅游景点,酒仙桥北路5号1幢附近,北京市,北京市,朝阳区,116.4967759,39.98765868
樊洲,风景名胜,风景名胜相关,旅游景点,706北三街与797路交叉口东50米,北京市,北京市,朝阳区,116.4917913,39.98490992
大营盘,风景名胜,风景名胜相关,旅游景点,七星东街与七星路交叉口东150米,北京市,北京市,朝阳区,116.4923548,39.98189573
天禅古珠798私人会所,风景名胜,风景名胜相关,旅游景点,酒仙桥路2号北京798艺术区D区,北京市,北京市,朝阳区,116.4900136,39.98475863
探客360度3D艺术体验展,风景名胜,风景名胜相关,旅游景点,798艺术区751D·PARK北京时尚设计广场C座C12,北京市,北京市,朝阳区,116.4951061,39.98309689
老炉区广场,风景名胜,公园广场,城市广场,酒仙桥路4号北京798艺术区751D·PARK北京时尚设计广场,北京市,北京市,朝阳区,116.4933798,39.98136181
Cup Gallery(酒仙桥店),风景名胜,风景名胜相关,旅游景点,酒仙桥路4号北京798艺术区B-03号(近大山子桥),北京市,北京市,朝阳区,116.4897879,39.98352501
Sambasia Beijing(尤伦斯店),风景名胜,风景名胜相关,旅游景点,酒仙桥路4号北京798艺术区尤伦斯当代艺术,北京市,北京市,朝阳区,116.4897879,39.98352501
望京墩,风景名胜,风景名胜,风景名胜,S50东五环附近,北京市,北京市,朝阳区,116.5048599,39.98289382
唯一之旅探险文化UNICAT中国会馆,风景名胜,风景名胜相关,旅游景点,酒仙桥北路庄园西路1号S43栋,北京市,北京市,朝阳区,116.5127005,39.99075218
平克共和国Pink Republic,风景名胜,风景名胜相关,旅游景点,徐尹路20号翟里联防队生态园内A003,北京市,北京市,通州区,116.7370915,39.98737371
灵泉庵,风景名胜,风景名胜,风景名胜,青黄路附近,北京市,北京市,门头沟区,115.6408606,39.97140179
龙门口大峡谷,风景名胜,风景名胜,风景名胜,斋堂镇北部19公里处,北京市,北京市,门头沟区,115.689462,39.97555188
九龙头观光园,风景名胜,风景名胜,风景名胜,斋堂大街,北京市,北京市,门头沟区,115.6909853,39.97475533
斋堂城遗址,风景名胜,风景名胜,风景名胜,斋堂镇斋堂村,北京市,北京市,门头沟区,115.7003525,39.97645246
樱桃泉,风景名胜,风景名胜,风景名胜,017县道西50米,北京市,北京市,门头沟区,115.9436914,39.97866416
大台湿地公园,风景名胜,公园广场,公园,017县道,北京市,北京市,门头沟区,115.952674,39.97944419
岭角民俗旅游村,风景名胜,风景名胜相关,旅游景点,妙峰山镇西部,北京市,北京市,门头沟区,116.0439144,39.97525242
门头沟嬉水湾,风景名胜,风景名胜,风景名胜,石担路野溪桥头,北京市,北京市,门头沟区,116.0582947,39.97660261
京浪岛文化体育公园,风景名胜,公园广场,公园,三家店后街,北京市,北京市,门头沟区,116.0896799,39.97420229
慈善寺,风景名胜,风景名胜,寺庙道观,五里坨,北京市,北京市,石景山区,116.1511211,39.97825725
双泉寺(暂停营业),风景名胜,风景名胜,寺庙道观,黑石头乡双泉山,北京市,北京市,石景山区,116.152959,39.97132482
北京西山国家森林公园,风景名胜,风景名胜,省级景点,闵庄路与香山南路交叉口西100米,北京市,北京市,海淀区,116.1885987,39.97529148
无梁殿,风景名胜,风景名胜,寺庙道观,香山南路15号,北京市,北京市,海淀区,116.193555,39.97575251
北京西山国家森林公园-检票处,风景名胜,风景名胜相关,旅游景点,香山南路45号附近,北京市,北京市,海淀区,116.1979147,39.97185035
北京西山国家森林公园-齐白石墓,风景名胜,风景名胜,风景名胜,西山国家森林公园,北京市,北京市,海淀区,116.1908278,39.97977098
松堂,风景名胜,风景名胜,风景名胜,香山南路附近,北京市,北京市,海淀区,116.200533,39.97658897
南河滩北,风景名胜,风景名胜相关,旅游景点,四季青香山南路,北京市,北京市,海淀区,116.2010221,39.97691565
丹青圃公园,风景名胜,公园广场,公园,四季青乡闵庄路,北京市,北京市,海淀区,116.2209266,39.97408525
樱桃园-果林所观光园,风景名胜,风景名胜相关,旅游景点,巨山路与闵庄路交叉口东南100米,北京市,北京市,海淀区,116.2237477,39.97152752
园外园玩茶棚公园,风景名胜,公园广场,公园,茶棚西路西100米,北京市,北京市,海淀区,116.2360398,39.97853641
永泰·自在香山公园,风景名胜,公园广场,公园,瀚河园路东100米,北京市,北京市,海淀区,116.2313617,39.97398189
园外园茶棚公园,风景名胜,公园广场,公园,影泉路与闵庄路交叉口北100米,北京市,北京市,海淀区,116.2447756,39.97248863
玉泉郊野公园,风景名胜,风景名胜相关,旅游景点,北坞嘉园北小街与茶棚路交叉口西100米,北京市,北京市,海淀区,116.2407673,39.97933926
中坞公园,风景名胜,公园广场,公园,北坞村路,北京市,北京市,海淀区,116.2538517,39.97977029
画图四面亭,风景名胜,风景名胜,风景名胜,,北京市,北京市,海淀区,116.2582133,39.9800782
颐和园-秀漪桥,风景名胜,风景名胜,风景名胜,新建宫门路19号颐和园内,北京市,北京市,海淀区,116.2738347,39.98038721
万柳公园,风景名胜,风景名胜相关,旅游景点,新宫门路,北京市,北京市,海淀区,116.2873018,39.97872891
黄鹤楼,风景名胜,风景名胜,国家级景点,巴沟路2号北京华联万柳购物中心B1层,北京市,北京市,海淀区,116.2891535,39.97181241
清真古寺,风景名胜,风景名胜,回教寺,苏州街19号,北京市,北京市,海淀区,116.2996301,39.9776441
萨利宅院,风景名胜,风景名胜,风景名胜,中关村大街15-3号,北京市,北京市,海淀区,116.3040945,39.9803971
唐琅.朴禅,风景名胜,风景名胜,风景名胜,海淀南路甲38号,北京市,北京市,海淀区,116.3050812,39.97437856
一览群智,风景名胜,风景名胜,风景名胜,苏州街16号神州数码大厦10层,北京市,北京市,海淀区,116.3003925,39.97829074
中关村广场,风景名胜,公园广场,城市广场,中关村大街15号,北京市,北京市,海淀区,116.3098453,39.97860162
慧聪书院,风景名胜,风景名胜,风景名胜,中关村大街15号(近中关村家乐福),北京市,北京市,海淀区,116.3098474,39.97795564
黄庄双关帝庙,风景名胜,风景名胜,寺庙道观,中关村大街丹棱街食宝街R121,北京市,北京市,海淀区,116.3098444,39.97796764
甘兎庵,风景名胜,风景名胜相关,旅游景点,新中关购物中心北京市海淀区中关村大街19号F4,北京市,北京市,海淀区,116.3091251,39.97703102
知春公园,风景名胜,公园广场,公园,科学院南路101号-113号,北京市,北京市,海淀区,116.3196908,39.97286414
高宅,风景名胜,风景名胜,风景名胜,保福寺村63号,北京市,北京市,海淀区,116.3225542,39.98074931
北京航空航天大学南花园,风景名胜,公园广场,公园,学院路37号北京航空航天大学,北京市,北京市,海淀区,116.3384853,39.97895232
晴耕雨读,风景名胜,风景名胜相关,旅游景点,中关村南四街与知春路交叉口东100米,北京市,北京市,海淀区,116.3296576,39.97479694
元大都城墙遗址,风景名胜,风景名胜,风景名胜,西土城路甲2号附近,北京市,北京市,海淀区,116.3479264,39.97168816
智慧·源泉,风景名胜,风景名胜相关,旅游景点,校园南路与科技园路交叉口西南50米,北京市,北京市,海淀区,116.3435463,39.97965929
元大都城垣遗址公园-蓟门烟树碑,风景名胜,风景名胜,风景名胜,西土城路甲2号,北京市,北京市,海淀区,116.3477148,39.9719485
北京航空航天大学岁月星空雕塑,风景名胜,风景名胜相关,旅游景点,学院路37号北京航空航天大学,北京市,北京市,海淀区,116.3428169,39.97958156
元土城遗址公园,风景名胜,公园广场,公园,花园路,北京市,北京市,海淀区,116.3531829,39.97406064
小月河生态办公园,风景名胜,公园广场,公园,健安西路附近,北京市,北京市,海淀区,116.3579595,39.97379457
元大都城垣遗址公园-紫薇入画,风景名胜,风景名胜,风景名胜,北土城西路元土城遗址公园内,北京市,北京市,海淀区,116.353644,39.9748989
元大都城垣遗址公园-古船,风景名胜,风景名胜,风景名胜,北土城西路元土城遗址公园内,北京市,北京市,海淀区,116.3544396,39.97444271
元大都城垣遗址公园-大都建典,风景名胜,风景名胜相关,旅游景点,北土城西路与塔院东街交叉口东南200米,北京市,北京市,海淀区,116.3572317,39.9740206
铁快运牡丹园营业部,风景名胜,风景名胜相关,旅游景点,北土城西路185号1号楼1层第三间,北京市,北京市,海淀区,116.3539343,39.97596541
元大都城垣遗址公园-万绣园,风景名胜,公园广场,公园,健安西路与马甸西路交叉口西北150米,北京市,北京市,海淀区,116.3669835,39.9744749
元大都城垣遗址公园-草原八俊,风景名胜,风景名胜,风景名胜,健安东路元大都城垣遗址公园内,北京市,北京市,海淀区,116.3628035,39.974324
山合水易山水景观,风景名胜,风景名胜相关,旅游景点,花园路2号院1号楼三层,北京市,北京市,海淀区,116.3618087,39.97756016
马甸公园(西北入口),风景名胜,公园广场,公园,马甸东路30号附近,北京市,北京市,海淀区,116.3728374,39.97290081
元大都城垣遗址公园-散落的铜钱,风景名胜,风景名胜,风景名胜,健安东路元大都城垣遗址公园内,北京市,北京市,朝阳区,116.3766872,39.97492734
元大都城垣遗址公园-大炮,风景名胜,风景名胜,风景名胜,安外小关街甲38号元大都城垣遗址公园内,北京市,北京市,朝阳区,116.3778931,39.9749354
六合轩,风景名胜,风景名胜相关,旅游景点,裕民路12号元辰鑫国际酒店一层,北京市,北京市,朝阳区,116.3761121,39.97227692
中华民族园-大理三塔,风景名胜,风景名胜,风景名胜,民族园路1号(健翔桥东路口)北京中华民族博物院南园内,北京市,北京市,朝阳区,116.385808,39.9796264
中华民族园-裕固族,风景名胜,风景名胜,风景名胜,民族园路1号(健翔桥东路口)北京中华民族博物院南园内,北京市,北京市,朝阳区,116.3861581,39.97771632
中华民族园-主展馆,风景名胜,风景名胜,风景名胜,民族园路1号(健翔桥东路口)北京中华民族博物院南园内,北京市,北京市,朝阳区,116.3857811,39.97909543
中华民族园-乌孜别克族,风景名胜,风景名胜,风景名胜,民族园路1号(健翔桥东路口)北京中华民族博物院南园内,北京市,北京市,朝阳区,116.3860482,39.97757737
中华民族园-凤湖,风景名胜,风景名胜,风景名胜,民族园路1号(健翔桥东路口)北京中华民族博物院南园内,北京市,北京市,朝阳区,116.385769,39.9799444
中华民族园-白族本主庙,风景名胜,风景名胜,风景名胜,民族园路1号北京中华民族博物院南园白族馆景区内,北京市,北京市,朝阳区,116.3843197,39.98074406
中华民族园-南园,风景名胜,风景名胜,风景名胜,民族园路1号(健翔桥东路口)北京中华民族博物院内,北京市,北京市,朝阳区,116.3853193,39.97961562
中华民族园-保安院,风景名胜,风景名胜,风景名胜,民族园路1号北京中华民族博物院内,北京市,北京市,朝阳区,116.386511,39.97770317
中华民族园-苏公塔,风景名胜,风景名胜,风景名胜,民族园路1号(健翔桥东路口)北京中华民族博物院南园维吾尔族馆景区内,北京市,北京市,朝阳区,116.386599,39.97711616
中华民族园-摆手堂,风景名胜,风景名胜相关,旅游景点,民族园路1号中华民族园内,北京市,北京市,朝阳区,116.3861788,39.9805362
中华民族园-雷宅,风景名胜,风景名胜,风景名胜,民族园路1号(健翔桥东路口)北京中华民族博物院南园畲族博物馆内,北京市,北京市,朝阳区,116.3865179,39.97812715
中华民族园-仫佬族景区,风景名胜,风景名胜,风景名胜,民族园路1号(健翔桥东路口)北京中华民族博物院南园内,北京市,北京市,朝阳区,116.3864607,39.97965611
中华民族园-土家族馆景区,风景名胜,风景名胜,风景名胜,民族园路1号(健翔桥东路口)北京中华民族博物院南园内,北京市,北京市,朝阳区,116.3860768,39.98050924
中华民族园-左旋柳,风景名胜,风景名胜,风景名胜,民族园路1号(健翔桥东路口)北京中华民族博物院南园内,北京市,北京市,朝阳区,116.385674,39.98063442
基诺族景区,风景名胜,风景名胜,风景名胜,民族园路1号(健翔桥东路口)北京中华民族博物院南园内,北京市,北京市,朝阳区,116.3844207,39.98028103
独龙族馆景区,风景名胜,风景名胜,风景名胜,民族园路1号(健翔桥东路口)北京中华民族博物院南园内,北京市,北京市,朝阳区,116.3842499,39.97929516
中华民族园-苏鲁定,风景名胜,风景名胜,风景名胜,民族园路1号(健翔桥东路口)北京中华民族博物院南园蒙古族博物馆内,北京市,北京市,朝阳区,116.3861861,39.9779523
三坊一照壁,风景名胜,风景名胜,风景名胜,民族园路1号(健翔桥东路口)北京中华民族博物院南园白族馆景区内,北京市,北京市,朝阳区,116.3844027,39.98044803
中华民族园-葡萄沟,风景名胜,风景名胜,风景名胜,民族园路1号(健翔桥东路口)北京中华民族博物院南园维吾尔族馆景区内,北京市,北京市,朝阳区,116.3862383,39.97611235
中华民族园-塔吉克族馆景区,风景名胜,风景名胜,风景名胜,民族园路1号(健翔桥东路口)北京中华民族博物院南园内,北京市,北京市,朝阳区,116.3858294,39.97707749
维吾尔族景区,风景名胜,风景名胜,风景名胜,民族园路1号(健翔桥东路口)北京中华民族博物院南园内,北京市,北京市,朝阳区,116.386575,39.97704217
中华民族园-哈萨克族馆景区,风景名胜,风景名胜,风景名胜,民族园路1号(健翔桥东路口)北京中华民族博物院南园内,北京市,北京市,朝阳区,116.3857453,39.97757551
中华民族园-畣族,风景名胜,风景名胜,风景名胜,民族园路1号中华民族园南园内,北京市,北京市,朝阳区,116.3866368,39.9781941
中华民族园-蒙古族,风景名胜,风景名胜,风景名胜,民族园路1号中华民族园南园内,北京市,北京市,朝阳区,116.3861871,39.9779313
中华民族园-东乡族,风景名胜,风景名胜,风景名胜,民族园路2号中华民族园南园内,北京市,北京市,朝阳区,116.3866589,39.97754012
中华民族园-塔吉克族,风景名胜,风景名胜,风景名胜,民族园路2号中华民族园南园内,北京市,北京市,朝阳区,116.3859453,39.97688345
中华民族园-哈萨克族,风景名胜,风景名胜,风景名胜,民族园路1号中华民族园南园内,北京市,北京市,朝阳区,116.3857843,39.9774795
中华民族园-瑶族,风景名胜,风景名胜,风景名胜,民族园路2号中华民族园南园内,北京市,北京市,朝阳区,116.3857362,39.97888946
中华民族园-普米族,风景名胜,风景名胜,风景名胜,民族园路2号中华民族园南园内,北京市,北京市,朝阳区,116.3844118,39.97971206
中华民族园-刘三姐对歌台,风景名胜,风景名胜,风景名胜,民族园路1号中华民族园南园内,北京市,北京市,朝阳区,116.3860369,39.97999028
中华民族园-畣族榨油坊,风景名胜,风景名胜,风景名胜,民族园路2号中华民族园南园内,北京市,北京市,朝阳区,116.3865299,39.97846113
中华民族园-畣族桥廊,风景名胜,风景名胜,风景名胜,民族园路1号中华民族园南园内,北京市,北京市,朝阳区,116.3866478,39.97831309
中华民族园-畣族古民居,风景名胜,风景名胜,风景名胜,民族园路1号中华民族园南园内,北京市,北京市,朝阳区,116.3865889,39.97803812
中华民族园-蒙古大草原,风景名胜,风景名胜,风景名胜,民族园路1号中华民族园南园内,北京市,北京市,朝阳区,116.3860102,39.97761439
中华民族园-犀牛潭,风景名胜,风景名胜,风景名胜,民族园路1号中华民族园南园内,北京市,北京市,朝阳区,116.3854304,39.97816563
中华民族园-瑶山,风景名胜,风景名胜,风景名胜,民族园路1号中华民族园南园内,北京市,北京市,朝阳区,116.3859131,39.97879838
中华民族园-摩梭女儿国,风景名胜,风景名胜,风景名胜,民族园路1号中华民族园南园内,北京市,北京市,朝阳区,116.3850665,39.97933775
中华民族园-德昂族佛塔,风景名胜,风景名胜,风景名胜,民族园路1号中华民族园南园内,北京市,北京市,朝阳区,116.3850874,39.97959673
望天树桥,风景名胜,风景名胜,风景名胜,民族园路1号中华民族园南园内,北京市,北京市,朝阳区,116.3845137,39.979868
石宝山石窟,风景名胜,风景名胜,风景名胜,民族园路1号中华民族园南园内,北京市,北京市,朝阳区,116.3850015,39.97909879
中华民族园-敖包,风景名胜,风景名胜,风景名胜,民族园路1号(健翔桥东路口)北京中华民族博物院南园蒙古族博物馆内,北京市,北京市,朝阳区,116.3860631,39.97794135
白族戏台,风景名胜,风景名胜,风景名胜,民族园路1号(健翔桥东路口)北京中华民族博物院南园白族馆景区内,北京市,北京市,朝阳区,116.3842897,39.98048809
中华民族园-榕林园门,风景名胜,风景名胜,风景名胜,中华民族园内,北京市,北京市,朝阳区,116.3862187,39.98088217
中华民族园-壮族馆景区,风景名胜,风景名胜,风景名胜,民族园路1号(健翔桥东路口)北京中华民族博物院南园内,北京市,北京市,朝阳区,116.3862918,39.97983918
中华民族园-白族门楼,风景名胜,风景名胜,风景名胜,民族园路1号(健翔桥东路口)北京中华民族博物院南园白族馆景区内,北京市,北京市,朝阳区,116.3850503,39.98027672
傈僳族馆景区,风景名胜,风景名胜,风景名胜,民族园路1号(健翔桥东路口)北京中华民族博物院南园内,北京市,北京市,朝阳区,116.3845687,39.97986697
中华民族园-白族馆景区,风景名胜,风景名胜,风景名胜,民族园路1号(健翔桥东路口)北京中华民族博物院南园内,北京市,北京市,朝阳区,116.3850593,39.98026872
中华民族园-毛南族馆景区,风景名胜,风景名胜,风景名胜,民族园路1号(健翔桥东路口)北京中华民族博物院南园内,北京市,北京市,朝阳区,116.386177,39.97861528
白族明清一条街,风景名胜,风景名胜,风景名胜,民族园路1号(健翔桥东路口)北京中华民族博物院南园白族馆景区内,北京市,北京市,朝阳区,116.3847984,39.98055883
中华民族园-中国白族民居门楼,风景名胜,风景名胜,风景名胜,民族园路1号(健翔桥东路口)北京中华民族博物院南园内,北京市,北京市,朝阳区,116.3855553,39.97895254
山神庙,风景名胜,风景名胜,风景名胜,民族园路1号(健翔桥东路口)北京中华民族博物院南园白族馆景区内,北京市,北京市,朝阳区,116.3841598,39.98039816
中华民族园-纳西族景区,风景名胜,风景名胜,风景名胜,民族园路1号(健翔桥东路口)北京中华民族博物院南园内,北京市,北京市,朝阳区,116.3852134,39.97942468
中华民族园-茶堂桥,风景名胜,公园广场,公园,民族园路1号(健翔桥东路口)北京中华民族博物院南园畲族博物馆内,北京市,北京市,朝阳区,116.3866188,39.9783171
中华民族园-德昂族馆景区,风景名胜,风景名胜,风景名胜,民族园路1号(健翔桥东路口)北京中华民族博物院南园内,北京市,北京市,朝阳区,116.3864838,39.97873114
中华民族园-石窟长廊,风景名胜,风景名胜,风景名胜,民族园路1号(健翔桥东路口)北京中华民族博物院南园内,北京市,北京市,朝阳区,116.3855195,39.97746762
中华民族园-灵璧奇石会馆,风景名胜,风景名胜,风景名胜,民族园路1号北京中华民族博物院内,北京市,北京市,朝阳区,116.3860048,39.98096426
朝凤阁茶艺,风景名胜,风景名胜相关,旅游景点,裕民路2号北京圆山大酒店一楼,北京市,北京市,西城区,116.384132,39.97119955
中华民族园-晚月清风,风景名胜,风景名胜相关,旅游景点,民族园路附近,北京市,北京市,朝阳区,116.3853301,39.98094556
中华民族园-四合五天景,风景名胜,风景名胜相关,旅游景点,民族园路1-4号,北京市,北京市,朝阳区,116.3847794,39.98065684
白族照壁,风景名胜,风景名胜,风景名胜,民族园路1号(健翔桥东路口)北京中华民族博物院南园白族馆景区内,北京市,北京市,朝阳区,116.3842138,39.98065712
元大都城垣遗址公园,风景名胜,风景名胜相关,旅游景点,安外小关街24号(近育慧南路),北京市,北京市,朝阳区,116.387408,39.97450794
中华民族园-塔塔尔族,风景名胜,风景名胜,风景名胜,民族园路1号北京中华民族博物院南园内,北京市,北京市,朝阳区,116.3863531,39.97709926
中华民族园-丽江古城四方街,风景名胜,风景名胜相关,旅游景点,民族园路1号(健翔桥东路口)北京中华民族博物院南园纳西族景区内,北京市,北京市,朝阳区,116.3851234,39.97973871
黑龙潭码头,交通设施服务,港口码头,港口码头|风景名胜,民族园路1号中华民族园南园内,北京市,北京市,朝阳区,116.3845027,39.979958
中华民族园-东乡院,风景名胜,风景名胜,风景名胜,民族园路1号北京中华民族博物院南园内,北京市,北京市,朝阳区,116.386481,39.97754719
元大都城垣遗址公园-四海宾朋,风景名胜,风景名胜相关,旅游景点,北土城东路6号附近,北京市,北京市,朝阳区,116.3893833,39.97493325
海棠花溪,风景名胜,风景名胜,风景名胜,北土城东路甲100号元大都遗址公园内(近樱花园西街),北京市,北京市,朝阳区,116.3907829,39.97508087
元大都城垣遗址公园-土城公园,风景名胜,公园广场,公园,安外小关街甲38号元大都城垣遗址公园内,北京市,北京市,朝阳区,116.4041169,39.97450058
元大都城垣遗址公园-树木亭,风景名胜,风景名胜,风景名胜,安外小关街甲38号元大都城垣遗址公园内,北京市,北京市,朝阳区,116.4081144,39.97456832
元大都城垣遗址公园-大元盛世,风景名胜,风景名胜,风景名胜,安外小关街甲38号元大都城垣遗址公园内,北京市,北京市,朝阳区,116.4018448,39.9746269
元大都城地图碑,风景名胜,风景名胜,风景名胜,安外小关街甲38号元大都城垣遗址公园内,北京市,北京市,朝阳区,116.3995401,39.97439346
元大都城垣遗址公园-往事近千年,风景名胜,风景名胜,风景名胜,安外小关街甲38号元大都城垣遗址公园内,北京市,北京市,朝阳区,116.3997652,39.9742125
元大都城垣遗址公园-战车,风景名胜,风景名胜,风景名胜,安外小关街甲38号元大都城垣遗址公园内,北京市,北京市,朝阳区,116.4040238,39.97450554
元大都城垣遗址公园-金戈铁,风景名胜,风景名胜,风景名胜,健安东路口西200米,北京市,北京市,朝阳区,116.3994581,39.97457844
元大都城垣遗址公园-西区,风景名胜,风景名胜,风景名胜,健安东路与安定路交叉口东北100米,北京市,北京市,朝阳区,116.4014867,39.97458182
元大都城墙遗址公园西区,风景名胜,风景名胜,风景名胜,北土城东路与小关东街交叉口东南200米,北京市,北京市,朝阳区,116.4057248,39.97471818
胜券在握,风景名胜,风景名胜相关,旅游景点,安定路33号中国化信大厦A座4楼,北京市,北京市,朝阳区,116.4007535,39.97378269
元大都城垣遗址公园-大都鼎盛,风景名胜,风景名胜相关,旅游景点,健安东路北50米,北京市,北京市,朝阳区,116.4049503,39.97440988
中华少儿科技纪念林,风景名胜,风景名胜相关,旅游景点,北土城东路与小关东街交叉口西南200米,北京市,北京市,朝阳区,116.4034015,39.97470833
元大都城垣遗址公园-应急疏散区,风景名胜,风景名胜相关,旅游景点,安外小关街甲38号元大都城垣遗址公园内,北京市,北京市,朝阳区,116.4055277,39.97443511
对外经济贸易大学金融广场,风景名胜,公园广场,公园广场,惠新东街10号对外经济贸易大学,北京市,北京市,朝阳区,116.418902,39.98019638
元大都城垣遗址公园-碑,风景名胜,风景名胜,风景名胜,安外小关街甲38号元大都城垣遗址公园内,北京市,北京市,朝阳区,116.4148687,39.97477589
元大都城垣遗址公园-紧急疏散区(通联大厦东南),风景名胜,风景名胜相关,旅游景点,安外小关街甲38号元大都城垣遗址公园内,北京市,北京市,朝阳区,116.4123741,39.97432698
尚德亭,风景名胜,风景名胜相关,旅游景点,健安东路,北京市,北京市,朝阳区,116.4135925,39.97357492
元大都城垣遗址公园-凉亭,风景名胜,风景名胜,风景名胜,安外小关街甲38号元大都城垣遗址公园内,北京市,北京市,朝阳区,116.4147265,39.97476477
北土城遗址公园,风景名胜,公园广场,公园,北土城东路与樱花园西街交叉口西150米,北京市,北京市,朝阳区,116.4097135,39.97588117
元大都城垣遗址公园6号地,风景名胜,风景名胜,风景名胜,北土城东路附近,北京市,北京市,朝阳区,116.4147104,39.97539473
元大都城垣遗址公园管理处,风景名胜,风景名胜,风景名胜,北土城东路与图书馆东路交叉口东南100米,北京市,北京市,朝阳区,116.4213982,39.97547822
鉴真花园,风景名胜,公园广场,公园广场,樱花园东街2号,北京市,北京市,朝阳区,116.4195629,39.97221738
漪泉,风景名胜,风景名胜相关,旅游景点,宁远东路与诚信北路交叉口东150米,北京市,北京市,朝阳区,116.4257759,39.97809243
博雅苑,风景名胜,风景名胜,风景名胜,图书馆东路与求索南路交叉口西100米,北京市,北京市,朝阳区,116.4196344,39.97684626
致远轩,风景名胜,风景名胜,风景名胜,惠新东街10号对外经济贸易大学,北京市,北京市,朝阳区,116.4196064,39.97694523
书香广场,风景名胜,公园广场,城市广场,图书馆东路与求索南路交叉口东南50米,北京市,北京市,朝阳区,116.4209924,39.97658973
对外经济贸易大学合璧亭,风景名胜,风景名胜,风景名胜,惠新东街10号对外经济贸易大学,北京市,北京市,朝阳区,116.4196965,39.9775223
奥普乐滑雪,风景名胜,风景名胜相关,旅游景点,东四环望和公园南园南门直行150m,北京市,北京市,朝阳区,116.4383499,39.97677418
太阳宫体育休闲公园,风景名胜,公园广场,公园,太阳宫中路6号,北京市,北京市,朝阳区,116.4432389,39.97877344
美好爱情,风景名胜,风景名胜,风景名胜,太阳宫中路东150米,北京市,北京市,朝阳区,116.4479991,39.97613646
太阳宫公园,风景名胜,公园广场,公园,太阳宫中路6号,北京市,北京市,朝阳区,116.4497413,39.97419236
望京西路社区文化广场,风景名胜,公园广场,公园广场,北四环东路辅路东200米,北京市,北京市,朝阳区,116.4514876,39.98015705
金隅京体健身休闲中心南湖体育公园,风景名胜,公园广场,公园,阜通西大街20号院,北京市,北京市,朝阳区,116.453898,39.97890668
花家地,风景名胜,公园广场,公园,花家地南街西150米,北京市,北京市,朝阳区,116.4641616,39.97492646
丽都花园,风景名胜,公园广场,公园,芳园西路6号,北京市,北京市,朝阳区,116.4738909,39.97343607
四得公园管理处,风景名胜,公园广场,公园广场|生活服务,将台西路16号,北京市,北京市,朝阳区,116.4693026,39.97277234
MORE BEN DESIGN,风景名胜,风景名胜相关,旅游景点,万红路5号院附近,北京市,北京市,朝阳区,116.4886711,39.97975684
丁香园,风景名胜,公园广场,公园,将台与路驼房营路交叉口751南区,北京市,北京市,朝阳区,116.496352,39.97358799
将府公园北区,风景名胜,公园广场,公园,将台东路,北京市,北京市,朝阳区,116.505561,39.97855806
法制文化广场,风景名胜,公园广场,城市广场,将台东路北150米,北京市,北京市,朝阳区,116.5189933,39.97723428
东8间广场,风景名胜,公园广场,城市广场,将台东路北100米,北京市,北京市,朝阳区,116.5192472,39.97718798
南天一柱,风景名胜,风景名胜相关,旅游景点,东坝路,北京市,北京市,朝阳区,116.5454335,39.97762144
关帝庙,风景名胜,风景名胜,寺庙道观,滨河路北100米,北京市,北京市,朝阳区,116.5553936,39.97166647
蓝湖薰衣草园,风景名胜,公园广场,植物园,北堤路与宋翟路交叉口北50米,北京市,北京市,通州区,116.7345607,39.97140619
小龙门,风景名胜,风景名胜,国家级景点,109国道西50米,北京市,北京市,门头沟区,115.4679218,39.96299358
王朝仪虎口脱险景点,风景名胜,风景名胜,风景名胜,青黄路附近,北京市,北京市,门头沟区,115.6388604,39.96969517
化石展馆,风景名胜,风景名胜,风景名胜,青黄路附近,北京市,北京市,门头沟区,115.6400661,39.97079014
英雄墙,风景名胜,风景名胜,风景名胜,斋堂镇,北京市,北京市,门头沟区,115.6403257,39.97046672
爨柏景区,风景名胜,风景名胜,省级景点,007县道附近,北京市,北京市,门头沟区,115.6605239,39.97125597
黄芩仙谷(暂停营业),风景名胜,风景名胜,国家级景点,斋柏路与一零九国道交叉口西斋堂镇爨柏景区入口,北京市,北京市,门头沟区,115.6617967,39.96670971
斋堂文化公园,风景名胜,公园广场,公园,斋堂镇,北京市,北京市,门头沟区,115.6912943,39.970197
大台文化广场,风景名胜,公园广场,城市广场,017县道西50米,北京市,北京市,门头沟区,115.9362576,39.96671794
王平湿地,风景名胜,公园广场,公园,王平镇韭园村(色坟村附近),北京市,北京市,门头沟区,115.9874996,39.96850689
石佛岭古道,风景名胜,风景名胜,风景名胜,王平大街东路16号附近,北京市,北京市,门头沟区,115.9850727,39.96954419
北京西马樱桃风情园,风景名胜,风景名胜相关,旅游景点,王平镇Y169国道,北京市,北京市,门头沟区,116.014277,39.96528253
龙王庙,风景名胜,风景名胜,寺庙道观,石西路东50米,北京市,北京市,门头沟区,116.0254118,39.96344779
观音庙,风景名胜,风景名胜,寺庙道观,石西路西50米,北京市,北京市,门头沟区,116.0252214,39.96309831
京西古道风景区,风景名胜,风景名胜,风景名胜,妙峰山镇水峪嘴村(近马致远故居),北京市,北京市,门头沟区,116.0434058,39.96481089
关帝庙(琉璃渠大街),风景名胜,风景名胜,寺庙道观,龙泉琉璃渠前街121号,北京市,北京市,门头沟区,116.0781068,39.96799578
三官阁过街楼,风景名胜,风景名胜,风景名胜,琉璃渠大街,北京市,北京市,门头沟区,116.0832768,39.96802514
古刹龙王庙,风景名胜,风景名胜,风景名胜,三家店中街与三家店西街交叉口东北50米,北京市,北京市,门头沟区,116.0936984,39.96836544
关帝庙铁锚寺,风景名胜,风景名胜相关,旅游景点,三家店西街74号附近,北京市,北京市,门头沟区,116.0945131,39.96680758
三家店蒲草湿地公园,风景名胜,公园广场,公园,三家店水库库区,北京市,北京市,门头沟区,116.0892164,39.96927054
白衣观音庵,风景名胜,风景名胜,寺庙道观,三家店中街9号,北京市,北京市,门头沟区,116.1008573,39.9639042
隆恩寺路,风景名胜,风景名胜,风景名胜,,北京市,北京市,石景山区,116.1193092,39.9627107
八大处公园-宝珠洞,风景名胜,风景名胜,风景名胜,八大处路3号八大处公园,北京市,北京市,石景山区,116.1688006,39.96218052
八大处公园-关帝庙,风景名胜,风景名胜,寺庙道观,八大处路3号八大处公园内,北京市,北京市,石景山区,116.1708312,39.96372424
八大处公园-香界寺,风景名胜,风景名胜,寺庙道观,八大处路甲3号,北京市,北京市,石景山区,116.1714923,39.96131556
八大处公园-阿弥陀佛殿,风景名胜,风景名胜,寺庙道观,八大处路3号八大处公园,北京市,北京市,石景山区,116.1692819,39.96315338
八大处公园-御制诗,风景名胜,风景名胜,风景名胜,八大处路3号八大处公园,北京市,北京市,石景山区,116.1705103,39.96353765
八大处公园-时来运转,风景名胜,风景名胜,风景名胜,八大处路3号八大处公园,北京市,北京市,石景山区,116.1698234,39.96348837
八大处公园-欢喜地牌楼,风景名胜,风景名胜,风景名胜,八大处路3号八大处公园,北京市,北京市,石景山区,116.1705715,39.96356076
八大处公园-清印,风景名胜,风景名胜,风景名胜,八大处路3号八大处公园,北京市,北京市,石景山区,116.1752738,39.96155853
八大处公园-西山名胜记,风景名胜,风景名胜,风景名胜,八大处路3号八大处公园,北京市,北京市,石景山区,116.1751605,39.9621083
八大处公园-坚固林牌楼,风景名胜,风景名胜,风景名胜,八大处路3号八大处公园,北京市,北京市,石景山区,116.1705715,39.96357276
八大处公园-佛海缘,风景名胜,风景名胜,风景名胜,八大处路3号八大处公园,北京市,北京市,石景山区,116.1694875,39.96317176
八大处公园-圎通宝殿,风景名胜,风景名胜,风景名胜,八大处路3号八大处公园,北京市,北京市,石景山区,116.171716,39.96126098
八大处公园-明印,风景名胜,风景名胜,风景名胜,八大处路3号八大处公园,北京市,北京市,石景山区,116.1751295,39.96120428
八大处公园-观音殿,风景名胜,风景名胜,风景名胜,八大处路3号八大处公园内,北京市,北京市,石景山区,116.1694273,39.96308765
八大处公园索道上站,风景名胜,风景名胜,风景名胜,八大处路3号八大处公园,北京市,北京市,石景山区,116.1717617,39.96394596
八大处公园-冰川漂砾,风景名胜,风景名胜,风景名胜,八大处路3号八大处公园,北京市,北京市,石景山区,116.1708164,39.96128431
八大处公园-海城鲍氏家祠,风景名胜,风景名胜,风景名胜,八大处路3号八大处公园,北京市,北京市,石景山区,116.1814305,39.96306559
北京西山国家森林公园-福惠寺,风景名胜,风景名胜,寺庙道观,香山南路65号,北京市,北京市,海淀区,116.1865574,39.96816831
北京西山国家森林公园-欧李园,风景名胜,风景名胜,风景名胜,香山南路北京西山国家森林公园内,北京市,北京市,海淀区,116.1950948,39.96665028
无名英雄纪念广场,风景名胜,公园广场,城市广场,西山国家森林公园内,北京市,北京市,海淀区,116.1956807,39.97027804
北京西山国家森林公园-山中凉亭,风景名胜,风景名胜相关,旅游景点,,北京市,北京市,海淀区,116.1902019,39.96638148
横渠书院,风景名胜,风景名胜相关,旅游景点,北辛庄路临56号,北京市,北京市,海淀区,116.2109507,39.96407885
樱桃园,风景名胜,风景名胜,风景名胜,四季青闵庄路68号,北京市,北京市,海淀区,116.2237988,39.9705936
福满金,风景名胜,风景名胜相关,旅游景点,闵庄南路天香颐小区,北京市,北京市,海淀区,116.2418164,39.96616487
船营公园,风景名胜,公园广场,公园,昆明湖路33号,北京市,北京市,海淀区,116.2672817,39.96962311
融乐公园,风景名胜,公园广场,公园,世纪华天大酒店北侧,北京市,北京市,海淀区,116.2726562,39.96297618
曙光人口文化梦之园,风景名胜,公园广场,城市广场,蓝晴路与蓝靛厂西路交叉口北100米,北京市,北京市,海淀区,116.2740256,39.96324369
世纪城文化广场,风景名胜,公园广场,城市广场,蓝晴路与蓝靛厂中路交叉口北100米,北京市,北京市,海淀区,116.2774424,39.96333876
金源娱乐园,风景名胜,公园广场,公园,蓝靛厂路3号,北京市,北京市,海淀区,116.2836027,39.9631828
长春健身园,风景名胜,公园广场,公园,昆玉河畔万柳地区长春桥下,北京市,北京市,海淀区,116.2875445,39.96180422
蓝靛厂清真寺,风景名胜,风景名胜,回教寺,蓝靛厂中路,北京市,北京市,海淀区,116.2792559,39.96369251
巴沟山水园,风景名胜,公园广场,公园,万柳西路附近,北京市,北京市,海淀区,116.282949,39.96871148
圣化寺路,风景名胜,风景名胜,风景名胜,碧水云天颐园11号楼,北京市,北京市,海淀区,116.2880501,39.9661003
圣化寺路(南口),风景名胜,风景名胜,风景名胜,圣化寺路与泉宗路交叉口南50米,北京市,北京市,海淀区,116.2904116,39.96181488
丁香林,风景名胜,公园广场,公园,中关村大街59号中国人民大学,北京市,北京市,海淀区,116.3035379,39.97068149
中国人民大学牡丹苑,风景名胜,公园广场,公园,中关村大街59号中国人民大学,北京市,北京市,海淀区,116.3046287,39.97023554
一勺池,风景名胜,风景名胜,风景名胜,明志路与知行路交叉口东50米,北京市,北京市,海淀区,116.3047715,39.96909133
中国人民大学明德广场,风景名胜,公园广场,城市广场,中关村大街59号中国人民大学,北京市,北京市,海淀区,116.3020281,39.9701562
中国人民大学桃李园,风景名胜,公园广场,公园,中关村大街59号中国人民大学,北京市,北京市,海淀区,116.3039291,39.97077178
中国人民大学松竹苑,风景名胜,风景名胜,风景名胜,中关村大街59号中国人民大学,北京市,北京市,海淀区,116.3076534,39.9681291
百家廊,风景名胜,风景名胜,风景名胜,中关村大街59号中国人民大学,北京市,北京市,海淀区,116.3050099,39.96953988
双趣亭,风景名胜,风景名胜,风景名胜,中关村大街59号中国人民大学,北京市,北京市,海淀区,116.3050677,39.97039874
耶稣青年会,风景名胜,风景名胜相关,旅游景点,万泉河68号紫金庄园7号楼,北京市,北京市,海淀区,116.301909,39.96498261
人大涂鸦墙,风景名胜,风景名胜相关,旅游景点,人民大学南路,北京市,北京市,海淀区,116.3063156,39.96608464
三义庙-西区,风景名胜,风景名胜,风景名胜,三义庙北里9号,北京市,北京市,海淀区,116.3053429,39.96451848
中国人民大学双趣园,风景名胜,风景名胜相关,旅游景点,中关村大街59号中国人民大学,北京市,北京市,海淀区,116.3048472,39.97035414
中国人民大学孔子像,风景名胜,风景名胜相关,旅游景点,中关村大街59号中国人民大学,北京市,北京市,海淀区,116.3070218,39.96845225
中国人民大学图书馆旧址,风景名胜,风景名胜,纪念馆,中关村大街59号中国人民大学,北京市,北京市,海淀区,116.3070864,39.96983608
双榆树公园,风景名胜,公园广场,公园,科学院南路31号,北京市,北京市,海淀区,116.3186496,39.96917429
乡园,风景名胜,公园广场,公园,中关村南大街1-15号友谊宾馆北门,北京市,北京市,海淀区,116.3110336,39.963418
友谊广场,风景名胜,公园广场,城市广场,中关村南大街1号北京友谊宾馆,北京市,北京市,海淀区,116.3137287,39.96246595
双榆树,风景名胜,风景名胜相关,旅游景点,北三环西路43号,北京市,北京市,海淀区,116.3171571,39.96877516
宽品园,风景名胜,风景名胜,风景名胜,北三环西路102号附近,北京市,北京市,海淀区,116.3145985,39.96432823
中国人民大学求是园,风景名胜,风景名胜,风景名胜,中关村大街59号中国人民大学,北京市,北京市,海淀区,116.3118332,39.9682873
顺景温泉,风景名胜,风景名胜相关,旅游景点,海淀南路58号,北京市,北京市,海淀区,116.3159279,39.96870252
躺碑庙公园,风景名胜,公园广场,公园,皂君庙路双榆树南里二区华侨公寓东门,北京市,北京市,海淀区,116.3232087,39.96441671
白塔庵,风景名胜,风景名胜,风景名胜,双榆树北路甲8号附近,北京市,北京市,海淀区,116.3239462,39.97106202
半启园,风景名胜,风景名胜相关,旅游景点,北三环西路辅路37号附近,北京市,北京市,海淀区,116.3192096,39.96708229
榆健园,风景名胜,公园广场,公园,篱笆房路西50米,北京市,北京市,海淀区,116.3229064,39.96430529
顺馨园,风景名胜,公园广场,公园,北三环西路31号,北京市,北京市,海淀区,116.3326337,39.96785859
觉生寺,风景名胜,风景名胜,寺庙道观,北三环西路31-1号,北京市,北京市,海淀区,116.3318405,39.9676311
大峡谷(蓝景丽家大钟寺家居广场),风景名胜,风景名胜相关,旅游景点,北三环西路23号蓝景丽家大钟寺家居广场3F层,北京市,北京市,海淀区,116.3371177,39.96755928
书崖方舟,风景名胜,风景名胜相关,旅游景点,大钟寺华杰大厦7B9号,北京市,北京市,海淀区,116.3352195,39.96306796
皂君庙4号,风景名胜,风景名胜相关,旅游景点,皂君庙东路北100米,北京市,北京市,海淀区,116.3336094,39.96127503
观光梯,风景名胜,风景名胜相关,旅游景点,商场10号路口东100米,北京市,北京市,海淀区,116.3381414,39.96820938
元大都城垣遗址,风景名胜,风景名胜,风景名胜,北太平庄,北京市,北京市,海淀区,116.3479905,39.96162646
西土城遗址公园,风景名胜,风景名胜,风景名胜,蓟门桥与西土城路交叉口东南100米,北京市,北京市,海淀区,116.3477208,39.96362382
绿园,风景名胜,公园广场,公园|科教文化服务,新街口外大街19号北京师范大学,北京市,北京市,海淀区,116.3588366,39.96131383
西土城路八号院4号塔,风景名胜,风景名胜相关,旅游景点,师大北路21-1号附近,北京市,北京市,海淀区,116.3519135,39.964643
北京电影旅游城-宁荣街,风景名胜,风景名胜相关,旅游景点,北三环中路77号118栋(北京电影制片厂南门西侧)格林豪泰酒店,北京市,北京市,海淀区,116.3521717,39.96724749
北京电影旅游城-荣宁府,风景名胜,风景名胜,风景名胜,北三环中路77号,北京市,北京市,海淀区,116.3515349,39.96754048
双秀公园,风景名胜,公园广场,公园,北三环中路20号,北京市,北京市,西城区,116.3685596,39.96491051
玫瑰园,风景名胜,风景名胜,风景名胜,新街口外大街19号北京师范大学,北京市,北京市,海淀区,116.3598409,39.96125145
马甸公园,风景名胜,公园广场,公园,G6京藏高速北环中心对面,北京市,北京市,海淀区,116.3736018,39.97086318
马甸清真寺,风景名胜,风景名胜,回教寺,马甸南村7号(马甸桥西北侧),北京市,北京市,海淀区,116.3723326,39.9678715
玫瑰园,风景名胜,公园广场,公园,德胜门外,北京市,北京市,西城区,116.3756609,39.96893543
佐依蓝,风景名胜,风景名胜相关,旅游景点,黄寺大街甲23号北广大厦一层,北京市,北京市,西城区,116.3783843,39.96211654
燃烧冰滑板公园,风景名胜,公园广场,公园,北三环中路甲29号院2号楼华尊大厦B座负1层,北京市,北京市,西城区,116.3762802,39.97023586
后黑寺1号,风景名胜,风景名胜相关,旅游景点,马甸南路与马甸路交叉口东北100米,北京市,北京市,海淀区,116.3702288,39.9705565
西黄寺,风景名胜,风景名胜,寺庙道观,安贞街道德胜门外黄寺大街11号,北京市,北京市,朝阳区,116.3842551,39.96236883
安贞社区公园,风景名胜,公园广场,公园,北三环中路安贞西里小区内(近邮电局),北京市,北京市,朝阳区,116.3926301,39.97090467
涌溪公园,风景名胜,公园广场,公园,安定路32号,北京市,北京市,朝阳区,116.4004721,39.96855585
皇姑坟3,风景名胜,风景名胜相关,旅游景点,胜古中路与胜古北路交叉口西100米,北京市,北京市,朝阳区,116.4035711,39.97050655
南塔(国际所),风景名胜,风景名胜相关,旅游景点,北三环东路30号,北京市,北京市,朝阳区,116.4071026,39.96703611
生态岛,风景名胜,风景名胜相关,旅游景点,安外大街丁八十八号80905房间,北京市,北京市,朝阳区,116.4008862,39.96139221
蜜芽乐园,风景名胜,风景名胜相关,旅游景点,安贞街道北三环36路北京金隅喜来登酒店二楼日餐厅,北京市,北京市,东城区,116.4024942,39.96587642
神秘石火浴,风景名胜,风景名胜相关,旅游景点,外馆东街23号-1层,北京市,北京市,朝阳区,116.3990533,39.96393381
百花园,风景名胜,公园广场,公园,朝阳路管庄路口北西侧20米,北京市,北京市,朝阳区,116.4184023,39.96511048
和平街社区乐雅园,风景名胜,公园广场,公园,青年沟路与和平里东街交汇,北京市,北京市,朝阳区,116.4184365,39.96397156
北京化工大学启荣园,风景名胜,公园广场,公园,樱花园南街附近,北京市,北京市,朝阳区,116.4149493,39.97086911
北京化工大学母校之光园,风景名胜,风景名胜,风景名胜,北三环东路辅路附近,北京市,北京市,朝阳区,116.4151877,39.96940337
北京市朝阳区和平街社区科普长廊,风景名胜,风景名胜,风景名胜,和平里东街与青年沟路交叉口北100米,北京市,北京市,朝阳区,116.4184949,39.96149472
蓟县桃花寺村,风景名胜,风景名胜相关,旅游景点,和平街8区,北京市,北京市,朝阳区,116.4127401,39.96144576
青年沟公园,风景名胜,公园广场,公园,青年沟路东50米,北京市,北京市,朝阳区,116.4255815,39.9624738
恒川广场,风景名胜,公园广场,城市广场,西坝河北里23号,北京市,北京市,朝阳区,116.4312023,39.96821653
金色怡人公园,风景名胜,公园广场,公园,西坝河东里小区57号楼西坝河东路,北京市,北京市,朝阳区,116.4384805,39.9671838
双全中心,风景名胜,公园广场,城市广场,北三环东路与北三环东路出口交叉口西北100米,北京市,北京市,朝阳区,116.4297584,39.96874134
西坝河东里社区广场,风景名胜,公园广场,公园广场,西坝河东里34号楼西侧,北京市,北京市,朝阳区,116.4385789,39.96541305
祥和园,风景名胜,公园广场,公园,香河园(北京朝阳商业大楼东北),北京市,北京市,朝阳区,116.4346925,39.96175039
诰封拜音柱碑,风景名胜,风景名胜,风景名胜,西坝河南路西100米,北京市,北京市,朝阳区,116.429046,39.9610566
三友轩,风景名胜,风景名胜,风景名胜,七圣南路与西坝河南路交叉口东50米,北京市,北京市,朝阳区,116.4311861,39.96155077
雕腩爷,风景名胜,风景名胜相关,旅游景点,七圣中街12号北京爱琴海购物中心5层,北京市,北京市,朝阳区,116.4303062,39.97053108
PORORO主题公园,风景名胜,风景名胜相关,旅游景点,"太阳宫七圣中街12号院爱琴海购物中心F3009,3011A-B,3012",北京市,北京市,朝阳区,116.4299185,39.9707035
穿行世界主题乐园,风景名胜,风景名胜相关,旅游景点,七圣中街12号爱琴海购物中心3层720,北京市,北京市,朝阳区,116.4303523,39.97053215
coco,风景名胜,风景名胜相关,旅游景点,七圣中街12号北京爱琴海购物中心2层,北京市,北京市,朝阳区,116.4303062,39.97053108
麦宝乐园,风景名胜,风景名胜相关,旅游景点,太阳宫中路12号凯德MALL03-K08/K09/K10号(近太阳宫地铁站),北京市,北京市,朝阳区,116.4412469,39.96999488
北京市朝阳区四得公园,风景名胜,公园广场,公园,将台西路9号,北京市,北京市,朝阳区,116.468784,39.97077301
石林广场,风景名胜,公园广场,城市广场,芳园西路与霄云路交叉口北150米,北京市,北京市,朝阳区,116.4684863,39.96790031
将台滨河公园,风景名胜,公园广场,公园,东四环北路6号,北京市,北京市,朝阳区,116.4795818,39.96517669
颐堤港公园,风景名胜,公园广场,公园,酒仙桥路18号颐堤港购物中心东边,北京市,北京市,朝阳区,116.4872721,39.96901912
北京延庆翠鸟谷,风景名胜,风景名胜相关,旅游景点,将台路,北京市,北京市,朝阳区,116.4934436,39.96902849
滨河公园,风景名胜,公园广场,公园,将台东路与将台路交叉口西南50米,北京市,北京市,朝阳区,116.500733,39.97045614
将府公园,风景名胜,公园广场,公园,东八间房村临甲10号,北京市,北京市,朝阳区,116.5068317,39.9701741
滨河花园人口文化广场,风景名胜,公园广场,公园广场,孙家村路与将台东路交叉口西南50米,北京市,北京市,朝阳区,116.5021161,39.97091222
东坝千亩湖公园,风景名胜,公园广场,公园,东坝五环外东坝河南岸,北京市,北京市,朝阳区,116.5204922,39.97078861
风村文化广场,风景名胜,公园广场,城市广场,东坝群生世家对面华联超市往里走到头,北京市,北京市,朝阳区,116.5545874,39.96862029
相恋小站,风景名胜,风景名胜,风景名胜,东苇路金盏楼梓庄蓝调庄园薰衣草园内,北京市,北京市,朝阳区,116.5971547,39.96287135
红枫树林,风景名胜,风景名胜,风景名胜,东苇路金盏楼梓庄蓝调庄园内,北京市,北京市,朝阳区,116.5985066,39.96479291
超时空爱恋,风景名胜,风景名胜,风景名胜,东苇路金盏楼梓庄蓝调庄园薰衣草园内,北京市,北京市,朝阳区,116.5983571,39.96217806
爱之源喷泉,风景名胜,风景名胜,风景名胜,东苇路金盏楼梓庄蓝调庄园薰衣草园内,北京市,北京市,朝阳区,116.59818,39.96323007
薰衣草园-摄影区,风景名胜,风景名胜相关,旅游景点,东高路,北京市,北京市,朝阳区,116.5976795,39.96208825
爱之教堂,风景名胜,风景名胜,教堂,东苇路金盏楼梓庄蓝调庄园薰衣草园内,北京市,北京市,朝阳区,116.6016715,39.96352182
普罗旺斯广场,风景名胜,公园广场,城市广场,东苇路金盏楼梓庄蓝调庄园薰衣草园内,北京市,北京市,朝阳区,116.6017255,39.96350979
许愿树,风景名胜,风景名胜,风景名胜,东苇路金盏楼梓庄蓝调庄园薰衣草园内,北京市,北京市,朝阳区,116.6003676,39.96287437
爱情湖,风景名胜,风景名胜,风景名胜,东苇路金盏楼梓庄蓝调庄园内,北京市,北京市,朝阳区,116.6066298,39.96383518
紫色恋曲,风景名胜,风景名胜相关,旅游景点,东苇路金盏楼梓庄蓝调庄园薰衣草园内,北京市,北京市,朝阳区,116.5996831,39.9631206
蓝调薰衣草庄园,风景名胜,风景名胜相关,旅游景点,楼梓庄村南1号,北京市,北京市,朝阳区,116.6010439,39.96423005
东景鹏植物园,风景名胜,公园广场,植物园,通顺路,北京市,北京市,通州区,116.6657925,39.96667371
白雪石纪念馆,风景名胜,风景名胜,纪念馆,东轴街与双翼街交叉口东100米,北京市,北京市,通州区,116.7172484,39.96639333
它山书院,风景名胜,风景名胜相关,旅游景点,双塘街与徐宋路交叉口东100米,北京市,北京市,通州区,116.7141259,39.96658357
宋庄长青藤艺术区,风景名胜,风景名胜,风景名胜,,北京市,北京市,通州区,116.7107826,39.96395549
北京护国公学,风景名胜,风景名胜,风景名胜,徐宋路北堡艺术区东苑甲三号,北京市,北京市,通州区,116.7150816,39.97065338
斋堂水库,地名地址信息,自然地名,湖泊|风景名胜,清水河主沟西斋堂村西南的峡谷处,北京市,北京市,门头沟区,115.6680114,39.95922406
水平线基地,风景名胜,风景名胜相关,旅游景点,燕翅镇斋堂(近109国道路),北京市,北京市,门头沟区,115.6743651,39.95810096
黑寺,风景名胜,风景名胜,风景名胜,东升乡马甸村西,北京市,北京市,门头沟区,115.8608226,39.95779798
北区安家滩生态观光园,风景名胜,公园广场,植物园,潭王路北50米,北京市,北京市,门头沟区,115.9636838,39.95239542
马致远故居(暂停营业),风景名胜,风景名胜,纪念馆,王平镇西落坡村内,北京市,北京市,门头沟区,116.0264624,39.95832723
崇化寺,风景名胜,风景名胜,风景名胜,和平路城子村西1000米,北京市,北京市,门头沟区,116.0770131,39.95299108
清水禅寺,风景名胜,风景名胜,寺庙道观,九龙路与和平路交叉口东北150米,北京市,北京市,门头沟区,116.0814378,39.95336352
京门铁路遗址公园,风景名胜,公园广场,公园,首都经济贸易大学门头沟区教学部对面,北京市,北京市,门头沟区,116.0920306,39.95246802
长城公园,风景名胜,公园广场,公园,城子大街37号,北京市,北京市,门头沟区,116.0918007,39.95113007
福鼎公园,风景名胜,公园广场,公园,门城新城北部城子大街和滨河路交汇处,北京市,北京市,门头沟区,116.093545,39.95482097
福亭公园,风景名胜,公园广场,公园,滨河路与城子大街交叉口处,北京市,北京市,门头沟区,116.0933868,39.95586192
青山公园,风景名胜,公园广场,公园,石门路317号附近,北京市,北京市,石景山区,116.1188603,39.95556551
八大处公园,风景名胜,风景名胜,国家级景点,八大处路3号,北京市,北京市,石景山区,116.1766156,39.96094601
八大处公园-证果寺三世佛殿,风景名胜,风景名胜,寺庙道观,八大处路3号八大处公园,北京市,北京市,石景山区,116.181126,39.96020816
八大处公园-许愿树,风景名胜,风景名胜,风景名胜,八大处路3号八大处公园内,北京市,北京市,石景山区,116.1795384,39.95496653
八大处公园-映翠湖,风景名胜,风景名胜,风景名胜,八大处路3号八大处公园,北京市,北京市,石景山区,116.1801,39.95405057
八大处公园-藏经阁,风景名胜,风景名胜,风景名胜,八大处路3号八大处公园内,北京市,北京市,石景山区,116.1795665,39.95477159
八大处公园-中国佛教友谊林,风景名胜,风景名胜,风景名胜,八大处路3号八大处公园,北京市,北京市,石景山区,116.1794365,39.95942217
八大处公园-摩崖谷,风景名胜,风景名胜,风景名胜,八大处路3号八大处公园,北京市,北京市,石景山区,116.17965,39.96020752
八大处公园-姚家寺塔,风景名胜,风景名胜,寺庙道观,,北京市,北京市,石景山区,116.1858048,39.95713246
八大处公园-卢师山,风景名胜,风景名胜,风景名胜,八大处路3号八大处公园,北京市,北京市,石景山区,116.1798497,39.95910693
湘乡爱心苑,风景名胜,公园广场,城市广场,北辛庄路与四季青双拥路交叉口西150米,北京市,北京市,海淀区,116.2075351,39.95693907
紫金阁禅修院(装修中),风景名胜,风景名胜相关,旅游景点,"香山南路爱心苑公园(双拥路,中国地质)",北京市,北京市,海淀区,116.2076824,39.95666926
西冉城市生态公园,风景名胜,公园广场,公园,燕桥金路附近,北京市,北京市,海淀区,116.2509533,39.95436929
魁元阁语文湿地,风景名胜,风景名胜相关,旅游景点,西四环北路39号附近,北京市,北京市,海淀区,116.2689594,39.95194729
四季青,风景名胜,公园广场,公园广场,板井路和西四环北路辅路的交叉口附近,北京市,北京市,海淀区,116.2705107,39.95271977
紫泉宫,风景名胜,风景名胜相关,旅游景点,板井路69号世纪金源大饭店地下不夜城4层,北京市,北京市,海淀区,116.2737914,39.95138242
拜博烟树园,风景名胜,风景名胜相关,旅游景点,繁景路81号,北京市,北京市,海淀区,116.273091,39.96038282
火器营旧址,风景名胜,风景名胜相关,旅游景点,蓝靛厂正北,北京市,北京市,海淀区,116.2766849,39.95926482
西顶庙,风景名胜,风景名胜,寺庙道观,西顶路,北京市,北京市,海淀区,116.2837739,39.95907473
花园广场,风景名胜,公园广场,城市广场,西顶路附近,北京市,北京市,海淀区,116.2848873,39.95861419
世纪金源南广场,风景名胜,公园广场,城市广场,远大路1号金源时代购物中心,北京市,北京市,海淀区,116.2811442,39.95663537
宫思,风景名胜,风景名胜相关,旅游景点,远大路1号贵友大厦金源店4层,北京市,北京市,海淀区,116.2806119,39.95699605
石佛寺村,风景名胜,风景名胜相关,旅游景点,远大路六区,北京市,北京市,海淀区,116.2843368,39.95323618
紫泉宫,风景名胜,风景名胜相关,旅游景点,金源时代购物中心(近长春桥),北京市,北京市,海淀区,116.2830233,39.95744482
世纪之翼,风景名胜,公园广场,公园,半壁街与厂洼街交叉口北100米,北京市,北京市,海淀区,116.2931169,39.95238999
憩园,风景名胜,公园广场,公园,西三环北路19号北京外国语大学西校区,北京市,北京市,海淀区,116.3006569,39.95499321
中欧友谊花园,风景名胜,公园广场,公园,西三环北路4-2号,北京市,北京市,海淀区,116.3038645,39.95266262
北京理工大学魔岩,风景名胜,风景名胜相关,旅游景点,中关村南大街5号北京理工大学南门,北京市,北京市,海淀区,116.3086797,39.95587169
天海流芳,风景名胜,风景名胜相关,旅游景点,民族大学西路与魏公村路交叉口西50米,北京市,北京市,海淀区,116.3107203,39.9554869
北京理工大学中心花园,风景名胜,公园广场,公园,中关村南大街5号北京理工大学,北京市,北京市,海淀区,116.3129958,39.95824151
大慧寺宝殿,风景名胜,风景名胜,寺庙道观,大慧寺路33号,北京市,北京市,海淀区,116.323365,39.95174791
北京大慧寺大悲阁,风景名胜,风景名胜,风景名胜,大慧寺路11号,北京市,北京市,海淀区,116.323367,39.9517979
铁科院宿舍区中心花园,风景名胜,公园广场,公园,学院南路58号附近,北京市,北京市,海淀区,116.3363012,39.95478329
皂君庙,风景名胜,风景名胜,风景名胜,圈头乡,北京市,北京市,海淀区,116.3326149,39.958596
皂君庙甲38,风景名胜,风景名胜相关,旅游景点,皂君庙斜街西100米,北京市,北京市,海淀区,116.3310206,39.95822702
育英亭,风景名胜,风景名胜相关,旅游景点,学院南路60号院(中央财经大学南100米),北京市,北京市,海淀区,116.3330284,39.95578433
皂君庙9,风景名胜,风景名胜相关,旅游景点,皂君庙东路12号附近,北京市,北京市,海淀区,116.3313784,39.96099723
铁神院,风景名胜,风景名胜相关,旅游景点,学院南路与皂君庙斜街交叉口南50米,北京市,北京市,海淀区,116.3340819,39.95625734
元大都城垣遗址碑记,风景名胜,风景名胜,风景名胜,健安东路元大都城垣遗址公园内,北京市,北京市,海淀区,116.3482664,39.95862712
时光广场,风景名胜,风景名胜相关,旅游景点,北京邮电大学南门,北京市,北京市,海淀区,116.3511943,39.96100628
京师广场,风景名胜,公园广场,公园广场,新街口外大街19号北京师范大学,北京市,北京市,海淀区,116.3625841,39.95728096
曦园,风景名胜,风景名胜,风景名胜,新街口外大街19号北京师范大学,北京市,北京市,海淀区,116.3606279,39.95946845
铁狮子坟,风景名胜,风景名胜相关,旅游景点,乐育路与新街口外大街交叉口东南50米,北京市,北京市,西城区,116.3648912,39.96027795
孔子圣像,风景名胜,风景名胜,风景名胜,新街口外大街与金声路交叉口西北100米,北京市,北京市,海淀区,116.363823,39.95838634
小西天牌楼,风景名胜,风景名胜相关,旅游景点,新街口外大街文慧园路,北京市,北京市,海淀区,116.3649283,39.95135026
人定湖公园,风景名胜,公园广场,公园,六铺炕街心15号,北京市,北京市,西城区,116.3793073,39.95605811
青年湖公园,风景名胜,公园广场,公园,安定门外安德里北街,北京市,北京市,东城区,116.3962442,39.95394304
柳荫公园,风景名胜,公园广场,公园,黄寺大街8号,北京市,北京市,东城区,116.3958194,39.95945683
九道弯胡同,风景名胜,风景名胜相关,旅游景点,安德路5号附近,北京市,北京市,东城区,116.3983787,39.95177422
地坛公园,风景名胜,公园广场,公园,安定门外大街,北京市,北京市,东城区,116.4086226,39.95227647
北京市安外清真寺,风景名胜,风景名胜,回教寺,安定门外大街青年湖南里上龙西里24号楼,北京市,北京市,东城区,116.399539,39.95206935
兴化社区文化广场,风景名胜,公园广场,城市广场,和平里北街北100米,北京市,北京市,东城区,116.4044281,39.95828733
地坛公园-东门验票处,风景名胜,公园广场,公园,安定门外大街地坛公园内,北京市,北京市,东城区,116.4116892,39.95254436
地坛公园-凤懿,风景名胜,风景名胜相关,旅游景点,和平里南街3号,北京市,北京市,东城区,116.4095463,39.95259799
地坛公园-华佗,风景名胜,风景名胜,风景名胜,安定门外大街甲2号地坛公园东北角地坛中医药养生文化园内,北京市,北京市,东城区,116.4109463,39.9541848
地坛公园-长廊序,风景名胜,风景名胜,风景名胜,安定门外大街甲2号地坛公园东北角地坛中医药养生文化园内,北京市,北京市,东城区,116.4111516,39.95375295
地坛公园-李时珍,风景名胜,风景名胜,风景名胜,安定门外大街甲2号地坛公园东北角地坛中医药养生文化园内,北京市,北京市,东城区,116.4110525,39.95372988
地坛公园-扁鹊,风景名胜,风景名胜,风景名胜,安定门外大街甲2号地坛公园东北角地坛中医药养生文化园内,北京市,北京市,东城区,116.4112496,39.954203
地坛公园-张仲景,风景名胜,风景名胜,风景名胜,安定门外大街甲2号地坛公园东北角地坛中医药养生文化园内,北京市,北京市,东城区,116.4113037,39.95411404
地坛公园-针灸铜人,风景名胜,风景名胜,风景名胜,安定门外大街甲2号地坛公园东北角地坛中医药养生文化园内,北京市,北京市,东城区,116.4113307,39.95374107
力量,风景名胜,风景名胜,风景名胜,和平里东街与和平里北街交叉口西北50米,北京市,北京市,东城区,116.4185433,39.95824389
地坛公园-望和亭,风景名胜,风景名胜,风景名胜,和平里西街73附近,北京市,北京市,东城区,116.4103829,39.95370845
地坛公园-养生坊,风景名胜,风景名胜,风景名胜,和平里西街,北京市,北京市,东城区,116.4110275,39.95374587
地坛公园-牡丹园,风景名胜,公园广场,植物园,安定门外大街2号地坛公园内,北京市,北京市,东城区,116.4107513,39.95309571
地坛公园-地坛庙会,风景名胜,风景名胜相关,旅游景点,地坛公园内(近地坛庙会北门),北京市,北京市,东城区,116.4097977,39.95154718
澄阳弓道场,风景名胜,风景名胜相关,旅游景点,和平里西街附近,北京市,北京市,东城区,116.411728,39.95486629
地坛公园-方泽坛,风景名胜,风景名胜,风景名胜,安定门外大街2号地坛公园内,北京市,北京市,东城区,116.4097937,39.95154218
中医药养生文化园土脾区,风景名胜,风景名胜相关,旅游景点,安定门外大街甲2号附近,北京市,北京市,东城区,116.41054,39.95365556
地坛公园-北门验票处,风景名胜,公园广场,公园,安定门外大街地坛公园,北京市,北京市,东城区,116.4092397,39.95559569
地坛中医药养生文化园,风景名胜,风景名胜,风景名胜,安定门外大街甲2号地坛公园东北角,北京市,北京市,东城区,116.4109626,39.95260587
地坛公园-丹馨,风景名胜,公园广场,公园内部设施,安定门外大街甲2号附近,北京市,北京市,东城区,116.4099846,39.95342722
廉政文化广场,风景名胜,公园广场,城市广场,东土城路与和平里北街交叉口西北150米,北京市,北京市,朝阳区,116.4250701,39.95900127
法治文化广场,风景名胜,公园广场,城市广场,和平街十四区社区和平里北街甲5号院,北京市,北京市,朝阳区,116.4253105,39.95953856
芳沁园,风景名胜,公园广场,公园,西坝河七胜路6号院,北京市,北京市,朝阳区,116.4288227,39.95195864
董海川,风景名胜,风景名胜,风景名胜,柳芳街与西坝河南路交叉口南150米,北京市,北京市,朝阳区,116.4283368,39.95183195
宫禧华堂,风景名胜,风景名胜相关,旅游景点,左家庄北里6号楼1层,北京市,北京市,朝阳区,116.4335328,39.95532773
藤罗园,风景名胜,风景名胜,风景名胜,西坝河南里12号,北京市,北京市,朝阳区,116.4315541,39.95982741
耕读园(特佳馆),风景名胜,风景名胜相关,旅游景点,西坝河南路4号特佳中心1楼(近地铁柳芳站东300米),北京市,北京市,朝阳区,116.4289635,39.95629367
夏园,风景名胜,公园广场,公园,偶巴尔坛韩国牛肚(霄云路店),北京市,北京市,朝阳区,116.4484213,39.95246831
奥运文化广场,风景名胜,公园广场,城市广场,静安东街18号,北京市,北京市,朝阳区,116.4445051,39.95580491
香河园公园,风景名胜,公园广场,公园,左家庄,北京市,北京市,朝阳区,116.4432151,39.95271342
凤凰置地广场-南广场,风景名胜,公园广场,城市广场,三元桥凤凰汇购物中心南(京密路北),北京市,北京市,朝阳区,116.451477,39.96092979
星吧路,风景名胜,风景名胜相关,旅游景点,星巴路酒吧文化街,北京市,北京市,朝阳区,116.4639294,39.95422167
进宫,风景名胜,风景名胜相关,旅游景点,女人街j3-09号附近,北京市,北京市,朝阳区,116.4608539,39.95587065
朝阳公园-达标林,风景名胜,风景名胜,风景名胜,农展南路1号朝阳公园内,北京市,北京市,朝阳区,116.4781842,39.95268414
朝阳公园北门-售检处,风景名胜,风景名胜相关,旅游景点,朝阳公园南路1号朝阳公园内附近,北京市,北京市,朝阳区,116.4764135,39.95359802
北京基督教会朝阳堂,风景名胜,风景名胜,教堂,东四环东风南路60号,北京市,北京市,朝阳区,116.4859904,39.95208098
东润枫景文化广场,风景名胜,公园广场,城市广场,,北京市,北京市,朝阳区,116.4871627,39.95328541
瞰都嘉园-人口文化广场,风景名胜,公园广场,城市广场,东风北桥地铁站C2东南口北200米,北京市,北京市,朝阳区,116.4818179,39.95889344
龙泉山风景区人文纪念园,风景名胜,风景名胜,纪念馆,酒仙桥路65号附近,北京市,北京市,朝阳区,116.4948179,39.96039193
果汁公园,风景名胜,公园广场,公园,将台路15号楼,北京市,北京市,朝阳区,116.5020456,39.95702556
东风公园-将台洼村文化广场,风景名胜,公园广场,城市广场,中心路与青年北路交叉口西150米,北京市,北京市,朝阳区,116.5090518,39.95427118
玺园,风景名胜,风景名胜,风景名胜,中心路北100米,北京市,北京市,朝阳区,116.5079327,39.95471292
东风公园-将台洼,风景名胜,风景名胜相关,旅游景点,酒仙桥东风乡,北京市,北京市,朝阳区,116.5064533,39.95402664
东风公园,风景名胜,公园广场,公园,青年北路,北京市,北京市,朝阳区,116.5103053,39.95515776
北京世纪国际艺术园,风景名胜,公园广场,公园,七棵树创意园东三百米,北京市,北京市,朝阳区,116.5199376,39.96051852
东坝郊野公园公园管理处,风景名胜,风景名胜,风景名胜,康各庄路南100米,北京市,北京市,朝阳区,116.5669686,39.95577571
东坝郊野公园-健身区,风景名胜,公园广场,公园,管庄路东坝郊野公园,北京市,北京市,朝阳区,116.5718873,39.9529927
郊野公园风筝区,风景名胜,风景名胜相关,旅游景点,马各庄路甲1,北京市,北京市,朝阳区,116.5756155,39.95210372
多肉喵多肉植物园,风景名胜,公园广场,植物园,永顺榆东一街(潞苑北大街与通顺路交叉口北植植物园左侧胡同进入),北京市,北京市,通州区,116.6514983,39.95318137
宋庄文化公园,风景名胜,公园广场,公园,潞苑北大街北50米,北京市,北京市,通州区,116.6939488,39.95361086
乾元驿,风景名胜,风景名胜,风景名胜,宋庄镇潼关三区丛林庄别墅四合院,北京市,北京市,通州区,116.6923073,39.95899734
慧空间,风景名胜,风景名胜相关,旅游景点,宋庄镇小堡村尚堡艺术区C座,北京市,北京市,通州区,116.7130443,39.9556312
抗日英雄纪念馆,风景名胜,风景名胜,纪念馆,小堡北街52号附近,北京市,北京市,通州区,116.7128482,39.9513006
北京市基督教会通州堂小堡分堂,风景名胜,风景名胜,教堂,徐宋路与辛疃路交叉口西南50米,北京市,北京市,通州区,116.7142915,39.95145199
自然禅院,风景名胜,风景名胜相关,旅游景点,潞苑北大街北50米,北京市,北京市,通州区,116.7418308,39.95853397
双林寺,风景名胜,风景名胜,寺庙道观|地名地址信息,清水镇西上清水村,北京市,北京市,门头沟区,115.6055251,39.95041797
清水公园,风景名胜,公园广场,公园,清水派出所东,北京市,北京市,门头沟区,115.6271898,39.94274076
北京电视台外景基地,风景名胜,风景名胜,风景名胜,,北京市,北京市,门头沟区,115.6737793,39.95046037
双龙峡自然风景区,风景名胜,风景名胜,省级景点,斋堂镇火村,北京市,北京市,门头沟区,115.7113593,39.94980189
瓜草地风景区,风景名胜,风景名胜,风景名胜,王平镇C141瓜草地风景区,北京市,北京市,门头沟区,115.9693163,39.94748417
石泉公园,风景名胜,公园广场,公园,增北路与龙山街交叉口北50米,北京市,北京市,门头沟区,116.0766504,39.94390869
信望爱,风景名胜,风景名胜,教堂,门头沟路38号29室,北京市,北京市,门头沟区,116.0826603,39.94109845
北京基督教会门头沟堂,风景名胜,风景名胜,教堂,门头沟路38号29室,北京市,北京市,门头沟区,116.0826642,39.94155743
晨曦公园,风景名胜,公园广场,公园,河滩路10号,北京市,北京市,门头沟区,116.0951395,39.94289759
滨河公园,风景名胜,公园广场,公园,河滩路中段,北京市,北京市,门头沟区,116.0962082,39.94269476
京门铁路广场,风景名胜,公园广场,公园广场,城子大街43号附近,北京市,北京市,门头沟区,116.0920369,39.94990112
永定河观景台,风景名胜,风景名胜,风景名胜,水厂北路与滨河路交叉口东南100米,北京市,北京市,门头沟区,116.1002069,39.94694263
门城湖,风景名胜,风景名胜,风景名胜,河堤路北150米,北京市,北京市,门头沟区,116.1037727,39.9448952
西老店牌楼,风景名胜,风景名胜,风景名胜,龙泉镇西老店236号附近,北京市,北京市,门头沟区,116.1048656,39.94745066
永定河公园,风景名胜,公园广场,公园,永定河畔蓝龙家园东侧,北京市,北京市,门头沟区,116.1037386,39.94520417
永定楼,风景名胜,风景名胜,风景名胜,永定河文化公园内,北京市,北京市,门头沟区,116.102162,39.94520545
门头沟历史文化长廊,风景名胜,风景名胜,风景名胜,滨河路19号永定河公园附近,北京市,北京市,门头沟区,116.1007205,39.94599885
望楼园,风景名胜,公园广场,公园,门城湖公园永定楼的北侧(门头沟永定楼),北京市,北京市,门头沟区,116.1016987,39.94329333
八角森林公园,风景名胜,风景名胜相关,旅游景点,模式口,北京市,北京市,石景山区,116.153785,39.94166948
西山,风景名胜,风景名胜相关,旅游景点,S50西五环附近,北京市,北京市,海淀区,116.2076999,39.94529773
青年林,风景名胜,公园广场,城市广场,福田公墓路与香山南路交叉口西北100米,北京市,北京市,石景山区,116.2049987,39.94369836
花篮,风景名胜,风景名胜相关,旅游景点,福田公墓路与S50西五环入口交叉口东150米,北京市,北京市,石景山区,116.2079949,39.94177923
西山公园,风景名胜,公园广场,公园,西平庄路,北京市,北京市,海淀区,116.2333749,39.94590683
平庄郊野公园,风景名胜,公园广场,公园,四季青镇旱河路,北京市,北京市,海淀区,116.2350125,39.9432275
玉极庵,风景名胜,风景名胜,风景名胜,四季青巨山东路,北京市,北京市,海淀区,116.2292206,39.9422011
海淀基督教堂祁村聚会点,风景名胜,风景名胜,教堂,西平庄路260号附近,北京市,北京市,海淀区,116.2304532,39.94676054
振兴观光园,风景名胜,风景名胜,风景名胜,旱河路368号,北京市,北京市,海淀区,116.2426486,39.94293582
赤山凤凰湖,风景名胜,风景名胜相关,旅游景点,西四环北路辅路109号附近,北京市,北京市,海淀区,116.2656064,39.94307758
曙光防灾教育公园,风景名胜,公园广场,公园,紫竹院路正福寺76号(四季青桥东),北京市,北京市,海淀区,116.276241,39.94649285
天主教北京教区正福寺基督君王堂,风景名胜,风景名胜,教堂,板井路西50米,北京市,北京市,海淀区,116.2761669,39.94878784
四季曙光公园,风景名胜,公园广场,公园,板井路360号,北京市,北京市,海淀区,116.2835328,39.94675755
车道沟公园,风景名胜,公园广场,公园,蓝靛厂南路与车道沟桥交叉口南200米,北京市,北京市,海淀区,116.2882597,39.94289791
石佛寺,风景名胜,风景名胜,寺庙道观,远大东路东50米,北京市,北京市,海淀区,116.2823232,39.95026606
南长河公园,风景名胜,公园广场,公园,西三环北路辅路与半壁街交叉口自然美附近(近西三环紫竹桥),北京市,北京市,海淀区,116.2968382,39.949134
万寿寺,风景名胜,风景名胜,寺庙道观,万寿寺121号,北京市,北京市,海淀区,116.3049053,39.94490805
紫金观,风景名胜,风景名胜,寺庙道观,万寿寺路110号,北京市,北京市,海淀区,116.3068033,39.94376863
延庆寺,风景名胜,风景名胜,寺庙道观,万寿寺路与广源闸路交叉口西100米,北京市,北京市,海淀区,116.3060219,39.94466503
广源闸及龙王庙,风景名胜,风景名胜,风景名胜,紫竹桥万寿寺路中海紫金苑紫金观,北京市,北京市,海淀区,116.3069949,39.94375528
法华寺路,风景名胜,风景名胜,风景名胜,法华寺路26号附近,北京市,北京市,海淀区,116.3069313,39.95006615
李四光纪念馆,风景名胜,风景名胜,纪念馆,民族大学南路11号(近中国地质科学院地质力学研究所),北京市,北京市,海淀区,116.3105769,39.94503159
紫竹院公园-紫竹禅院,风景名胜,风景名胜,寺庙道观,万寿寺路2号,北京市,北京市,海淀区,116.3098079,39.94259212
法华寺,风景名胜,风景名胜,寺庙道观,法华寺街67号,北京市,北京市,海淀区,116.3098907,39.95046765
紫竹院公园-友贤山馆,风景名胜,风景名胜,风景名胜,中关村南大街35号,北京市,北京市,海淀区,116.3151858,39.94309495
文园(民族大学西路),风景名胜,公园广场,公园,民族大学西路西150米,北京市,北京市,海淀区,116.3093951,39.94837766
紫竹院公园-天缘轩,风景名胜,风景名胜,风景名胜,万寿寺路南200米,北京市,北京市,海淀区,116.3103517,39.9428191
紫竹院公园-梅臺,风景名胜,风景名胜,风景名胜,,北京市,北京市,海淀区,116.3149675,39.94167342
紫竹院公园-水竹居,风景名胜,风景名胜,风景名胜,万寿寺路南200米,北京市,北京市,海淀区,116.3148426,39.9430986
大雄宝殿,风景名胜,风景名胜,风景名胜,万寿寺路南200米,北京市,北京市,海淀区,116.3099037,39.94283993
紫竹院公园-夕梯,风景名胜,风景名胜,风景名胜,中关村南大街35号紫竹院公园内,北京市,北京市,海淀区,116.311636,39.94139974
紫竹院公园-聆涛亭,风景名胜,风景名胜,风景名胜,中关村南路35号紫竹院公园附近,北京市,北京市,海淀区,116.3135985,39.942344
紫竹院公园-福荫紫竹院,风景名胜,风景名胜,风景名胜,民族大学南路11号,北京市,北京市,海淀区,116.3096083,39.94282448
紫竹院公园-步月廊,风景名胜,风景名胜,风景名胜,,北京市,北京市,海淀区,116.3128134,39.94124053
紫竹院公园-明月岛,风景名胜,风景名胜,风景名胜,中关村南路35号紫竹院公园附近,北京市,北京市,海淀区,116.3128762,39.9414954
紫竹院公园-江南竹韵,风景名胜,风景名胜,风景名胜,中关村南路35号,北京市,北京市,海淀区,116.3146362,39.94175505
紫竹院公园-朝晖亭,风景名胜,风景名胜,风景名胜,,北京市,北京市,海淀区,116.314271,39.94216073
紫竹院公园-大湖,风景名胜,风景名胜,风景名胜,紫竹院街道问月楼艺术馆附近,北京市,北京市,海淀区,116.3119663,39.94122213
紫竹院公园-紫御湾码头,风景名胜,风景名胜相关,旅游景点,白石桥路,北京市,北京市,海淀区,116.310621,39.94367256
紫竹院公园-清凉罨秀,风景名胜,风景名胜,风景名胜,中关村南大街35号,北京市,北京市,海淀区,116.3154603,39.94206447
紫竹院公园-跨海东征,风景名胜,风景名胜,风景名胜,中关村南大街35号,北京市,北京市,海淀区,116.3115989,39.94270576
紫竹院公园-远亭,风景名胜,风景名胜,风景名胜,中关村南大街35号,北京市,北京市,海淀区,116.3148086,39.94397163
紫竹院公园-筠石苑,风景名胜,风景名胜,风景名胜,中关村南大街35号紫竹院公园内,北京市,北京市,海淀区,116.3155462,39.94138433
紫竹院公园-梦溪,风景名胜,风景名胜,风景名胜,中关村南大街35号,北京市,北京市,海淀区,116.3148455,39.94395756
紫竹院公园-斑竹麓,风景名胜,风景名胜,风景名胜,中关村南大街35号,北京市,北京市,海淀区,116.3133709,39.94334739
紫竹院公园-箫声醉月,风景名胜,风景名胜,风景名胜,中关村南大街35号,北京市,北京市,海淀区,116.3134539,39.94128131
紫竹院公园-绿云轩,风景名胜,风景名胜,风景名胜,中关村南大街35号,北京市,北京市,海淀区,116.3142478,39.94379671
紫竹院行宫,风景名胜,风景名胜,风景名胜,万寿寺路南200米,北京市,北京市,海淀区,116.3095186,39.94255066
紫竹院公园-待月轩,风景名胜,风景名胜,风景名胜,中关村南大街35号,北京市,北京市,海淀区,116.3128094,39.94117654
紫竹院公园-醉红坡,风景名胜,风景名胜,风景名胜,中关村南大街35号,北京市,北京市,海淀区,116.3131596,39.94111088
紫竹院公园-筠峡,风景名胜,风景名胜,风景名胜,中关村南大街35号,北京市,北京市,海淀区,116.3152726,39.94296979
紫竹院公园-翠池,风景名胜,风景名胜,风景名胜,中关村南大街35号,北京市,北京市,海淀区,116.3142199,39.94399975
真觉寺,风景名胜,风景名胜,寺庙道观,五塔寺村24号,北京市,北京市,海淀区,116.324273,39.94272452
五塔寺塔,风景名胜,风景名胜,风景名胜,五塔寺村24号,北京市,北京市,海淀区,116.324215,39.9436106
中国气象局培训中心广场,风景名胜,公园广场,城市广场,中关村南大街46号,北京市,北京市,海淀区,116.32357,39.94818666
北京动物园-儿童动物园,风景名胜,公园广场,动物园,西直门外大街137号北京动物园,北京市,北京市,西城区,116.3268742,39.94160658
北京动物园-长颈鹿馆,风景名胜,公园广场,动物园,西直门外大街137号北京动物园,北京市,北京市,西城区,116.327828,39.94146276
北京动物园-鹿苑,风景名胜,公园广场,动物园,西直门外大街137号北京动物园,北京市,北京市,西城区,116.3258475,39.94196953
船山书院,风景名胜,风景名胜相关,旅游景点,中关村南大街五塔寺村24号石刻艺术博物馆院内,北京市,北京市,海淀区,116.3245155,39.94279705
大慧寺,风景名胜,风景名胜相关,旅游景点,大慧寺路11号,北京市,北京市,海淀区,116.3210085,39.95059449
联勤执法亭,风景名胜,风景名胜相关,旅游景点,大慧寺南路与大慧寺路交叉口北50米,北京市,北京市,海淀区,116.3261726,39.95091155
北京动物园饲养队,风景名胜,风景名胜相关,旅游景点,五塔寺路22号附近,北京市,北京市,海淀区,116.3270666,39.94310515
北京动物园-北京海洋馆,风景名胜,公园广场,水族馆,高梁桥斜街乙18号,北京市,北京市,海淀区,116.33478,39.94332756
国宝中华鲟馆,风景名胜,公园广场,动物园,气象路6号,北京市,北京市,海淀区,116.3345874,39.94390289
北京动物园-袋鼠馆,风景名胜,公园广场,动物园,西直门外大街137号北京动物园,北京市,北京市,海淀区,116.3319845,39.94137787
象馆,风景名胜,公园广场,动物园,西直门外大街137号北京动物园,北京市,北京市,海淀区,116.3326718,39.94269052
北京动物园-澳洲动物区,风景名胜,公园广场,动物园,西直门外大街137号北京动物园,北京市,北京市,海淀区,116.3325672,39.94120578
北京动物园-犀牛河马馆,风景名胜,公园广场,动物园,西直门外大街137号北京动物园,北京市,北京市,海淀区,116.3311193,39.94276145
北京动物园-鹰山,风景名胜,公园广场,动物园,西直门外大街137号北京动物园,北京市,北京市,海淀区,116.3298852,39.9424728
北京交通大学积秀园,风景名胜,风景名胜,风景名胜,高梁桥斜街15号,北京市,北京市,海淀区,116.3339122,39.94904895
北京动物园非洲动物区,风景名胜,公园广场,动物园,西直门外大街137号北京动物园,北京市,北京市,西城区,116.329117,39.94164829
北京动物园美洲动物区,风景名胜,公园广场,动物园,西直门外大街137号北京动物园,北京市,北京市,西城区,116.3317182,39.94131337
北京动物园-糜鹿,风景名胜,公园广场,动物园,西直门外大街137号北京动物园,北京市,北京市,西城区,116.3308332,39.94136004
北京交通大学明湖,风景名胜,风景名胜,风景名胜,西直门外上园村3号北京交通大学,北京市,北京市,海淀区,116.3362338,39.95086057
北京交通大学毛主席雕塑,风景名胜,风景名胜,风景名胜,上园村3号北京交通大学内,北京市,北京市,海淀区,116.3359267,39.9492422
北京动物园-第一虎,风景名胜,风景名胜相关,旅游景点,西直门外大街137号北京动物园内,北京市,北京市,西城区,116.3336308,39.94154177
北京动物园-百木园,风景名胜,风景名胜,风景名胜,西直门外大街137号北京动物园,北京市,北京市,海淀区,116.334892,39.94117543
北京动物园-快艇码头,风景名胜,风景名胜,风景名胜,西直门外大街137号北京动物园内,北京市,北京市,海淀区,116.3327787,39.94177436
北京交通大学芳华园,风景名胜,公园广场,公园,西直门外上园村3号北京交通大学,北京市,北京市,海淀区,116.3378743,39.94996659
北京交通大学世纪钟,风景名胜,风景名胜,风景名胜,西直门外上园村3号北京交通大学,北京市,北京市,海淀区,116.3359826,39.9490541
高梁桥,风景名胜,风景名胜,风景名胜,西直门外偏北半里左右,北京市,北京市,海淀区,116.3452705,39.94221881
京绥铁路西直门站老站房,风景名胜,风景名胜,风景名胜,,北京市,北京市,西城区,116.3472082,39.94508941
管家小屋,风景名胜,风景名胜相关,旅游景点,新安街道西城品阁商住楼124号,北京市,北京市,海淀区,116.3425572,39.95021819
玉桃园科技文化广场,风景名胜,公园广场,城市广场,德胜门西大街与西直门北顺城街交叉口东150米,北京市,北京市,西城区,116.3511868,39.94149006
徐悲鸿纪念馆,风景名胜,风景名胜,纪念馆,新街口北大街53号(积水潭桥南侧路西),北京市,北京市,西城区,116.3652508,39.94366717
什刹海-汇通祠,风景名胜,风景名胜,寺庙道观,德胜门西大街甲60号,北京市,北京市,西城区,116.3679727,39.94658389
什刹海-北京郭守敬纪念馆,风景名胜,风景名胜,纪念馆,德胜门西大街甲60号汇通祠内,北京市,北京市,西城区,116.3676641,39.94669423
潭西胜境北护城河滨水绿廊,风景名胜,公园广场,公园,北二环入口与德胜门西大街交叉口东北150米,北京市,北京市,海淀区,116.3606705,39.94600092
棍贝子府,风景名胜,风景名胜,风景名胜,新街口东街31号,北京市,北京市,西城区,116.3674408,39.9438716
缪思女神,风景名胜,风景名胜,风景名胜,滨河路与饮马槽路交叉口东50米,北京市,北京市,海淀区,116.3618981,39.94947316
积水潭,风景名胜,风景名胜,风景名胜,新街口东街31号,北京市,北京市,西城区,116.3665506,39.94664551
潭西胜境,风景名胜,风景名胜,风景名胜,德胜门北桥与德胜门西大街交叉口西北100米,北京市,北京市,海淀区,116.364771,39.9474136
德胜门箭楼,风景名胜,风景名胜,风景名胜,北二环中路,北京市,北京市,西城区,116.3732651,39.94831938
宋庆龄同志故居,风景名胜,风景名胜,纪念馆,后海北沿46号,北京市,北京市,西城区,116.37677,39.9441225
醇亲王府,风景名胜,风景名胜,风景名胜,后海北沿44号(近后海北沿西段),北京市,北京市,西城区,116.3783597,39.94355929
法源清真寺,风景名胜,风景名胜,回教寺,德胜门外大街200号(德胜门箭楼的东北角),北京市,北京市,西城区,116.3738981,39.9507177
什刹海-野鸭岛,风景名胜,风景名胜,风景名胜,东明胡同2号,北京市,北京市,西城区,116.3755575,39.94141161
观音寺,风景名胜,风景名胜,寺庙道观,东明胡同与西海南沿交叉口西南50米,北京市,北京市,西城区,116.3745745,39.94159546
德胜公园,风景名胜,公园广场,公园,旧鼓楼大街,北京市,北京市,西城区,116.3781704,39.94706829
西海东沿真武庙,风景名胜,风景名胜,寺庙道观,西海东沿11号,北京市,北京市,西城区,116.3731199,39.94291873
雨来散文化广场,风景名胜,公园广场,城市广场,西海南沿18号,北京市,北京市,西城区,116.3719771,39.94347481
毗卢殿,风景名胜,风景名胜,寺庙道观,西海南沿48号,北京市,北京市,西城区,116.3696628,39.94402515
晓芳窑,风景名胜,风景名胜相关,旅游景点,西海南沿48号N座(近积水潭),北京市,北京市,西城区,116.3693781,39.94454743
三官庙,风景名胜,风景名胜,寺庙道观,西海北沿29号,北京市,北京市,西城区,116.3693719,39.94657336
普济寺旧址,风景名胜,风景名胜相关,旅游景点,西海南沿48号,北京市,北京市,西城区,116.3693272,39.94448749
广仁寺,风景名胜,风景名胜,风景名胜,西绦胡同与鼓楼西大街交叉口西50米,北京市,北京市,西城区,116.3747857,39.94635308
三官庙旧址,风景名胜,风景名胜相关,旅游景点,西海北沿29号,北京市,北京市,西城区,116.3699511,39.94681073
什刹海-望海楼,风景名胜,风景名胜,风景名胜,什刹海后海北岸半岛上,北京市,北京市,西城区,116.3801235,39.94168811
北滨河公园,风景名胜,公园广场,公园,德外大街安德路102号,北京市,北京市,西城区,116.3849794,39.949044
拈花寺,风景名胜,风景名胜,寺庙道观,大石桥胡同61号,北京市,北京市,西城区,116.3807225,39.94554956
二环城市公园,风景名胜,公园广场,公园,中绦胡同安定门西大街9号,北京市,北京市,东城区,116.3878903,39.94733384
关岳庙,风景名胜,风景名胜,寺庙道观,鼓楼西大街149号(近鼓楼西面),北京市,北京市,西城区,116.3795195,39.94549437
古刹佑圣禅林,风景名胜,风景名胜,风景名胜,小八道湾胡同与鼓楼西大街交叉口东100米,北京市,北京市,西城区,116.3807807,39.9435986
摄政王府马号,风景名胜,风景名胜,风景名胜,后海北沿43号,北京市,北京市,西城区,116.3794369,39.94240155
孔雀亭,风景名胜,风景名胜,风景名胜,德胜门东滨河路5号附近,北京市,北京市,西城区,116.3802136,39.94813779
豆腐池胡同,风景名胜,风景名胜,风景名胜,旧鼓楼大街与豆腐池胡同交叉口东北50米,北京市,北京市,西城区,116.3878749,39.94262103
铃铛胡同,风景名胜,风景名胜相关,旅游景点,旧鼓楼大街与铃铛胡同交叉口东50米,北京市,北京市,西城区,116.387982,39.94104805
田间故居,风景名胜,风景名胜,风景名胜,后海北沿38号,北京市,北京市,西城区,116.3808059,39.94201464
万佛禅林,风景名胜,风景名胜,风景名胜,小黑虎胡同17号,北京市,北京市,西城区,116.3866625,39.94159754
无境,风景名胜,风景名胜相关,旅游景点,小黑虎胡同3号,北京市,北京市,西城区,116.3873282,39.94163627
双寺,风景名胜,风景名胜相关,旅游景点,中绦胡同与旧鼓楼大街交叉口西100米,北京市,北京市,西城区,116.386438,39.94659944
铸钟胡同,风景名胜,风景名胜相关,旅游景点,西城鼓楼西大街北侧铸钟胡同,北京市,北京市,西城区,116.385685,39.94172796
董必武故居,风景名胜,风景名胜,纪念馆,旧鼓楼大街小石桥胡同24号,北京市,北京市,西城区,116.384991,39.94436718
寿明寺,风景名胜,风景名胜,风景名胜,鼓楼西大街79号,北京市,北京市,西城区,116.3828555,39.94228838
四合院(国祥胡同),风景名胜,风景名胜,风景名胜,宝钞胡同甲19号,北京市,北京市,东城区,116.3927334,39.94511667
钟楼,风景名胜,风景名胜,风景名胜,安定门,北京市,北京市,东城区,116.3896195,39.94104253
杨昌济故居,风景名胜,风景名胜,纪念馆,旧鼓楼大街豆腐池胡同15号(近鼓楼),北京市,北京市,东城区,116.390834,39.94260814
环二环城市绿道,风景名胜,公园广场,城市广场,安定门西滨河路与鼓楼外大街交叉口东100米,北京市,北京市,东城区,116.3898395,39.94842917
法螺天珠,风景名胜,风景名胜,寺庙道观,安定门西大街36号,北京市,北京市,东城区,116.3932961,39.94707751
净土寺建筑遗址,风景名胜,风景名胜,风景名胜,净土胡同9号附近,北京市,北京市,东城区,116.3952374,39.94417945
宏恩观,风景名胜,风景名胜,寺庙道观,豆腐池胡同21、23号、张旺胡同2、4号,北京市,北京市,东城区,116.3898103,39.94266641
北京旧鼓楼大街胡同四合院,风景名胜,风景名胜相关,旅游景点,国旺东巷与国旺西巷交叉口南50米,北京市,北京市,东城区,116.3892952,39.94432249
秘境驛,风景名胜,风景名胜相关,旅游景点,玉阁一巷与赵府街交叉口西南50米,北京市,北京市,东城区,116.3903057,39.94562116
北二楼,风景名胜,风景名胜,风景名胜,安德路47号,北京市,北京市,东城区,116.3951185,39.9508242
泓波杨府,风景名胜,风景名胜,风景名胜,安定门西大街21号,北京市,北京市,东城区,116.3970761,39.94710532
国子监,风景名胜,风景名胜,国家级景点,国子监街13-15号,北京市,北京市,东城区,116.4070163,39.94538392
北京孔庙,风景名胜,风景名胜,寺庙道观,国子监街13,北京市,北京市,东城区,116.4083083,39.94510359
方家胡同,风景名胜,风景名胜相关,旅游景点,方家胡同30号,北京市,北京市,东城区,116.4058929,39.94278452
循郡王府,风景名胜,风景名胜,风景名胜,安定门内大街方家胡同13号、15号,北京市,北京市,东城区,116.4083176,39.94300068
北二环城市公园,风景名胜,公园广场,公园,安定门东滨河路52号,北京市,北京市,东城区,116.4062666,39.9474165
北京五道营胡同,风景名胜,风景名胜,风景名胜,安定门五道营胡同67号西门,北京市,北京市,东城区,116.4038453,39.94695157
地坛公园-宰牲亭,风景名胜,风景名胜,风景名胜,地坛公园园内,北京市,北京市,东城区,116.4077702,39.95082908
国子监街,风景名胜,风景名胜,风景名胜,大格巷24号,北京市,北京市,东城区,116.402441,39.94393527
北京孔庙-元代进士题名碑,风景名胜,风景名胜,风景名胜,国子监街13号北京孔庙内,北京市,北京市,东城区,116.4083073,39.94510459
修道堂,风景名胜,风景名胜,风景名胜,国子监景区内,北京市,北京市,东城区,116.406552,39.94568669
杨西孟石像,风景名胜,风景名胜,风景名胜,安定门外东后巷28号,北京市,北京市,东城区,116.4036988,39.9500374
安定门健身乐园,风景名胜,公园广场,公园,北二环出口与安定门东大街交叉口北100米,北京市,北京市,东城区,116.407013,39.94818681
完颜氏王衡光故居,风景名胜,风景名胜,纪念馆,柴棒胡同55号,北京市,北京市,东城区,116.3996789,39.94494665
永康胡同,风景名胜,风景名胜相关,旅游景点,安定门内大街与永康胡同交叉口东北50米,北京市,北京市,东城区,116.4022947,39.94549817
宁园,风景名胜,风景名胜相关,旅游景点,分司厅胡同15号,北京市,北京市,东城区,116.4000853,39.9428008
国学胡同14,风景名胜,风景名胜相关,旅游景点,国学胡同14号附近,北京市,北京市,东城区,116.408126,39.94621145
国子监街34,风景名胜,风景名胜相关,旅游景点,国子监街与大格巷交叉口东50米,北京市,北京市,东城区,116.4048011,39.94399503
游园驾梦,风景名胜,公园广场,公园,安定门内大街与方家胡同交叉口东北50米,北京市,北京市,东城区,116.4023711,39.94278029
国子监中国历史文化名街,风景名胜,风景名胜相关,旅游景点,国子监街与箭厂胡同交叉口东150米,北京市,北京市,东城区,116.4069104,39.94401893
地坛公园-方泽轩,风景名胜,风景名胜,风景名胜,和平里南街3号,北京市,北京市,东城区,116.4086408,39.95087254
雍和宫,风景名胜,风景名胜,风景名胜,雍和宫大街28号,北京市,北京市,东城区,116.4110725,39.94587621
柏林寺,风景名胜,风景名胜,寺庙道观,雍和宫街戏楼胡同1号,北京市,北京市,东城区,116.4136652,39.94482711
地坛公园-南门验票处,风景名胜,公园广场,公园,安定门外大街地坛公园内,北京市,北京市,东城区,116.4101141,39.95024342
聚福堂,风景名胜,风景名胜,风景名胜,国子监街与雍和宫大街交叉口西50米,北京市,北京市,东城区,116.4099287,39.94418955
金祠堂,风景名胜,风景名胜,风景名胜,雍和宫大街57号附近,北京市,北京市,东城区,116.410301,39.94470276
雍和门,风景名胜,风景名胜,风景名胜,雍和宫大街28号(雍和宫地铁站C出口往南100米)雍和宫内,北京市,北京市,东城区,116.4110605,39.9458812
国子监街24,风景名胜,风景名胜相关,旅游景点,国子监街24号附近,北京市,北京市,东城区,116.4092112,39.94335716
交道口北新桥鼓楼,风景名胜,风景名胜相关,旅游景点,北新桥三条64号附近,北京市,北京市,东城区,116.4115645,39.94151171
北京木雕门楼,风景名胜,风景名胜相关,旅游景点,雍和宫附近(近国子监),北京市,北京市,东城区,116.4106984,39.94421803
福庵,风景名胜,风景名胜相关,旅游景点,藏经馆胡同13号,北京市,北京市,东城区,116.412662,39.94638629
五道营20-2号,风景名胜,风景名胜相关,旅游景点,五道营胡同18号附近,北京市,北京市,东城区,116.4089656,39.94696987
雪堆白,风景名胜,风景名胜相关,旅游景点,北新胡同与雍和宫大街交叉口西50米,北京市,北京市,东城区,116.4103592,39.94328685
东城区前永康胡同7号四合院,风景名胜,风景名胜,风景名胜,东直门前永康胡同28号,北京市,北京市,东城区,116.4148327,39.94282512
地坛公园-方圆阁,风景名胜,风景名胜,风景名胜,和平里西街与安定门东滨河路交叉口北200米,北京市,北京市,东城区,116.4097728,39.95019822
地坛公园-皇祗室,风景名胜,风景名胜,风景名胜,安定门外大街2号地坛公园内,北京市,北京市,东城区,116.4099069,39.95061628
南馆公园,风景名胜,公园广场,公园,东直门大街西羊管胡同甲1号,北京市,北京市,东城区,116.4216237,39.94220079
通教寺,风景名胜,风景名胜,寺庙道观,东直门内北小街针线胡同19号,北京市,北京市,东城区,116.4200163,39.94290601
左家庄科普廉政文化公园,风景名胜,公园广场,公园,东直门外24路总站边上,北京市,北京市,朝阳区,116.4367589,39.94754649
谐趣园,风景名胜,公园广场,公园,渔阳饭店西侧,北京市,北京市,朝阳区,116.4404922,39.94510241
左家庄街心公园,风景名胜,公园广场,公园,东直门外24路总站边上,北京市,北京市,朝阳区,116.4400855,39.95047843
亮马河南路,风景名胜,风景名胜,风景名胜,塔园外交办公楼2-11-2,北京市,北京市,朝阳区,116.445815,39.94468005
炙屋藏三昧,风景名胜,风景名胜,风景名胜,新东路与新源南路交叉口北150米,北京市,北京市,朝阳区,116.4435807,39.94731237
毛豆豆生态观光园,风景名胜,风景名胜相关,旅游景点,新源里16号琨莎中心1-1101号,北京市,北京市,朝阳区,116.4443267,39.94702789
冬园,风景名胜,公园广场,公园,顺源街4号,北京市,北京市,朝阳区,116.4504685,39.94934096
休闲空间,风景名胜,风景名胜相关,旅游景点,新源南路1-3号都会天地购物中心,北京市,北京市,朝阳区,116.4536772,39.94806138
北京公演西塔,风景名胜,风景名胜相关,旅游景点,新源南路5号,北京市,北京市,朝阳区,116.4490517,39.94745489
刚果(金)使馆,风景名胜,风景名胜相关,旅游景点,三里屯东五街6号,北京市,北京市,朝阳区,116.4517642,39.94212818
左家庄文化墙,风景名胜,风景名胜,风景名胜,三元里街与顺源街交叉口南50米,北京市,北京市,朝阳区,116.4507873,39.95051264
朝阳公园西路口,风景名胜,公园广场,公园,农展馆北路甲2号附近,北京市,北京市,朝阳区,116.4645832,39.94137289
蓝色港湾国际商区-铜球广场,风景名胜,公园广场,城市广场,朝阳公园路6号,北京市,北京市,朝阳区,116.4673449,39.94777201
新大宗花园,风景名胜,公园广场,公园,麦子店街58号,北京市,北京市,朝阳区,116.4623863,39.94517
枣营北桥,风景名胜,风景名胜相关,旅游景点,农展馆北路17号附近,北京市,北京市,朝阳区,116.4643471,39.94359118
朝阳公园,风景名胜,风景名胜,国家级景点,朝阳公园南路1号,北京市,北京市,朝阳区,116.476457,39.94302956
钟楼广场,风景名胜,公园广场,城市广场,朝阳公园路蓝色港湾国际商区6号院,北京市,北京市,朝阳区,116.4706314,39.94765899
朝阳公园西4门-售检处,风景名胜,风景名胜相关,旅游景点,农展馆北路71号附近,北京市,北京市,朝阳区,116.469886,39.945933
北京2008奥运雕像子在川上曰,风景名胜,风景名胜相关,旅游景点,朝阳公园南路1号朝阳公园内,北京市,北京市,朝阳区,116.4793287,39.95019754
朝阳公园-北京和平墙,风景名胜,风景名胜,风景名胜,农展南路1号朝阳公园内,北京市,北京市,朝阳区,116.4794144,39.94697092
豪丰体育公园,风景名胜,公园广场,公园,姚家园北路,北京市,北京市,朝阳区,116.4924578,39.94505449
姚家园便民生活广场,风景名胜,公园广场,城市广场,姚家园北二路北50米,北京市,北京市,朝阳区,116.5139582,39.94883442
朝阳区平房乡姚家园村公园,风景名胜,公园广场,公园,姚家园村808号,北京市,北京市,朝阳区,116.5164364,39.94486651
京城体育休闲公园,风景名胜,公园广场,公园,朝体中心东侧路附近,北京市,北京市,朝阳区,116.528989,39.94443977
溪水园,风景名胜,风景名胜相关,旅游景点,富东家园路,北京市,北京市,朝阳区,116.5448621,39.94522959
东坝郊野公园-艺趣园,风景名胜,公园广场,公园,,北京市,北京市,朝阳区,116.5585153,39.94666722
东坝郊野公园,风景名胜,公园广场,公园,东坝乡东五环外(近机场二通道),北京市,北京市,朝阳区,116.5666519,39.95044657
京城槐园,风景名胜,公园广场,植物园,平房乡东五环路东,北京市,北京市,朝阳区,116.5705803,39.94207794
晓景文化园,风景名胜,风景名胜相关,旅游景点,石各庄路与管庄路交叉口东北150米,北京市,北京市,朝阳区,116.5816337,39.94337756
北京嘉铭诚信国际影视城,风景名胜,风景名胜相关,旅游景点,马各庄路37号,北京市,北京市,朝阳区,116.588613,39.94140366
宋庄艺术区小堡广场,风景名胜,风景名胜相关,旅游景点,小堡村西街25号,北京市,北京市,通州区,116.7084421,39.94926195
小堡文化广场,风景名胜,公园广场,城市广场,小堡村93号,北京市,北京市,通州区,116.7164611,39.94771686
华夏传承馆,风景名胜,风景名胜,风景名胜,宋庄镇小堡一街1号,北京市,北京市,通州区,116.7125727,39.94343122
凤凰艺都,风景名胜,风景名胜,风景名胜,宋庄小堡商业街6号,北京市,北京市,通州区,116.7166401,39.94493579
宋元遗风,风景名胜,风景名胜相关,旅游景点,小堡北街157号附近,北京市,北京市,通州区,116.7142988,39.94903908
绿竹亭,风景名胜,风景名胜相关,旅游景点,小堡北街与徐宋路交叉口西南50米,北京市,北京市,通州区,116.7145283,39.9497528
十度禅院,风景名胜,风景名胜相关,旅游景点,宋庄创意工场街与小堡西街交叉口东100米,北京市,北京市,通州区,116.7115284,39.94617332
画家村文化广场,风景名胜,公园广场,城市广场,宋庄镇宋庄镇小堡,北京市,北京市,通州区,116.7162622,39.949205
宋庄画家村,风景名胜,风景名胜,风景名胜,宋庄东街171号,北京市,北京市,通州区,116.7248242,39.94656659
崖柏客,风景名胜,风景名胜相关,旅游景点,宋庄西街7号附近,北京市,北京市,通州区,116.7196947,39.94768575
宋庄足球公园,风景名胜,风景名胜相关,旅游景点,老政府路宝珍苑公寓旁路口内,北京市,北京市,通州区,116.7207913,39.9446119
北京运河苑温泉度假村-骑马场动物园,风景名胜,公园广场,动物园,白庙村运河苑度假村内(京哈高速白庙出口),北京市,北京市,通州区,116.7737199,39.9438301
冀热察挺进军司令部旧址陈列馆,风景名胜,风景名胜,纪念馆|科教文化服务,斋堂镇马栏村107,北京市,北京市,门头沟区,115.6885556,39.93599999
瓜草地瀑布,风景名胜,风景名胜,风景名胜,,北京市,北京市,门头沟区,115.9752782,39.93981145
西山大坡,风景名胜,风景名胜相关,旅游景点,门头沟路47号,北京市,北京市,门头沟区,116.0661444,39.93423482
圈门岳家坡,风景名胜,风景名胜相关,旅游景点,370总站-圈门岳家坡,北京市,北京市,门头沟区,116.0603661,39.93571421
清真寺,风景名胜,风景名胜,回教寺,东辛房东街与增产南路交叉口南50米,北京市,北京市,门头沟区,116.0806171,39.93658959
黑山公园,风景名胜,公园广场,公园,郊区六环以外黑山大街12号,北京市,北京市,门头沟区,116.0901725,39.93928762
北京市门头沟区滨河世纪广场公园,风景名胜,公园广场,公园,滨河路22号,北京市,北京市,门头沟区,116.1061643,39.93797675
滨河公园,风景名胜,公园广场,公园,双峪路20号,北京市,北京市,门头沟区,116.101088,39.93668135
高井CRD文化休闲广场,风景名胜,公园广场,城市广场,高井路北50米,北京市,北京市,石景山区,116.1295404,39.93534027
隘口晓园,风景名胜,公园广场,公园,石门路南50米,北京市,北京市,石景山区,116.1445889,39.93605851
法海寺森林公园,风景名胜,风景名胜,风景名胜,翠微山南麓模式口28号,北京市,北京市,石景山区,116.1538255,39.93923765
年轮园,风景名胜,公园广场,公园,模南小区路,北京市,北京市,石景山区,116.1564327,39.93162571
承恩寺,风景名胜,风景名胜,寺庙道观,模式口大街,北京市,北京市,石景山区,116.1585563,39.93440151
田义墓(装修中),风景名胜,风景名胜,风景名胜,模式口大街80号(近法海寺公园早市),北京市,北京市,石景山区,116.1520824,39.93344273
希望公园,风景名胜,公园广场,公园,西黄村,北京市,北京市,石景山区,116.1991128,39.93681149
四季青镇群众文化广场,风景名胜,公园广场,城市广场,田村北路北200米,北京市,北京市,海淀区,116.2367618,39.93422935
田村文化体育广场,风景名胜,公园广场,城市广场,田村北路17号,北京市,北京市,海淀区,116.2343272,39.93296769
一河十园汽车公园,风景名胜,公园广场,公园,旱河路与永定河路交叉口西南50米,北京市,北京市,海淀区,116.2397359,39.93878775
钰龙泉洗浴,风景名胜,风景名胜,国家级景点,西4环北路136号(近5路居桥),北京市,北京市,海淀区,116.2690681,39.93674079
云会寺路(南口),风景名胜,风景名胜,风景名胜,四季青彰化路云会里金雅园东南,北京市,北京市,海淀区,116.2719698,39.93985181
美丽园小区公园,风景名胜,公园广场,公园,美丽园中路东50米,北京市,北京市,海淀区,116.273814,39.93803292
慈寿寺,风景名胜,风景名胜相关,旅游景点,"地铁6号线,地铁10号线",北京市,北京市,海淀区,116.2876411,39.93157228
王景山,风景名胜,风景名胜相关,旅游景点,岳麓湘江附近,北京市,北京市,海淀区,116.2791931,39.93119388
宝联体育公园,风景名胜,公园广场,公园,北洼西里48号(近地铁10号线/6号线慈寿寺站),北京市,北京市,海淀区,116.2929045,39.93501602
北洼园,风景名胜,公园广场,公园广场,北洼东街与北洼路交叉口东北100米,北京市,北京市,海淀区,116.2981434,39.93517034
慈寿寺桥,风景名胜,风景名胜,风景名胜,玲珑路和慈寿寺桥的交叉口附近,北京市,北京市,海淀区,116.2895559,39.93137341
漂泊湖,风景名胜,风景名胜相关,旅游景点,车道沟南路与长智路交叉口南200米,北京市,北京市,海淀区,116.295607,39.9379635
蓝桥景观,风景名胜,风景名胜相关,旅游景点,西三环花园桥国图文化大厦6层,北京市,北京市,海淀区,116.3030937,39.93230481
洛神宫,风景名胜,风景名胜相关,旅游景点,紫竹院路甲1号附近,北京市,北京市,海淀区,116.3077547,39.94019403
紫竹院公园,风景名胜,公园广场,公园,中关村南大街35号,北京市,北京市,海淀区,116.3132894,39.94096664
紫竹院公园-管理处,风景名胜,风景名胜相关,旅游景点,中关村南大街35号,北京市,北京市,海淀区,116.3180487,39.93954462
北京动物园-清农事试验场旧址,风景名胜,风景名胜,风景名胜,西直门外大街137号北京动物园,北京市,北京市,西城区,116.3238485,39.93912748
匡威工美动物园分店,风景名胜,公园广场,公园,西直门外动物园西侧家乐福2层,北京市,北京市,海淀区,116.3237379,39.93792374
古脊椎动物馆,风景名胜,风景名胜相关,旅游景点,西直门外大街与西直门外大街出口交叉口东150米,北京市,北京市,西城区,116.3277219,39.93623317
北京动物园-象龟,风景名胜,风景名胜,风景名胜,西直门外大街137号北京动物园,北京市,北京市,西城区,116.3271818,39.93890809
北京动物园-宋教仁纪念塔遗址,风景名胜,风景名胜,风景名胜,西直门外大街137号北京动物园,北京市,北京市,西城区,116.3238793,39.9396774
老来乐文化广场,风景名胜,公园广场,城市广场,三里河路8号院,北京市,北京市,西城区,116.3276514,39.9337294
北京动物园-鬯春堂,风景名胜,公园广场,动物园,西直门外大街137号北京动物园,北京市,北京市,西城区,116.3238634,39.93898246
北京动物园-水獭展区,风景名胜,公园广场,动物园,西直门外大街137号北京动物园,北京市,北京市,西城区,116.3261083,39.93863716
北京动物园-鹤岛,风景名胜,公园广场,动物园,西直门外大街137号北京动物园,北京市,北京市,西城区,116.3248361,39.93986755
北京动物园-畅观楼,风景名胜,公园广场,动物园,西直门外大街137号北京动物园,北京市,北京市,西城区,116.3237475,39.94039963
北京动物园-企鹅乐园,风景名胜,公园广场,动物园,西直门外大街137号北京动物园,北京市,北京市,西城区,116.3261372,39.93912409
北京动物园-两栖爬行馆,风景名胜,公园广场,动物园,西直门外大街137号北京动物园,北京市,北京市,西城区,116.3268446,39.93877075
北京动物园-猩猩馆,风景名胜,公园广场,动物园,西直门外大街137号北京动物园,北京市,北京市,西城区,116.3269541,39.94052947
北京动物园-金丝猴馆,风景名胜,公园广场,动物园,西直门外大街137号北京动物园,北京市,北京市,西城区,116.327915,39.94033864
北京动物园-长颈鹿饲喂,风景名胜,风景名胜相关,旅游景点,西直门外大街137号北京动物园长颈鹿馆内,北京市,北京市,西城区,116.3279009,39.94098264
树华古人类馆,风景名胜,公园广场,公园,西直门外大街中国古动物馆内,北京市,北京市,西城区,116.3278407,39.93613795
古爬行动物展区,风景名胜,风景名胜相关,旅游景点,西直门外大街中国古动物馆内,北京市,北京市,西城区,116.3278407,39.93613795
蘭博湾艺术吧,风景名胜,风景名胜相关,旅游景点,三里河路7号新疆大厦5层,北京市,北京市,海淀区,116.3255954,39.93168343
北京动物园导览图,风景名胜,风景名胜相关,旅游景点,中关村南大街64号附近,北京市,北京市,海淀区,116.3243195,39.93800662
北京动物园-长臂猿馆,风景名胜,公园广场,动物园,西直门外大街137号北京动物园,北京市,北京市,西城区,116.3259794,39.94001935
北京动物园-小猴馆,风景名胜,公园广场,动物园,西直门外大街137号北京动物园,北京市,北京市,西城区,116.3271069,39.9398742
北京动物园长臂猿,风景名胜,公园广场,公园内部设施,西直门外大街137号北京动物园北京动物园-猿猴馆附近,北京市,北京市,西城区,116.3258587,39.94048257
北京动物园-猿猴馆,风景名胜,公园广场,动物园,西直门外大街137号北京动物园,北京市,北京市,西城区,116.3259445,39.9404754
北京动物园,风景名胜,公园广场,动物园,西直门外大街137号,北京市,北京市,西城区,116.3303932,39.9408019
西外文化休闲广场,风景名胜,公园广场,城市广场,展览馆路与西直门外南路交叉口北100米,北京市,北京市,西城区,116.3380965,39.93655272
朝阳庵锅炉房,风景名胜,风景名胜,风景名胜,车公庄大街二里沟西口北侧朝阳庵社区,北京市,北京市,西城区,116.330472,39.93308706
中俊宴华园,风景名胜,公园广场,动物园,展览馆路14号近车公庄大街、北京行政学院西、北京地方税务局东,北京市,北京市,西城区,116.3383156,39.93248549
地铁动物园站,风景名胜,公园广场,动物园,西直门外大街138号附近,北京市,北京市,西城区,116.3311361,39.93649867
京城水系皇帝船动物园套票,风景名胜,公园广场,动物园,西直门外大街135号,北京市,北京市,西城区,116.3378866,39.939159
京城水系慈禧水道,风景名胜,风景名胜相关,旅游景点,展览馆后湖(皇帝船)码头,北京市,北京市,西城区,116.3379954,39.9393148
月球陨石展区,风景名胜,风景名胜相关,旅游景点,西直门外大街138号附近,北京市,北京市,西城区,116.3312379,39.93604749
京城运河,风景名胜,风景名胜相关,旅游景点,西外大街135号,北京市,北京市,西城区,116.3390409,39.94084884
官园公园,风景名胜,公园广场,公园,后广平胡同36号旁,北京市,北京市,西城区,116.3547501,39.93424484
玉地鲜糯玉米浆,风景名胜,公园广场,动物园,西直门成铭大厦8层80C,北京市,北京市,西城区,116.3509687,39.93789156
三只小猪(北京青年宫),风景名胜,公园广场,动物园,西直门南小街68号,北京市,北京市,西城区,116.3535843,39.93421961
天主教北京教区西直门教堂,风景名胜,风景名胜,教堂,西直门内大街130号(近地铁四号线新街口站D出口),北京市,北京市,西城区,116.3597599,39.93879345
景山公园关帝庙,风景名胜,公园广场,公园,北帽胡同15,北京市,北京市,西城区,116.3647856,39.93506508
护国寺,风景名胜,风景名胜,寺庙道观,西城西四牌楼之北,北京市,北京市,西城区,116.3687702,39.93451049
北帽胡同关帝庙,风景名胜,风景名胜,寺庙道观,赵登禹路北帽胡同15号,北京市,北京市,西城区,116.3647387,39.93512013
正觉寺旧址,风景名胜,风景名胜相关,旅游景点,新街口正觉胡同甲9号,北京市,北京市,西城区,116.3684691,39.93863166
前公用胡同关帝庙,风景名胜,风景名胜,寺庙道观,前公用胡同50号,北京市,北京市,西城区,116.3626835,39.93681464
普庆寺,风景名胜,风景名胜,寺庙道观,新街口南大街163号,北京市,北京市,西城区,116.366067,39.93308862
正源清真寺,风景名胜,风景名胜,回教寺,赵登禹路冠英园西区40号,北京市,北京市,西城区,116.3598172,39.9356145
宜人园,风景名胜,风景名胜相关,旅游景点,大帽胡同与新街口南大街交叉口西北50米,北京市,北京市,西城区,116.3664383,39.93457512
西堂圣物,风景名胜,风景名胜相关,旅游景点,西直门内大街甲132号附近,北京市,北京市,西城区,116.3596381,39.93884061
魁公府,风景名胜,风景名胜相关,旅游景点,宝产胡同与赵登禹路交叉口东北50米,北京市,北京市,西城区,116.3624493,39.93362907
溥仪故居,风景名胜,风景名胜,风景名胜,东冠英胡同40号,北京市,北京市,西城区,116.3598631,39.93568143
西城区前公用胡同十五号四合院,风景名胜,风景名胜,风景名胜,前公用胡同15号,北京市,北京市,西城区,116.3654823,39.93711615
百花深处胡同,风景名胜,风景名胜相关,旅游景点,新街口南大街(近护国寺街),北京市,北京市,西城区,116.367987,39.93638528
后海公园,风景名胜,公园广场,公园,羊房胡同,北京市,北京市,西城区,116.3765767,39.9405908
护国寺金刚殿,风景名胜,风景名胜,寺庙道观,护国寺大街93号,北京市,北京市,西城区,116.3690398,39.9344912
梅兰芳纪念馆,风景名胜,风景名胜,纪念馆,护国寺大街9号,北京市,北京市,西城区,116.37317,39.93416104
涛贝勒府,风景名胜,风景名胜,风景名胜,柳荫街27号,北京市,北京市,西城区,116.3783057,39.93557565
蔡锷故居,风景名胜,风景名胜,风景名胜,棉花胡同66号,北京市,北京市,西城区,116.3701782,39.93639091
毗卢寺,风景名胜,风景名胜,寺庙道观,棉花胡同53号,北京市,北京市,西城区,116.3699644,39.93682812
柳荫阁,风景名胜,风景名胜,风景名胜,柳荫街甲7号,北京市,北京市,西城区,116.3779477,39.9384728
辅仁大学花园,风景名胜,风景名胜,风景名胜,定阜街1附近,北京市,北京市,西城区,116.3778782,39.93507099
保安寺,风景名胜,风景名胜,寺庙道观,地安门西大街133号,北京市,北京市,西城区,116.3769614,39.93208383
新古坊,风景名胜,风景名胜,风景名胜,大翔凤胡同27号,北京市,北京市,西城区,116.3787761,39.93738423
什刹海四合院,风景名胜,风景名胜相关,旅游景点,羊房胡同附近,北京市,北京市,西城区,116.3770932,39.94026739
孙思邈,风景名胜,风景名胜相关,旅游景点,四环胡同与罗儿胡同交叉口东50米,北京市,北京市,西城区,116.3702137,39.94007773
旌勇祠旧址,风景名胜,风景名胜,纪念馆,旌勇里3号,北京市,北京市,西城区,116.376332,39.93190334
栁荫双拥文化园,风景名胜,风景名胜相关,旅游景点,柳荫街与铜铁厂胡同交叉口西南50米,北京市,北京市,西城区,116.3783116,39.93644061
袁满囤烈士纪念碑,风景名胜,风景名胜,风景名胜,柳荫街甲27号,北京市,北京市,西城区,116.3784915,39.93637248
陈垣故居,风景名胜,风景名胜,纪念馆,兴华胡同13号,北京市,北京市,西城区,116.3787316,39.93366541
护国寺独院,风景名胜,风景名胜相关,旅游景点,东抢胡同与东枪厂胡同交叉口东南50米,北京市,北京市,西城区,116.3711175,39.93302208
什刹海-后海,风景名胜,风景名胜,风景名胜,甘露胡同附近,北京市,北京市,西城区,116.3798808,39.94054032
什刹海,风景名胜,风景名胜,国家级景点,前海西街,北京市,北京市,西城区,116.3790655,39.9404539
恭王府,风景名胜,风景名胜,国家级景点,前海西街17号,北京市,北京市,西城区,116.3800683,39.93580938
勑赐广化寺,风景名胜,风景名胜,寺庙道观,鼓楼西大街鸦儿胡同31号,北京市,北京市,西城区,116.3846477,39.93995252
什刹海-云起,风景名胜,风景名胜,风景名胜,什刹海内,北京市,北京市,西城区,116.3810089,39.94097655
银锭桥,风景名胜,风景名胜,风景名胜,前海后海交接处,北京市,北京市,西城区,116.3873727,39.93757242
楠书房,风景名胜,风景名胜,风景名胜,后海北沿15号,北京市,北京市,西城区,116.3830117,39.94007038
鉴园,风景名胜,风景名胜,风景名胜,恭王府北小翔凤胡同5号,北京市,北京市,西城区,116.3811362,39.93817658
传统四合院,风景名胜,风景名胜,风景名胜,南官房胡同39号,北京市,北京市,西城区,116.3841465,39.93569595
贤良祠,风景名胜,风景名胜,风景名胜,地安门西大街103号(东官房车站旁),北京市,北京市,西城区,116.3806193,39.93206416
龙头井微公园,风景名胜,公园广场,公园,龙头井街37号,北京市,北京市,西城区,116.3813557,39.93244268
广福观,风景名胜,风景名胜,寺庙道观,鼓楼烟袋斜街37号(近石碑胡同),北京市,北京市,西城区,116.3885533,39.93779999
恭王府-牡丹园,风景名胜,风景名胜,风景名胜,前海西街17号恭王府,北京市,北京市,西城区,116.3801741,39.93660628
祗园寺,风景名胜,风景名胜,风景名胜,西楼巷19号,北京市,北京市,西城区,116.3880592,39.93157741
勑赐广化寺-佛顶尊胜陀螺尼,风景名胜,风景名胜,寺庙道观,鸦儿胡同26附近,北京市,北京市,西城区,116.3841111,39.93967781
会贤堂,风景名胜,风景名胜相关,旅游景点,什刹海前海北沿13号,北京市,北京市,西城区,116.3844224,39.93523882
曲径通幽(前海西街),风景名胜,风景名胜,风景名胜,前海西街17号恭王府,北京市,北京市,西城区,116.3805888,39.93614502
龙王庙(前海西街),风景名胜,风景名胜,寺庙道观,什刹海前海西街17号恭王府内,北京市,北京市,西城区,116.3794487,39.9360558
恭王府-趣园,风景名胜,风景名胜,风景名胜,前海西街17号恭王府,北京市,北京市,西城区,116.3806639,39.93504901
恭王府-山神庙,风景名胜,风景名胜,寺庙道观,前海西街17号,北京市,北京市,西城区,116.3797295,39.9360896
湖心亭(前海西街),风景名胜,风景名胜,风景名胜,前海西街17号恭王府,北京市,北京市,西城区,116.3793168,39.93658587
恭王府-明道斋,风景名胜,风景名胜,风景名胜,前海西街17号恭王府,北京市,北京市,西城区,116.3801771,39.93634329
恭王府-天香庭院,风景名胜,风景名胜,风景名胜,什刹海前海西街17号恭王府,北京市,北京市,西城区,116.3795757,39.93544474
大藏龙华寺,风景名胜,风景名胜,寺庙道观,后海北沿23号,北京市,北京市,西城区,116.3818843,39.94098801
恭王府-乐善斋,风景名胜,风景名胜,风景名胜|餐饮服务,前海西街17号恭王府,北京市,北京市,西城区,116.3795448,39.93489278
恭王府-佛楼,风景名胜,风景名胜,风景名胜,前海西街17号恭王府,北京市,北京市,西城区,116.3799663,39.93594445
南官房胡同,地名地址信息,交通地名,道路名|风景名胜,什刹海附近,北京市,北京市,西城区,116.3845473,39.93575174
古刹天寿庵,风景名胜,风景名胜,寺庙道观,龙头井街42号,北京市,北京市,西城区,116.3819153,39.93263432
大戏楼(前海西街),风景名胜,风景名胜,风景名胜,前海西街17号恭王府,北京市,北京市,西城区,116.380221,39.93680324
恭王府-梧桐院,风景名胜,风景名胜,风景名胜,前海西街17号恭王府,北京市,北京市,西城区,116.3802709,39.93733618
恭王府-后罩楼,风景名胜,风景名胜,风景名胜,前海西街17号恭王府,北京市,北京市,西城区,116.3797145,39.93590562
恭王府-妙香亭,风景名胜,风景名胜,风景名胜,前海西街17号恭王府,北京市,北京市,西城区,116.3795147,39.93619475
京师觅王府,风景名胜,风景名胜,风景名胜,海前海西街17号恭王府内,北京市,北京市,西城区,116.3802141,39.93646226
恭王府-宝朴斋,风景名胜,风景名胜,风景名胜,什刹海前海西街17号恭王府内,北京市,北京市,西城区,116.3792278,39.93695792
什刹海-赏荷区,风景名胜,风景名胜,风景名胜,羊房胡同什刹海公园内,北京市,北京市,西城区,116.3847873,39.93491866
恭王府-尔尓斋,风景名胜,风景名胜,风景名胜,恭王府景区内,北京市,北京市,西城区,116.3794438,39.93548783
西洋门,风景名胜,风景名胜,风景名胜,恭王府景区内,北京市,北京市,西城区,116.3799463,39.93608145
退一步斋,风景名胜,风景名胜,风景名胜,恭王府景区内,北京市,北京市,西城区,116.3801181,39.93683831
恭王府-益智斋,风景名胜,风景名胜,风景名胜,恭王府景区内,北京市,北京市,西城区,116.3792769,39.93618892
恭王府-怡神所,风景名胜,风景名胜,风景名胜,什刹海前海西街17号(近定阜街)恭王府内,北京市,北京市,西城区,116.380196,39.93684725
恭王府-晴花屋,风景名胜,风景名胜,风景名胜,什刹海前海西街17号恭王府内,北京市,北京市,西城区,116.3809187,39.93499785
湖心岛(前海南沿),风景名胜,风景名胜,风景名胜,前海北沿15号,北京市,北京市,西城区,116.3867783,39.93472177
恭王府-银安殿西配殿,风景名胜,风景名胜,风景名胜,前海西街17号,北京市,北京市,西城区,116.3799425,39.93516549
雅园,风景名胜,风景名胜,风景名胜,前海西街17号,北京市,北京市,西城区,116.3796847,39.93489868
恭王府-多福轩东厢房,风景名胜,风景名胜,风景名胜,前海西街17号,北京市,北京市,西城区,116.3808647,39.93529687
尚善斋,风景名胜,风景名胜,风景名胜,前海西街17号,北京市,北京市,西城区,116.3798785,39.93493155
恭王府-多福轩西厢房,风景名胜,风景名胜,风景名胜,前海西街17号,北京市,北京市,西城区,116.38047,39.93525513
恭王府头宫门西耳房,风景名胜,风景名胜,风景名胜,前海西街17号,北京市,北京市,西城区,116.3800814,39.93483241
恭王府头宫门东耳房,风景名胜,风景名胜,风景名胜,前海西街17号,北京市,北京市,西城区,116.3803392,39.93485724
恭王府-银安殿东配殿,风景名胜,风景名胜,风景名胜,前海西街17号,北京市,北京市,西城区,116.3803341,39.93520623
恭王府-水法楼,风景名胜,风景名胜,风景名胜,前海西街17号,北京市,北京市,西城区,116.379197,39.93585699
恭王府-茗园,风景名胜,风景名胜,风景名胜,前海西街17号,北京市,北京市,西城区,116.3797117,39.93465567
南锣鼓巷,风景名胜,风景名胜,风景名胜,南锣鼓巷胡同,北京市,北京市,东城区,116.3969395,39.93587677
茅盾故居,风景名胜,风景名胜,纪念馆,后圆恩寺胡同13号,北京市,北京市,东城区,116.3984176,39.9372388
北平文化交流中心,风景名胜,风景名胜,风景名胜|科教文化服务,鼓楼东大街255号,北京市,北京市,东城区,116.3925761,39.93957092
北京基督教宽街堂,风景名胜,风景名胜,教堂,地安门东大街吉祥胡同10号,北京市,北京市,东城区,116.394738,39.93174498
僧王府(炒豆胡同),风景名胜,风景名胜,风景名胜,炒豆胡同77号,北京市,北京市,东城区,116.397642,39.93305991
婉容故居,风景名胜,风景名胜,纪念馆,鼓楼南帽儿胡同的35-37号旧宅院(近豆角胡同),北京市,北京市,东城区,116.3931076,39.93507201
敕建火德真君庙,风景名胜,风景名胜,寺庙道观,地安门外大街77号,北京市,北京市,西城区,116.3893203,39.93564083
黄瓦财神庙,风景名胜,风景名胜,寺庙道观,鼓楼东大街117号(北鼓锣巷南侧东口),北京市,北京市,东城区,116.3970131,39.93959762
万宁桥,风景名胜,风景名胜,风景名胜,东不压桥胡同与地安门外大街交叉口西北50米,北京市,北京市,西城区,116.3898402,39.9350547
钟鼓楼广场(钟楼湾胡同),风景名胜,公园广场,城市广场,安定门内赵府街73号,北京市,北京市,东城区,116.3895377,39.94015258
张之洞故居,风景名胜,风景名胜,风景名胜,地安门白米斜街11号院,北京市,北京市,西城区,116.3890067,39.93356101
为宝书局,风景名胜,风景名胜,风景名胜,地安门外大街156号,北京市,北京市,东城区,116.3901553,39.93372367
通惠河玉河遗址,风景名胜,风景名胜,风景名胜,东板桥街与地安门东大街交叉口西北100米,北京市,北京市,东城区,116.3936999,39.93237705
东城区沙井胡同15号四合院,风景名胜,风景名胜,风景名胜,沙井胡同15号,北京市,北京市,东城区,116.3953854,39.93643675
金锭桥,风景名胜,风景名胜,风景名胜,前海东沿中段,北京市,北京市,西城区,116.3890395,39.93489195
梓潼文昌庙,风景名胜,风景名胜,风景名胜,帽儿胡同21号,北京市,北京市,东城区,116.3940835,39.93522889
吉祥寺,风景名胜,风景名胜,风景名胜,地安门东大街113-115号,北京市,北京市,东城区,116.392491,39.93257621
宏德禅林,风景名胜,风景名胜,风景名胜,菊儿胡同41号,北京市,北京市,东城区,116.3981355,39.93795275
鼓楼,风景名胜,风景名胜,风景名胜,新街口,北京市,北京市,东城区,116.3896747,39.93935758
蓑衣胡同13号四合院,风景名胜,风景名胜,风景名胜,蓑衣胡同13号,北京市,北京市,东城区,116.3954667,39.93366586
方砖厂胡同67号四合院,风景名胜,风景名胜,风景名胜,方砖厂胡同67号,北京市,北京市,东城区,116.3925365,39.93682403
福祥胡同5号四合院,风景名胜,风景名胜,风景名胜,福祥胡同5号,北京市,北京市,东城区,116.3963129,39.93297287
值年旗衙门,风景名胜,风景名胜,风景名胜,雨儿胡同25-33号,北京市,北京市,东城区,116.3933997,39.9344
东城区黑芝麻胡同13号四合院,风景名胜,风景名胜,风景名胜,黑芝麻胡同13号,北京市,北京市,东城区,116.3951193,39.93718174
东城区前鼓楼苑胡同7、9号四合院,风景名胜,风景名胜,风景名胜,前鼓楼苑胡同7、9号,北京市,北京市,东城区,116.3960672,39.93781568
清宫历史名家瀚墨溥仪婉容图片展览,风景名胜,风景名胜,风景名胜,雨儿胡同25旁,北京市,北京市,东城区,116.3942176,39.93427792
龙吟阁,风景名胜,风景名胜,风景名胜,地安门外大街方砖厂胡同6号,北京市,北京市,东城区,116.3928015,39.936588
玉河公园南园,风景名胜,风景名胜相关,旅游景点,东吉祥胡同14号附近,北京市,北京市,东城区,116.394503,39.93120502
奎俊宅,风景名胜,风景名胜相关,旅游景点,沙井胡同15号附近,北京市,北京市,东城区,116.3952584,39.93639976
冯国璋故居,风景名胜,风景名胜,纪念馆,帽儿胡同13号,北京市,北京市,东城区,116.3950165,39.93500083
槐荫轩,风景名胜,风景名胜相关,旅游景点,南下洼子胡同4号院,北京市,北京市,东城区,116.3931495,39.93598197
林倦国寺,风景名胜,风景名胜,风景名胜,地安门外大街与帽儿胡同交叉口西北50米,北京市,北京市,西城区,116.3898062,39.9352717
慈慧寺,风景名胜,风景名胜,风景名胜,北月牙胡同11号,北京市,北京市,东城区,116.3908615,39.9310006
文煜宅,风景名胜,风景名胜,风景名胜,帽儿胡同11号,北京市,北京市,东城区,116.3952965,39.93502781
前鼓楼苑胡同13号四合院,风景名胜,风景名胜,风景名胜,前鼓楼苑胡同13号,北京市,北京市,东城区,116.3952802,39.9379057
地安门雁翅楼,风景名胜,风景名胜,风景名胜,地安门内大街15号中国书店,北京市,北京市,西城区,116.3898037,39.93160985
方砖厂胡同6号院,风景名胜,风景名胜,风景名胜,方砖厂胡同6号,北京市,北京市,东城区,116.3928804,39.93664898
顾孟余故居,风景名胜,风景名胜,风景名胜,黑芝麻胡同13号,北京市,北京市,东城区,116.3950353,39.93717774
清太医院,风景名胜,风景名胜,风景名胜,地安门东大街105-117号,北京市,北京市,东城区,116.3919611,39.93252531
王树常故居,风景名胜,风景名胜,纪念馆,福祥胡同11号,北京市,北京市,东城区,116.3953118,39.9329039
广陵门,风景名胜,风景名胜,风景名胜,方砖厂胡同6号,北京市,北京市,东城区,116.3928015,39.936588
马叙伦纪念馆,风景名胜,风景名胜,纪念馆,地安门外大街辛安里98号,北京市,北京市,东城区,116.3913455,39.93759723
段祺瑞执政府旧址,风景名胜,风景名胜,风景名胜,张自忠路3号(近东四北大街),北京市,北京市,东城区,116.4088513,39.93274938
孙中山行宫,风景名胜,风景名胜,风景名胜,张自忠路23号,北京市,北京市,东城区,116.4047746,39.93222049
四合院,风景名胜,风景名胜,风景名胜,交道口南大街136号,北京市,北京市,东城区,116.4031296,39.93355588
欧阳予倩故居,风景名胜,风景名胜,纪念馆,张自忠路甲5号,北京市,北京市,东城区,116.4076724,39.93261775
文丞相祠,科教文化服务,博物馆,博物馆|风景名胜,东城府学胡同63号,北京市,北京市,东城区,116.4039609,39.93448011
和敬公主府,风景名胜,风景名胜,风景名胜,张自忠路7号(原铁狮子胡同),北京市,北京市,东城区,116.407212,39.93348049
顺天府学,风景名胜,风景名胜,风景名胜,府学胡同65号,北京市,北京市,东城区,116.4036457,39.93498398
棂星门,风景名胜,风景名胜,风景名胜,府学胡同61号,北京市,北京市,东城区,116.4031795,39.93466985
皇城根遗址公园,风景名胜,公园广场,公园,北河沿大街与地安门东大街交叉口南,北京市,北京市,东城区,116.3997266,39.93158219
僧格林沁祠堂,风景名胜,风景名胜,寺庙道观,地安门东大街47号,北京市,北京市,东城区,116.401061,39.9322404
荣禄家祠,风景名胜,风景名胜,风景名胜,寿比胡同6号,北京市,北京市,东城区,116.4013473,39.93833222
圆恩寺,风景名胜,风景名胜,风景名胜,前圆恩寺胡同5号,北京市,北京市,东城区,116.4011925,39.93650626
蒋介石行辕,风景名胜,风景名胜,纪念馆,后圆恩寺胡同7号(近交道口南大街),北京市,北京市,东城区,116.3991498,39.93715688
东棉花胡同17-27号住宅,风景名胜,风景名胜,风景名胜,东棉花胡同27号,北京市,北京市,东城区,116.4003925,39.93441418
东城区府学胡同三十六号四合院,风景名胜,风景名胜,风景名胜,府学胡同36号,北京市,北京市,东城区,116.4041071,39.93392918
城隍庙,风景名胜,风景名胜,风景名胜,大兴胡同18号,北京市,北京市,东城区,116.4043429,39.93626017
荣禄府花园,风景名胜,风景名胜,纪念馆,菊儿胡同5号,北京市,北京市,东城区,116.4013493,39.93796223
明清皇城东墙北段,风景名胜,风景名胜,风景名胜,东皇城根北街与阳春胡同交叉口西50米,北京市,北京市,东城区,116.3999087,39.93145622
圆通寺,风景名胜,风景名胜,风景名胜,菊儿胡同33号,北京市,北京市,东城区,116.3991996,39.93828785
圆恩寺后街七号四合院,风景名胜,风景名胜,风景名胜,圆恩寺后街7号,北京市,北京市,东城区,116.3992098,39.93725989
后圆恩寺胡同,风景名胜,风景名胜相关,旅游景点,南锣鼓巷内,北京市,北京市,东城区,116.399995,39.93705501
曲达岚亭,风景名胜,风景名胜相关,旅游景点,中剪子巷与张自忠路交叉口西北50米,北京市,北京市,东城区,116.40543,39.93220375
承接古建四合院,风景名胜,风景名胜相关,旅游景点,秦老胡同18号附近,北京市,北京市,东城区,116.3994861,39.93559799
后圆恩寺12号,风景名胜,风景名胜相关,旅游景点,后圆恩寺胡同8号,北京市,北京市,东城区,116.4004811,39.93713309
顺天府大堂,风景名胜,风景名胜,风景名胜,东公街45号,北京市,北京市,东城区,116.4002636,39.9408949
镶黄旗官学,风景名胜,风景名胜,风景名胜,后圆恩寺胡同甲20号,北京市,北京市,东城区,116.3989167,39.93692987
萌物园,风景名胜,风景名胜相关,旅游景点,鼓楼东大街35号(近南锣鼓巷),北京市,北京市,东城区,116.400941,39.93958708
清末将军凤山宅,风景名胜,风景名胜,风景名胜,东棉花胡同15号(近中央戏剧学院),北京市,北京市,东城区,116.4008436,39.93442627
小经厂胡同,风景名胜,风景名胜相关,旅游景点,鼓楼东大街75号,北京市,北京市,东城区,116.3989643,39.94088671
肃宁伯府,风景名胜,风景名胜,风景名胜,交道口街道寿比胡同7号,北京市,北京市,东城区,116.4012092,39.93870117
多贝子府,风景名胜,风景名胜,风景名胜,秦老胡同18号,北京市,北京市,东城区,116.3995881,39.93558101
荣禄府西洋楼,风景名胜,风景名胜,风景名胜,菊儿胡同7号,北京市,北京市,东城区,116.400422,39.93791805
梁启超故居,风景名胜,风景名胜,纪念馆,北沟沿胡同23号,北京市,北京市,东城区,116.417657,39.9363229
田汉故居,风景名胜,风景名胜,纪念馆,东四北大街细管胡同12号,北京市,北京市,东城区,116.4092713,39.93574049
叶圣陶故居,风景名胜,风景名胜,风景名胜,东四八条71号,北京市,北京市,东城区,116.4148442,39.9310666
梁启超书斋,风景名胜,风景名胜,纪念馆,东四十四条北沟沿胡同52号欢喜饭团餐厅近,北京市,北京市,东城区,116.4178082,39.93631704
贝子奕谟府遗存,风景名胜,风景名胜,风景名胜,东四十条小区东四九条小学北门,北京市,北京市,东城区,116.4116208,39.93197213
古刹永宁禅林,风景名胜,风景名胜相关,旅游景点,板桥胡同3号附近,北京市,北京市,东城区,116.4121885,39.93833927
槐阴流芳,风景名胜,风景名胜相关,旅游景点,板桥胡同与西仓门胡同交叉口西50米,北京市,北京市,东城区,116.4121136,39.93713426
文殊院,风景名胜,风景名胜相关,旅游景点,北沟沿胡同与新太仓二巷交叉口东南50米,北京市,北京市,东城区,116.4178261,39.93726902
东药王庙遗存,风景名胜,风景名胜,风景名胜,东直门内大街5号,北京市,北京市,东城区,116.4227297,39.93985616
朝阳苑,风景名胜,风景名胜,风景名胜,海运仓胡同3号,北京市,北京市,东城区,116.421968,39.93642941
敕建福世普济药王庙,风景名胜,风景名胜,风景名胜,东直门内大街与东直门北中街交叉口北50米,北京市,北京市,东城区,116.4226286,39.93990004
朝阳苑(朝阳大学旧址),风景名胜,风景名胜相关,旅游景点,海运仓胡同3号,北京市,北京市,东城区,116.4218278,39.93648725
当铺李,风景名胜,风景名胜相关,旅游景点,门楼胡同3号、5号,北京市,北京市,东城区,116.4190811,39.93450337
东直门外清真寺,风景名胜,风景名胜,回教寺,东直门外察慈6号,北京市,北京市,东城区,116.433205,39.94073577
Mercedes me广场,风景名胜,公园广场,公园广场,三里屯SOHO,北京市,北京市,朝阳区,116.4489163,39.93189421
南天门,风景名胜,风景名胜,风景名胜,幸福二村二巷与幸福二村四巷交叉口东南100米,北京市,北京市,朝阳区,116.4428191,39.93674526
晟雅轩,风景名胜,风景名胜相关,旅游景点,东直门外大街东直门外大街20楼附近,北京市,北京市,朝阳区,116.4436379,39.93909781
阴阳,风景名胜,风景名胜相关,旅游景点,三里屯路与工人体育场北路交叉口北150米,北京市,北京市,朝阳区,116.4491327,39.93333463
夏园,风景名胜,风景名胜相关,旅游景点,工人体育场北路88号楼,北京市,北京市,朝阳区,116.4505318,39.93293375
朝阳公园西路,风景名胜,公园广场,公园,朝阳公园西路1号院附近,北京市,北京市,朝阳区,116.465046,39.93945119
朝阳公园西里南区8号,风景名胜,公园广场,公园,golf公寓5号302室,北京市,北京市,朝阳区,116.4654948,39.93720747
彩韵陶魂田士利捐赠彩陶展,风景名胜,风景名胜,风景名胜,馆中路与馆南路交叉口东100米,北京市,北京市,朝阳区,116.4618375,39.93754789
伊格纳齐·杨·帕德莱夫斯基,风景名胜,风景名胜,风景名胜,朝阳公园南路1号朝阳公园内,北京市,北京市,朝阳区,116.4689994,39.93403504
埃罗依·阿尔法罗,风景名胜,风景名胜,风景名胜,朝阳公园南路1号朝阳公园内,北京市,北京市,朝阳区,116.4687334,39.93422331
北京国际汽车环境保护园,风景名胜,风景名胜,风景名胜,朝阳公园南路1号朝阳公园内,北京市,北京市,朝阳区,116.4684915,39.93453764
何塞·德·圣马丁将军,风景名胜,风景名胜,风景名胜,朝阳公园南路1号朝阳公园内,北京市,北京市,朝阳区,116.4685257,39.93444373
费尔南多·德·麦哲伦,风景名胜,风景名胜,风景名胜,朝阳公园南路1号朝阳公园内,北京市,北京市,朝阳区,116.4690285,39.93368913
朝阳公园-圣雄甘地,风景名胜,风景名胜,风景名胜,朝阳公园南路1号朝阳公园内,北京市,北京市,朝阳区,116.4690094,39.93391707
西蒙·玻利瓦尔,风景名胜,风景名胜,风景名胜,朝阳公园南路1号朝阳公园内,北京市,北京市,朝阳区,116.4685588,39.93435183
何塞·胡利安·马蒂·佩雷斯,风景名胜,风景名胜,风景名胜,朝阳公园南路1号朝阳公园内,北京市,北京市,朝阳区,116.468624,39.93425401
朝阳公园西2门-售检处,风景名胜,风景名胜相关,旅游景点,朝阳公园西路10号附近,北京市,北京市,朝阳区,116.4689326,39.93843568
朝阳公园-世纪喷泉广场,风景名胜,公园广场,城市广场,农展南路1号朝阳公园内,北京市,北京市,朝阳区,116.4769717,39.93656929
朝阳公园-礼花广场,风景名胜,公园广场,城市广场,农展南路1号朝阳公园内,北京市,北京市,朝阳区,116.4764932,39.93494998
朝阳公园-下沉广场,风景名胜,公园广场,城市广场,农展南路1号朝阳公园内,北京市,北京市,朝阳区,116.4763959,39.93391774
朝阳公园-欢乐岛亲子动物乐园,风景名胜,公园广场,动物园,朝阳公园南路1号朝阳公园内,北京市,北京市,朝阳区,116.4732311,39.93657667
朝阳公园-樱花谷,风景名胜,风景名胜,风景名胜,农展南路1号朝阳公园内,北京市,北京市,朝阳区,116.4767245,39.93917947
朝阳公园-世纪水门,风景名胜,风景名胜相关,旅游景点,农展南路1号朝阳公园内,北京市,北京市,朝阳区,116.4769005,39.93634109
朝阳公园-首长植树林,风景名胜,风景名胜,风景名胜,朝阳公园南路1号朝阳公园内,北京市,北京市,朝阳区,116.4692511,39.93552867
朝阳公园-巴勃罗·聂鲁达,风景名胜,风景名胜,风景名胜,朝阳公园南路1号朝阳公园内,北京市,北京市,朝阳区,116.4692373,39.93335372
朝阳公园-朝阳国际友谊林,风景名胜,风景名胜,风景名胜,朝阳公园南路1号朝阳公园内,北京市,北京市,朝阳区,116.4690617,39.93330824
朝阳公园-赫里斯托·波特夫,风景名胜,风景名胜,风景名胜,朝阳公园南路1号朝阳公园内,北京市,北京市,朝阳区,116.4692001,39.93406759
朝阳公园-尼扎米·甘贾维,风景名胜,风景名胜,风景名胜,朝阳公园南路1号朝阳公园内,北京市,北京市,朝阳区,116.4692082,39.93364263
朝阳公园-阿拜·库南巴耶夫,风景名胜,风景名胜,风景名胜,朝阳公园南路1号朝阳公园内,北京市,北京市,朝阳区,116.469184,39.93388255
朝阳公园-纪念林,风景名胜,风景名胜,风景名胜,朝阳公园南路1号朝阳公园内,北京市,北京市,朝阳区,116.477672,39.93916919
朝阳公园-枪林弹雨,风景名胜,风景名胜相关,旅游景点,朝阳公园南路1号朝阳公园内,北京市,北京市,朝阳区,116.4751864,39.93523624
朝阳公园-交通城,风景名胜,风景名胜相关,旅游景点,朝阳公园南路1号朝阳公园内,北京市,北京市,朝阳区,116.4767617,39.93824262
朝阳公园-消防文化广场,风景名胜,公园广场,城市广场,朝阳公园南路1号朝阳公园内,北京市,北京市,朝阳区,116.4770864,39.93464469
朝阳公园-小白象戏水,风景名胜,公园广场,公园内部设施,农展南路1号朝阳公园内,北京市,北京市,朝阳区,116.4747214,39.93705585
朝阳公园-狮爱棋趣园,风景名胜,风景名胜相关,旅游景点,朝阳公园南路1号朝阳公园内,北京市,北京市,朝阳区,116.4788622,39.94074956
朝阳公园-疯狂吉普,风景名胜,风景名胜相关,旅游景点,朝阳公园南路1号朝阳公园内,北京市,北京市,朝阳区,116.4757831,39.93838182
朝阳公园-水上游览区,风景名胜,风景名胜,风景名胜,朝阳公园南路1号,北京市,北京市,朝阳区,116.4749487,39.93358164
朝阳公园-沙岛,风景名胜,风景名胜相关,旅游景点,农展南路1号朝阳公园内,北京市,北京市,朝阳区,116.4775124,39.93872675
朝阳公园-空中飞舞,风景名胜,风景名胜相关,旅游景点,农展南路1号朝阳公园内,北京市,北京市,朝阳区,116.4747493,39.93857287
朝阳公园-太空漫步,风景名胜,风景名胜相关,旅游景点,麦子店街道朝阳公园,北京市,北京市,朝阳区,116.4765559,39.93862001
朝阳公园-售币亭,风景名胜,风景名胜相关,旅游景点,朝阳公园南路1号朝阳公园内,北京市,北京市,朝阳区,116.4761196,39.93684884
七彩乐园-水上霹雳战船,风景名胜,风景名胜相关,旅游景点,农展南路1号朝阳公园内,北京市,北京市,朝阳区,116.4773649,39.93849134
朝阳公园-公园管理部,风景名胜,风景名胜相关,旅游景点,朝阳公园南路与枣营路交叉口东北150米,北京市,北京市,朝阳区,116.4770012,39.9332085
朝阳公园-新型遥控海战船,风景名胜,风景名胜相关,旅游景点,农展南路1号朝阳公园内,北京市,北京市,朝阳区,116.4758219,39.93334813
朝阳公园-超级变变变,风景名胜,风景名胜,风景名胜,朝阳公园南路1号朝阳公园内,北京市,北京市,朝阳区,116.4745054,39.93876417
恐龙王国历险城,体育休闲服务,休闲场所,游乐场|风景名胜,朝阳公园内,北京市,北京市,朝阳区,116.4770729,39.93817051
朝阳公园-下船签票处,风景名胜,风景名胜相关,旅游景点,农展南路1号朝阳公园内,北京市,北京市,朝阳区,116.4747289,39.93334302
朝阳公园-将军林,风景名胜,风景名胜,风景名胜,东四环北路辅路附近,北京市,北京市,朝阳区,116.4827288,39.93910389
朝阳公园-脚踏船,风景名胜,公园广场,公园,朝阳公园内2号游船码头,北京市,北京市,朝阳区,116.4814069,39.93844505
朝阳公园-郡王府步行街公园,风景名胜,公园广场,公园,朝阳公园南路21号,北京市,北京市,朝阳区,116.4801137,39.93387846
朝阳公园-郡王府广场,风景名胜,公园广场,公园广场,朝阳公园南路朝阳公园桥向西50米19号,北京市,北京市,朝阳区,116.4802573,39.9333329
朝阳公园-东7门检票处,风景名胜,风景名胜相关,旅游景点,朝阳公园南路1号朝阳公园内,北京市,北京市,朝阳区,116.4822139,39.9386674
朝阳公园-郡王府牌坊,风景名胜,风景名胜相关,旅游景点,朝阳公园南路19号郡王府内,北京市,北京市,朝阳区,116.4803306,39.93272214
朝阳公园-蒙古大营,风景名胜,风景名胜相关,旅游景点,朝阳公园东,北京市,北京市,朝阳区,116.4813001,39.93400791
豆各庄文化广场,风景名胜,公园广场,城市广场,华章路与姚家园路交叉口南100米,北京市,北京市,朝阳区,116.489205,39.93222831
文化广场,风景名胜,风景名胜相关,旅游景点,石佛营里东路北150米,北京市,北京市,朝阳区,116.4926512,39.93135461
北京市朝阳区体育健身休闲公园,风景名胜,公园广场,公园,姚家园路与朝体中心东侧路交叉口西北150米,北京市,北京市,朝阳区,116.5250359,39.94103183
以马内利,风景名胜,风景名胜相关,旅游景点,S50(东五环路),北京市,北京市,朝阳区,116.5346311,39.9347448
平房天主堂,风景名胜,风景名胜,教堂,平房街正街87号,北京市,北京市,朝阳区,116.5351863,39.93849395
京城梨园,风景名胜,公园广场,公园,平房乡姚家园路与东五环路交汇处东南角,北京市,北京市,朝阳区,116.5449448,39.93267126
谋合殿,风景名胜,风景名胜相关,旅游景点,平房村安湃文创园北苑1号GRF/谋合,北京市,北京市,朝阳区,116.5397672,39.93657332
石各庄公园,风景名胜,公园广场,公园,黄杉木店东街193号,北京市,北京市,朝阳区,116.5557137,39.93449245
朝阳区平房乡郊野公园管理处,风景名胜,风景名胜,风景名胜,姚家园路与石各村路交叉口东北150米,北京市,北京市,朝阳区,116.5601647,39.94084681
常营公园,风景名胜,公园广场,公园,常营幺家店路(近常营派出所),北京市,北京市,朝阳区,116.5765222,39.93448905
商务富锦公园,风景名胜,公园广场,公园,温榆河左堤路(朝北8080附近),北京市,北京市,通州区,116.640265,39.93426492
温榆河滨河森林公园北区,风景名胜,公园广场,公园,滨榆东路,北京市,北京市,通州区,116.6407593,39.93821293
崇安沟观光园,风景名胜,风景名胜,风景名胜,109国道北50米,北京市,北京市,门头沟区,115.5502729,39.92420293
大寒岭关城,风景名胜,风景名胜相关,旅游景点,018县道,北京市,北京市,门头沟区,115.8037979,39.9265649
马蹄窝,风景名胜,风景名胜相关,旅游景点,,北京市,北京市,门头沟区,115.9990811,39.92523433
窑神庙公园,风景名胜,公园广场,公园,滑石道,北京市,北京市,门头沟区,116.0534396,39.92857429
门头沟之源,风景名胜,风景名胜,风景名胜,滑石道与门头沟路交叉口西50米,北京市,北京市,门头沟区,116.0540716,39.92824323
东辛房公园,风景名胜,公园广场,公园,东辛房大街南侧,北京市,北京市,门头沟区,116.0593007,39.9266761
中门寺生态园,风景名胜,风景名胜,风景名胜,近郊门头沟区中门寺街71号,北京市,北京市,门头沟区,116.0760829,39.92646278
中门寺观景台,风景名胜,风景名胜,寺庙道观,中门寺,北京市,北京市,门头沟区,116.0778942,39.92663055
葡山公园,风景名胜,公园广场,公园,葡东小区对面,北京市,北京市,门头沟区,116.1074808,39.92397212
天主教堂,风景名胜,风景名胜,教堂,019县道附近,北京市,北京市,门头沟区,116.1180601,39.92212801
中天公园,风景名胜,公园广场,公园,承泽苑路11号,北京市,北京市,门头沟区,116.1117247,39.93071789
滨河中心公园,风景名胜,公园广场,公园,体北路与019县道交叉口西南200米,北京市,北京市,门头沟区,116.1162742,39.92131827
北京之巅绿海家园,风景名胜,风景名胜,风景名胜,永定河西大堤附近,北京市,北京市,门头沟区,116.1180733,39.92881375
立思辰公园,风景名胜,公园广场,公园,法院对面,北京市,北京市,门头沟区,116.1089503,39.92672698
石景山清真寺,风景名胜,风景名胜,回教寺,模式口大街153号,北京市,北京市,石景山区,116.1566596,39.92939721
休闲健身广场,风景名胜,公园广场,城市广场,杨庄北区中街与阜石路交叉口西150米,北京市,北京市,石景山区,116.1848095,39.92275711
张家界茅岩莓,风景名胜,风景名胜相关,旅游景点,时代花园西街附近,北京市,北京市,石景山区,116.1959985,39.92241342
岳岩取水处,风景名胜,风景名胜相关,旅游景点,八角东街15号附近,北京市,北京市,石景山区,116.1991458,39.92194213
灵秀园,科教文化服务,学校,高等院校|风景名胜,八角东街与晋元庄路交叉口北150米,北京市,北京市,石景山区,116.2007637,39.92750723
放生,风景名胜,风景名胜相关,旅游景点,阜石路69号,北京市,北京市,海淀区,116.2252723,39.92541841
海淀区民主法治村,风景名胜,公园广场,城市广场,田村后街114号附近,北京市,北京市,海淀区,116.2396059,39.93033907
乐府江南南广场,风景名胜,公园广场,公园广场,双槐树路附近,北京市,北京市,海淀区,116.2561798,39.92598341
西木休闲公园,风景名胜,风景名胜相关,旅游景点,西四环北路137号院甲3号附近,北京市,北京市,海淀区,116.2645907,39.9302869
定慧寺,风景名胜,风景名胜,寺庙道观,,北京市,北京市,海淀区,116.2726432,39.9226928
定慧寺桥-积水点,风景名胜,风景名胜相关,旅游景点,西四环北路与阜成路交叉口东北50米,北京市,北京市,海淀区,116.2694754,39.92334995
玲珑园,风景名胜,公园广场,公园,阜成路,北京市,北京市,海淀区,116.2796363,39.92499158
休闲园,风景名胜,公园广场,公园广场,玉泉路花鸟市场路南,北京市,北京市,海淀区,116.2819914,39.92866836
金辉国旅文化广场,风景名胜,公园广场,城市广场,恩济东街与阜成路交叉口东北150米,北京市,北京市,海淀区,116.2830046,39.92343621
慧馨园,风景名胜,公园广场,公园,阜成路97号,北京市,北京市,海淀区,116.2841408,39.92342665
玲珑公园,风景名胜,公园广场,公园,八里庄北里3号,北京市,北京市,海淀区,116.289169,39.92789114
玲珑公园-慈寿寺塔,风景名胜,风景名胜,风景名胜,八里庄北里3号,北京市,北京市,海淀区,116.289234,39.92683109
马神庙110号,风景名胜,风景名胜相关,旅游景点,岭南路南150米,北京市,北京市,海淀区,116.3004989,39.92550967
中国婚育风俗文化墙,风景名胜,风景名胜,风景名胜,岭南路24号,北京市,北京市,海淀区,116.2991215,39.927046
马神庙15号,风景名胜,风景名胜相关,旅游景点,航天桥阜成路马神庙1号院,北京市,北京市,海淀区,116.3011097,39.92490663
啸风林,风景名胜,风景名胜,风景名胜,增光路45号中国劳动关系学院体育馆附近,北京市,北京市,海淀区,116.3110489,39.92848637
枣园,风景名胜,风景名胜,风景名胜,增光路与阜成路北三街交叉口东北150米,北京市,北京市,海淀区,116.3111658,39.92764118
静心园,风景名胜,风景名胜,风景名胜,增光路45号附近,北京市,北京市,海淀区,116.3118971,39.92835378
甘泉,风景名胜,公园广场,公园,阜成路甘家口小区1号楼东侧,北京市,北京市,海淀区,116.3237985,39.92401119
增光路休闲广场,风景名胜,公园广场,公园广场,增光路10号,北京市,北京市,海淀区,116.3261867,39.9266405
雅乐堂,风景名胜,风景名胜相关,旅游景点,首都体育馆南路42号附近,北京市,北京市,海淀区,116.3200894,39.92897712
海寪门,风景名胜,风景名胜相关,旅游景点,三里河路21号附近,北京市,北京市,海淀区,116.3269361,39.9255961
爱旅行,风景名胜,风景名胜相关,旅游景点,阜成门外大街万通新世界写字楼A座1703室,北京市,北京市,西城区,116.3482302,39.92137268
天下通衢,风景名胜,风景名胜相关,旅游景点,车公庄大街甲4号物华大厦13层,北京市,北京市,西城区,116.3468119,39.93040067
妙应寺白塔,风景名胜,风景名胜,寺庙道观,阜成门内大街171号,北京市,北京市,西城区,116.3571513,39.92349874
鲁迅故居,风景名胜,风景名胜,纪念馆,阜成门内宫门口二条19号,北京市,北京市,西城区,116.3525275,39.92443664
精品公园,风景名胜,公园广场,公园,宫门口四条56号,北京市,北京市,西城区,116.3504753,39.92517186
玉皇阁,风景名胜,风景名胜,风景名胜,育强胡同22号,北京市,北京市,西城区,116.3563189,39.93000468
鲁迅旧居(宫门口二条),风景名胜,风景名胜,纪念馆,阜成门内宫门口二条19号,北京市,北京市,西城区,116.3524726,39.92440173
白塔寺再生计划正式中心,风景名胜,风景名胜,风景名胜,阜成门内大街甲199号,北京市,北京市,西城区,116.3564586,39.92262478
顺城公园,风景名胜,公园广场,公园,西二环东侧(复兴门立交桥至管园路口),北京市,北京市,西城区,116.3510821,39.92532288
三清观,风景名胜,风景名胜,寺庙道观,青塔胡同65号,北京市,北京市,西城区,116.3515234,39.92444722
玉皇阁旧址,风景名胜,风景名胜相关,旅游景点,育强胡同22号,北京市,北京市,西城区,116.356253,39.92996278
绥庐,风景名胜,风景名胜相关,旅游景点,宫门口五条与福绥境交叉口西北50米,北京市,北京市,西城区,116.354316,39.92578984
来力赐妙应禅林,风景名胜,风景名胜相关,旅游景点,白塔寺东夹道与阜成门内大街交叉口西50米,北京市,北京市,西城区,116.3572432,39.92257164
福绥境大楼,风景名胜,风景名胜相关,旅游景点,宫门口三条1号,北京市,北京市,西城区,116.3551626,39.9248556
亥四合院,风景名胜,风景名胜,纪念馆,新街口街道西四北三条19号,北京市,北京市,西城区,116.3640158,39.92655237
广济寺,风景名胜,风景名胜,寺庙道观,阜成门内大街25号,北京市,北京市,西城区,116.3660902,39.92345898
历代帝王庙,风景名胜,风景名胜,寺庙道观,阜成门内大街131号,北京市,北京市,西城区,116.3612115,39.92340011
程砚秋故居,风景名胜,风景名胜,纪念馆,西四北三条39号,北京市,北京市,西城区,116.3615756,39.9264595
庆宁寺,风景名胜,风景名胜,风景名胜,西四北八条53号,北京市,北京市,西城区,116.3628881,39.93006465
西城区西四北三条十九号四合院,风景名胜,风景名胜,风景名胜,西四北三条19号,北京市,北京市,西城区,116.3639669,39.92645844
西城区西四北三条十一号四合院,风景名胜,风景名胜,风景名胜,西四北三条11号,北京市,北京市,西城区,116.3646649,39.92642958
西城区西四北大街六条二十三号四合院,风景名胜,风景名胜,风景名胜,西四北六条10号附近,北京市,北京市,西城区,116.3639986,39.92862831
圣祚隆长寺,风景名胜,风景名胜相关,旅游景点,西四北三条3号(近大红罗厂),北京市,北京市,西城区,116.3663465,39.92650756
中国地质博物馆-地质科普广场,风景名胜,公园广场,城市广场,金融街,北京市,北京市,西城区,116.3665387,39.9224305
西四街楼,风景名胜,风景名胜,风景名胜,阜成门内大街1号,北京市,北京市,西城区,116.367013,39.92273494
京泰馨,风景名胜,风景名胜相关,旅游景点,平安里3号3号楼一层,北京市,北京市,西城区,116.3670042,39.92965367
岩矿化石标本子平台,风景名胜,风景名胜相关,旅游景点,羊肉胡同15号附近,北京市,北京市,西城区,116.366378,39.92196971
西四保护区四合院,风景名胜,风景名胜相关,旅游景点,羊肉胡同与西四南大街交叉口东100米,北京市,北京市,西城区,116.3679329,39.92156194
吕祖庙,风景名胜,风景名胜,风景名胜,西四北三条与赵登禹路交叉口西北50米,北京市,北京市,西城区,116.3605272,39.9265099
西城区阜成门内大街93号四合院,风景名胜,风景名胜,风景名胜,阜成门内大街93号,北京市,北京市,西城区,116.3634881,39.92269119
宝禅寺,风景名胜,风景名胜,风景名胜,西四北八条37号,北京市,北京市,西城区,116.3637897,39.92979152
西城区富国街3号四合院,风景名胜,风景名胜相关,旅游景点,富国街与赵登禹路交叉口西50米,北京市,北京市,西城区,116.3612017,39.92998986
死飞公园-西城区分店,风景名胜,风景名胜相关,旅游景点,西四北大街130号(近北京三中),北京市,北京市,西城区,116.3672512,39.9268745
西什库天主教堂(装修中),风景名胜,风景名胜,教堂,西什库大街33号,北京市,北京市,西城区,116.372516,39.92366209
北海公园-小西天,风景名胜,风景名胜,风景名胜,文津街1号北海公园内,北京市,北京市,西城区,116.3786803,39.92866665
北京佛教居士林,风景名胜,风景名胜,风景名胜,西安门大街129号(西4丁字路口),北京市,北京市,西城区,116.3701132,39.92132059
明、清皇城西门西安门旧址,风景名胜,风景名胜,风景名胜,西安门大街与西黄城根北街交叉口东南50米,北京市,北京市,西城区,116.3712598,39.92102643
北海公园-妙相亭,风景名胜,风景名胜,风景名胜,文津街1号北海公园,北京市,北京市,西城区,116.3782495,39.92991392
北平图书馆旧址-弘文堂,风景名胜,风景名胜,风景名胜,文津街7,北京市,北京市,西城区,116.3785901,39.92272096
北平图书馆旧址-弘文楼,风景名胜,风景名胜,风景名胜,文津街7号院国图出版社,北京市,北京市,西城区,116.3785003,39.92238104
北平图书馆旧址-学思楼,风景名胜,风景名胜,风景名胜,文津街7号国家图书馆古籍馆,北京市,北京市,西城区,116.3783704,39.92202715
若瑟会修女院遗址,风景名胜,风景名胜,风景名胜,西什库大街甲78号,北京市,北京市,西城区,116.3727959,39.92207988
西安门,风景名胜,风景名胜相关,旅游景点,西安门大街101号,北京市,北京市,西城区,116.3705586,39.92163512
水准原点,风景名胜,风景名胜相关,旅游景点,西安门大街1号,北京市,北京市,西城区,116.3763893,39.92166372
万佛楼石碑,风景名胜,风景名胜,风景名胜,文津街1号北海公园,北京市,北京市,西城区,116.3786744,39.92792968
北海公园,风景名胜,公园广场,公园,文津街1号,北京市,北京市,西城区,116.3825247,39.92686719
北海公园-白塔,风景名胜,风景名胜,风景名胜,文津街1号北海公园,北京市,北京市,西城区,116.3830696,39.92441398
北海公园-团城,风景名胜,风景名胜,风景名胜,文津街1号(故宫北)北海公园,北京市,北京市,西城区,116.3828901,39.9215612
北海公园-先蚕坛,风景名胜,风景名胜,风景名胜,文津街1号北海公园内,北京市,北京市,西城区,116.3856294,39.93037644
北海公园-阅古楼,风景名胜,风景名胜,风景名胜,文津街1号北海公园,北京市,北京市,西城区,116.3819793,39.9248086
恭俭冰窖,风景名胜,风景名胜,风景名胜,恭俭胡同五巷5号,北京市,北京市,西城区,116.3872629,39.92886381
北海公园游船,风景名胜,公园广场,公园,文津街1号北海公园东门,北京市,北京市,西城区,116.3847425,39.92534707
北海公园-永安寺,风景名胜,风景名胜,寺庙道观,文津街1号北海公园,北京市,北京市,西城区,116.3831508,39.922949
北海公园-天王殿,风景名胜,风景名胜,风景名胜,文津街1号北海公园,北京市,北京市,西城区,116.3820745,39.93053231
北海公园-悦心殿,风景名胜,风景名胜,风景名胜,文津街1号北海公园,北京市,北京市,西城区,116.3822872,39.92389446
北海公园-西天梵境,风景名胜,风景名胜,风景名胜,文津街1号北海公园,北京市,北京市,西城区,116.3820575,39.93025633
大高玄殿,风景名胜,风景名胜,风景名胜,三座门大街23号(故宫北),北京市,北京市,西城区,116.3869907,39.92300216
北海公园-琼华岛景区,风景名胜,风景名胜,风景名胜,文津街1号北海公园,北京市,北京市,西城区,116.3830646,39.92441399
北海公园-琼华岛,风景名胜,风景名胜相关,旅游景点,文津街1号北海公园内,北京市,北京市,西城区,116.3828568,39.92410812
北海公园-琼华古洞,风景名胜,风景名胜,风景名胜,文津街1号北海公园,北京市,北京市,西城区,116.3834853,39.92478374
北海公园-铁影壁,风景名胜,风景名胜,风景名胜,文津街1号北海公园内,北京市,北京市,西城区,116.3803939,39.92888044
北平图书馆旧址,风景名胜,风景名胜,纪念馆,文津街7号,北京市,北京市,西城区,116.3790349,39.92207266
北海公园-依云亭,风景名胜,风景名胜,风景名胜,文津街1号北海公园永安寺内,北京市,北京市,西城区,116.3832746,39.9237359
北海公园-写妙石室,风景名胜,风景名胜,风景名胜,文津街1号北海公园内,北京市,北京市,西城区,116.3828857,39.92470208
北海公园-余清斋,风景名胜,风景名胜,风景名胜,文津街1号北海公园团城内,北京市,北京市,西城区,116.3825683,39.92172538
北海公园-昆仑,风景名胜,风景名胜,风景名胜,文津街1号北海公园内,北京市,北京市,西城区,116.3831127,39.92355799
北海公园-陟山桥,风景名胜,风景名胜,风景名胜,陟山门街25号附近,北京市,北京市,西城区,116.3843898,39.92452828
北海公园-玉瓮,风景名胜,风景名胜,风景名胜,文津街1号北海公园,北京市,北京市,西城区,116.3828591,39.92133823
北海公园-东岸码头,风景名胜,风景名胜,风景名胜,文津街1号北海公园,北京市,北京市,西城区,116.3851922,39.92598882
北海公园-船渡,风景名胜,风景名胜,风景名胜,文津街1号北海公园南门附近,北京市,北京市,西城区,116.3840004,39.92186259
北海公园-碧照楼,风景名胜,风景名胜,风景名胜,文津街1号北海公园内,北京市,北京市,西城区,116.3829196,39.92531703
北海公园真谛门,风景名胜,风景名胜,风景名胜,教场胡同附近,北京市,北京市,西城区,116.3813639,39.93082974
北海公园-钟楼,风景名胜,风景名胜,风景名胜,文津街1号北海公园西天梵境内,北京市,北京市,西城区,116.3824692,39.93037608
北海公园-达意,风景名胜,风景名胜,风景名胜,文津街1号北海公园内,北京市,北京市,西城区,116.3828579,39.92347414
北海公园-龙光,风景名胜,风景名胜,风景名胜,文津街1号北海公园内,北京市,北京市,西城区,116.3831577,39.92341998
北海公园-雍正修塔碑,风景名胜,风景名胜,风景名胜,陟山门街附近,北京市,北京市,西城区,116.3833406,39.92360487
景山公园,风景名胜,公园广场,公园,景山西街44号,北京市,北京市,西城区,116.3905304,39.92444295
嵩祝寺及智珠寺,风景名胜,风景名胜,寺庙道观,嵩祝院23,北京市,北京市,东城区,116.3978318,39.92692717
京师大学堂建筑遗存,风景名胜,风景名胜,风景名胜,景山街道沙滩后街59号,北京市,北京市,东城区,116.3954979,39.92447623
故宫博物院-神武门广场,风景名胜,公园广场,城市广场,景山前街4号,北京市,北京市,东城区,116.3907208,39.92118404
宣仁庙,风景名胜,风景名胜,寺庙道观,北池子大街2-4号(近凝和庙),北京市,北京市,东城区,116.3967304,39.92146735
原和嘉公主府大殿,风景名胜,风景名胜,风景名胜,沙滩后街,北京市,北京市,东城区,116.3948008,39.92501425
米粮库胡同,风景名胜,风景名胜相关,旅游景点,米粮库胡同4号附近,北京市,北京市,西城区,116.3893301,39.92929408
北京大学地质馆旧址,风景名胜,风景名胜,纪念馆,沙滩北街15号大学,北京市,北京市,东城区,116.397124,39.92478922
三眼井胡同93号四合院,风景名胜,风景名胜,风景名胜,三眼井胡同93号,北京市,北京市,东城区,116.3939666,39.92659325
故宫博物院-角楼,风景名胜,风景名胜,风景名胜,景山前街4号故宫博物院内,北京市,北京市,东城区,116.3948793,39.9210984
武侯祠邓小平广场,风景名胜,风景名胜相关,旅游景点,中华路甲10号,北京市,北京市,东城区,116.3958388,39.92568018
黄果广场,风景名胜,风景名胜相关,旅游景点,中华路甲10号,北京市,北京市,东城区,116.3958388,39.92568018
河北石家庄井陉县圣禅寺,风景名胜,风景名胜相关,旅游景点,中华路甲10号,北京市,北京市,东城区,116.3958388,39.92568018
毛泽东故居,风景名胜,风景名胜,纪念馆,景山吉安所左巷8号,北京市,北京市,东城区,116.3943955,39.92785916
三眼井胡同93号四合院石刻,风景名胜,风景名胜,风景名胜,三眼井胡同93号,北京市,北京市,东城区,116.3938836,39.92666526
嵩祝寺-西巷4-6号四合院,风景名胜,风景名胜相关,旅游景点,嵩祝院西巷6,北京市,北京市,东城区,116.3969437,39.92670414
原北京大学数学系楼,风景名胜,风景名胜,风景名胜,沙滩后街55号,北京市,北京市,东城区,116.3953369,39.92458424
吉安所,风景名胜,风景名胜相关,旅游景点,景山东街吉安所右巷10号,北京市,北京市,东城区,116.3938145,39.92743024
北京新文化运动纪念馆,风景名胜,风景名胜,纪念馆,五四大街29号,北京市,北京市,东城区,116.3990405,39.92325143
翠园,风景名胜,风景名胜,风景名胜,翠花胡同(华侨大厦西门对面),北京市,北京市,东城区,116.4019436,39.92175603
原中法大学,风景名胜,风景名胜,风景名胜,东皇城根北街甲20号,北京市,北京市,东城区,116.4007606,39.92655757
大学士耆英宅,风景名胜,风景名胜,风景名胜,东四钱粮胡同21号,北京市,北京市,东城区,116.4070087,39.92650567
东城区魏家胡同18号宅院,风景名胜,风景名胜相关,旅游景点,南吉祥胡同与魏家胡同交叉口东100米,北京市,北京市,东城区,116.4083863,39.93001623
北京市东城区文物保护单位,风景名胜,风景名胜,风景名胜,南吉祥胡同与魏家胡同交叉口东100米,北京市,北京市,东城区,116.4084133,39.93001625
贝子宏旿府,风景名胜,风景名胜,风景名胜,大取灯胡同9号,北京市,北京市,东城区,116.4012745,39.92892758
承恩公志钧宅,风景名胜,风景名胜,风景名胜,大佛寺东街2-6号,北京市,北京市,东城区,116.4032833,39.92876412
颐和,风景名胜,风景名胜,风景名胜,东四五条55号,北京市,北京市,东城区,116.4163255,39.92686105
孚王府,风景名胜,风景名胜,国家级景点,朝阳门内大街路北137号,北京市,北京市,东城区,116.4187569,39.92424546
东四清真寺,风景名胜,风景名胜,回教寺,东四南大街13号,北京市,北京市,东城区,116.4107883,39.92194898
崇礼住宅,风景名胜,风景名胜,纪念馆,东四六条63-65号,北京市,北京市,东城区,116.4132458,39.92898942
侯宝林故居,风景名胜,风景名胜,纪念馆,东4头条19号,北京市,北京市,东城区,116.412792,39.92373929
孟小冬故居,风景名胜,风景名胜,风景名胜,轿子胡同8号,北京市,北京市,东城区,116.40987,39.92623923
车郡王府建筑遗存,风景名胜,风景名胜,风景名胜,东四三条35号,北京市,北京市,东城区,116.4163647,39.92558514
东兴古建,风景名胜,风景名胜,风景名胜,东四六条18号,北京市,北京市,东城区,116.4171012,39.92857969
轿黄府,风景名胜,风景名胜,风景名胜,钱粮胡同,北京市,北京市,东城区,116.4097469,39.92617516
怡亲王府,风景名胜,风景名胜,风景名胜,朝内大街137号,北京市,北京市,东城区,116.4187399,39.92414645
宝泉局东作厂旧址,风景名胜,风景名胜相关,旅游景点,东四四条83号,北京市,北京市,东城区,116.4128438,39.92601124
玉牒流芳——中華傳統文化傳承,风景名胜,风景名胜相关,旅游景点,隆福寺街47号(东宫影剧院),北京市,北京市,东城区,116.4092597,39.92402896
东四奥林匹克社区公园,风景名胜,公园广场,公园,东四,北京市,北京市,东城区,116.4273452,39.92683556
南豆芽清真寺,风景名胜,风景名胜,回教寺,豆瓣胡同4号,北京市,北京市,东城区,116.4263214,39.92657419
恒亲王府,风景名胜,风景名胜,风景名胜,朝阳门内大街55号新闻出版大厦,北京市,北京市,东城区,116.4247229,39.9245132
奥林匹克风,风景名胜,风景名胜,风景名胜,东二环与东二环出口交叉口西100米,北京市,北京市,东城区,116.4273561,39.92741956
朝阳门内大街81号,风景名胜,风景名胜相关,旅游景点,朝阳门内大街81号院,北京市,北京市,东城区,116.4233338,39.92345154
朝内大街81号,风景名胜,风景名胜,风景名胜,朝阳门内大街81号院,北京市,北京市,东城区,116.4232356,39.92345642
段祺瑞宅,风景名胜,风景名胜,风景名胜,仓南胡同5号,北京市,北京市,东城区,116.4239193,39.9270991
南豆芽清真寺-豆瓣胡同,风景名胜,风景名胜,回教寺,豆瓣胡同4号,北京市,北京市,东城区,116.4263514,39.92672523
东岳庙,风景名胜,风景名胜,寺庙道观,朝阳门外大街141号,北京市,北京市,朝阳区,116.4377603,39.92358323
三洞七楼琉璃牌坊,风景名胜,风景名胜,风景名胜,朝阳门外大街与神路街交叉口东南50米,北京市,北京市,朝阳区,116.4376512,39.9219371
永延帝祚,风景名胜,风景名胜,风景名胜,朝阳门外大街与神路街交叉口东南50米,北京市,北京市,朝阳区,116.4376282,39.92198106
东太子殿,风景名胜,风景名胜,风景名胜,朝阳门外大街141号,北京市,北京市,朝阳区,116.4385091,39.9231216
七十六司,风景名胜,风景名胜,风景名胜,朝阳门外大街141号,北京市,北京市,朝阳区,116.4382886,39.92279722
敕建九天普化宫,风景名胜,风景名胜,风景名胜,朝外大街百脑汇后,北京市,北京市,朝阳区,116.4386716,39.92269692
京畿道,风景名胜,风景名胜相关,旅游景点,华普大厦地下一层美食广场,北京市,北京市,朝阳区,116.4325377,39.92350539
阜财殿,风景名胜,风景名胜,风景名胜,朝阳门外大街141号,北京市,北京市,朝阳区,116.4384781,39.92292855
显化殿,风景名胜,风景名胜,风景名胜,朝阳门外大街141号,北京市,北京市,朝阳区,116.4368272,39.9228036
黑马贷,风景名胜,风景名胜相关,旅游景点,工人体育场南路101大厦,北京市,北京市,朝阳区,116.4339215,39.92507157
三茅君殿,风景名胜,风景名胜,风景名胜,朝阳门外大街141号,北京市,北京市,朝阳区,116.4385091,39.9231216
江东殿,风景名胜,风景名胜,风景名胜,朝阳门外大街141号,北京市,北京市,朝阳区,116.4382335,39.92268812
玄坛殿,风景名胜,风景名胜,风景名胜,朝阳门外大街99-10号,北京市,北京市,朝阳区,116.4382335,39.92268812
富国海底世界,风景名胜,公园广场,水族馆,工人体育场南门,北京市,北京市,朝阳区,116.4407631,39.92693665
亚运会团体捐助名录,风景名胜,风景名胜,风景名胜,工人体育场北路55幢附近,北京市,北京市,朝阳区,116.4395607,39.93025725
夺镖会,风景名胜,风景名胜,风景名胜,工体北路三里屯soho六号楼B1楼,北京市,北京市,朝阳区,116.4469991,39.93005913
情系亚运,风景名胜,风景名胜相关,旅游景点,工人体育场北路与幸福一村八巷交叉口南200米,北京市,北京市,朝阳区,116.4397451,39.93073958
杨府,风景名胜,风景名胜相关,旅游景点,化家胡同与朝阳门外大街交叉口北100米,北京市,北京市,朝阳区,116.442483,39.92234918
团结湖公园,风景名胜,公园广场,公园,团结湖南里16号,北京市,北京市,朝阳区,116.4582565,39.92454237
团结湖公园管理处,风景名胜,公园广场,公园广场,团结湖北头条与姚家园路交叉口东南150米,北京市,北京市,朝阳区,116.458501,39.92627491
嘉铭中心-铭品廊,风景名胜,风景名胜相关,旅游景点,东三环北路27号嘉铭中心B1,北京市,北京市,朝阳区,116.4539849,39.92644397
金台曦照,风景名胜,公园广场,公园,金台西路2号,北京市,北京市,朝阳区,116.4636957,39.92145336
呼家楼社区公园,风景名胜,公园广场,公园,呼家楼北街与团结湖路交叉口西100米,北京市,北京市,朝阳区,116.460163,39.92119028
团结湖公园-人口文化园,风景名胜,公园广场,公园,团结湖南里16-临15号附近,北京市,北京市,朝阳区,116.4604284,39.9249038
团结湖公园-半壁长廊,风景名胜,公园广场,城市广场,团结湖南里16号团结湖公园内,北京市,北京市,朝阳区,116.4594893,39.9257414
星月花园,风景名胜,公园广场,公园广场,姚家园路水碓子北里附近,北京市,北京市,朝阳区,116.4683407,39.92868346
团结湖公园-碧波泉涌,风景名胜,风景名胜相关,旅游景点,团结湖南里16号团结湖公园内,北京市,北京市,朝阳区,116.4598877,39.92455145
团结湖公园-水阁荷香,风景名胜,风景名胜,风景名胜,团结湖南里16号团结湖公园内,北京市,北京市,朝阳区,116.4590448,39.92585928
团结湖公园-旖旎岛,风景名胜,风景名胜相关,旅游景点,团结湖南里16号团结湖公园内,北京市,北京市,朝阳区,116.4596369,39.92443982
万科公园,风景名胜,公园广场,公园广场,甜水西园甜水园街(近朝阳公园),北京市,北京市,朝阳区,116.4713168,39.92438181
红领巾公园,风景名胜,公园广场,公园,后八里庄5号,北京市,北京市,朝阳区,116.4853061,39.92545102
清风绿屿,风景名胜,公园广场,公园,红领巾公园路8号,北京市,北京市,朝阳区,116.4894132,39.92133437
润青湖,风景名胜,公园广场,公园,平房青年路F2-39号,北京市,北京市,朝阳区,116.5066424,39.92676227
大悦城-正门广场,风景名胜,公园广场,城市广场,朝阳北路与青年路交叉口东北100米,北京市,北京市,朝阳区,116.5119864,39.92246387
儿童主题公园,风景名胜,公园广场,公园,四季星河南街与四季星河路交叉口南150米,北京市,北京市,朝阳区,116.5223983,39.92380859
亮马厂健身文化广场,体育休闲服务,运动场馆,户外健身场所|风景名胜,黄杉木店路东,北京市,北京市,朝阳区,116.5239974,39.92592473
星河湾四季会公园,风景名胜,公园广场,公园,四季星河路6号,北京市,北京市,朝阳区,116.5216495,39.92665947
黄渠公园,风景名胜,公园广场,公园,平房乡黄渠村,北京市,北京市,朝阳区,116.5626543,39.92649972
常营清真古寺,风景名胜,风景名胜,回教寺,常营回族乡内,北京市,北京市,朝阳区,116.581741,39.92460537
常营公园保利园,风景名胜,公园广场,公园,常营中路,北京市,北京市,朝阳区,116.5980583,39.9284495
清潭涧,风景名胜,风景名胜相关,旅游景点,朝阳北路常营地铁站F出口右侧长楹天街购物中心东区B2楼,北京市,北京市,朝阳区,116.59376,39.92399848
科技长廊,风景名胜,风景名胜相关,旅游景点,长营长楹天街4层长廊(常营地铁站E口),北京市,北京市,朝阳区,116.5963378,39.92408409
丽景园五彩文化休闲广场,风景名胜,公园广场,城市广场,五里桥一街5号附近,北京市,北京市,朝阳区,116.6047525,39.92459487
五里桥公园,风景名胜,风景名胜相关,旅游景点,东高路与朝阳北路交叉口东北100米,北京市,北京市,朝阳区,116.6189372,39.9255431
马术公园,风景名胜,公园广场,公园,顺白路320号,北京市,北京市,朝阳区,116.6200908,39.921369
邓家窑广场-12号厅杂品区,风景名胜,风景名胜相关,旅游景点,朝阳北路,北京市,北京市,通州区,116.6240763,39.92274122
邓家窑广场-6号厅,风景名胜,风景名胜相关,旅游景点,朝阳北路,北京市,北京市,通州区,116.6234703,39.92389592
邓家窑广场-8号厅,风景名胜,风景名胜相关,旅游景点,朝阳北路,北京市,北京市,通州区,116.6237538,39.92344959
邓家窑广场-11号厅,风景名胜,风景名胜相关,旅游景点,朝阳北路,北京市,北京市,通州区,116.6240822,39.92330119
邓家窑广场-13号厅,风景名胜,风景名胜相关,旅游景点,朝阳北路,北京市,北京市,通州区,116.6241761,39.92305108
邓家窑广场-3号厅,风景名胜,风景名胜相关,旅游景点,朝阳北路,北京市,北京市,通州区,116.6230969,39.92449835
邓家窑广场-7号厅,风景名胜,风景名胜相关,旅游景点,朝阳北路,北京市,北京市,通州区,116.6237268,39.9240516
游骑兵紫竹桥营,风景名胜,风景名胜相关,旅游景点,物资学院路物资学院操场内,北京市,北京市,通州区,116.6344054,39.93089844
德园,风景名胜,风景名胜,风景名胜,陈列馆南街与陈列馆路交叉口东100米,北京市,北京市,通州区,116.6683885,39.93121914
晓春亭,风景名胜,风景名胜相关,旅游景点,潞苑南大街1145号,北京市,北京市,通州区,116.6639345,39.92861282
思想者,风景名胜,风景名胜,风景名胜,潞苑南大街89号北京工业大学通州分校,北京市,北京市,通州区,116.6631338,39.92841337
龙旺庄村公园,风景名胜,公园广场,公园,龙旺庄西路与909乡道交叉口西南150米,北京市,北京市,通州区,116.6795368,39.92436329
西达摩自然风景区,风景名胜,风景名胜,风景名胜,803乡道北150米,北京市,北京市,门头沟区,115.6295045,39.91753957
樵涧峰,风景名胜,风景名胜相关,旅游景点,,北京市,北京市,房山区,115.7781863,39.91882194
赵家台观光园,风景名胜,风景名胜相关,旅游景点,016县道东50米,北京市,北京市,门头沟区,115.9808495,39.91816692
北京日报社西山基地,风景名胜,风景名胜,风景名胜,潭柘寺镇,北京市,北京市,门头沟区,115.99114,39.91271306
葡山亭,风景名胜,风景名胜,风景名胜,龙北路12号,北京市,北京市,门头沟区,116.1080549,39.92083462
绿海森林公园,风景名胜,公园广场,公园,葡萄嘴环岛消防队东100米,北京市,北京市,门头沟区,116.1150994,39.92010422
四道桥村龙王庙,风景名胜,风景名胜,寺庙道观,西苑路附近,北京市,北京市,门头沟区,116.1303832,39.91258037
碧霞元君庙,风景名胜,风景名胜,寺庙道观,热电厂路,北京市,北京市,石景山区,116.1417599,39.91752753
邯郸太极古城,风景名胜,风景名胜相关,旅游景点,北辛安大街12号附近,北京市,北京市,石景山区,116.1600875,39.91937395
体育休闲园,风景名胜,公园广场,公园,杨庄大街东50米,北京市,北京市,石景山区,116.1809588,39.91875351
八角文化广场,风景名胜,公园广场,城市广场,八角社区西侧路与八角社区路交叉口东北50米,北京市,北京市,石景山区,116.1885883,39.91467187
崇廉苑,风景名胜,公园广场,城市广场,西侧路与八角社区路交叉口西北100米,北京市,北京市,石景山区,116.1878404,39.91469861
田村城市休闲公园,风景名胜,公园广场,公园,八角北路,北京市,北京市,海淀区,116.2042887,39.91588555
北京石景山游乐园-钓黄鸭,风景名胜,风景名胜相关,旅游景点,石景山路25号北京石景山游乐园幻想世界内,北京市,北京市,石景山区,116.2012664,39.91435948
西郊砂石坑,风景名胜,风景名胜,风景名胜,田村山南路与五景桥东街交叉口北200米路东,北京市,北京市,海淀区,116.2071272,39.91742714
北京石景山游乐园-哈利历险,风景名胜,风景名胜相关,旅游景点,石景山路25号北京石景山游乐园西园内,北京市,北京市,石景山区,116.2034302,39.91278353
老山城市休闲公园,风景名胜,公园广场,公园,老山南路,北京市,北京市,石景山区,116.2184976,39.91367057
八宝山人民墓,风景名胜,风景名胜相关,旅游景点,上庄大街6号,北京市,北京市,石景山区,116.2274934,39.91267734
柳明亭,风景名胜,风景名胜相关,旅游景点,田村山南路与砂石厂路交叉口西北150米,北京市,北京市,海淀区,116.2316026,39.91992715
阳光星期八公园,风景名胜,公园广场,公园,金沟河路26号,北京市,北京市,海淀区,116.2484082,39.91503948
阳光星期八公园管理处,风景名胜,公园广场,公园,燕山燕山迎风中路14号,北京市,北京市,海淀区,116.2494114,39.91390932
五棵松奥林匹克文化公园-中区,风景名胜,公园广场,公园,玉渊潭南路西口东北150米,北京市,北京市,海淀区,116.2696536,39.91227424
五棵松奥林匹克文化公园-北区,风景名胜,公园广场,公园,西四环中路与西四环中路入口交叉口东北150米,北京市,北京市,海淀区,116.2693157,39.91418148
定慧公园怡趣园,风景名胜,公园广场,公园,朱各庄路与西翠路交叉口北100米,北京市,北京市,海淀区,116.2770594,39.91921198
定慧公园,风景名胜,公园广场,公园,定慧东街附近,北京市,北京市,海淀区,116.2798677,39.91921252
翠微烟雨公园,风景名胜,公园广场,公园,翠微路甲2号旁,北京市,北京市,海淀区,116.2948552,39.91594964
中央电视塔,风景名胜,风景名胜,国家级景点|科教文化服务,西三环中路11号(玉渊潭公园对面),北京市,北京市,海淀区,116.300903,39.91794428
玉渊潭南路,风景名胜,公园广场,公园,玉渊潭南路17号,北京市,北京市,海淀区,116.3012401,39.91160295
小天鹅公园,风景名胜,公园广场,公园,水利医院附近,北京市,北京市,海淀区,116.3032419,39.91190239
中塔公园,风景名胜,公园广场,公园,中央电视塔,北京市,北京市,海淀区,116.3019367,39.9193484
玉渊潭公园-西湖,风景名胜,风景名胜,风景名胜,西三环中路10号玉渊潭公园内,北京市,北京市,海淀区,116.3082483,39.91943996
玉渊潭公园-友谊樱林,风景名胜,风景名胜,风景名胜,西三环中路10号玉渊潭公园内,北京市,北京市,海淀区,116.3053419,39.91636142
玉渊潭公园-在水一方,风景名胜,风景名胜,风景名胜,西三环中路10号玉渊潭公园内,北京市,北京市,海淀区,116.3085389,39.91739751
玉渊潭公园-悬索钢桥,风景名胜,风景名胜,风景名胜,西三环中路玉渊潭公园内,北京市,北京市,海淀区,116.304894,39.91541427
玉渊潭公园-秋林小筑,风景名胜,风景名胜,风景名胜,西三环中路10号,北京市,北京市,海淀区,116.308885,39.91820683
玉渊潭公园-樱赞石刻,风景名胜,风景名胜,风景名胜,西三环中路玉渊潭公园内,北京市,北京市,海淀区,116.3048839,39.91670924
玉渊潭公园-玉树临风,风景名胜,公园广场,公园广场,玉渊潭公园内,北京市,北京市,海淀区,116.3085148,39.9186275
太平洋海底世界博览馆(入口),风景名胜,风景名胜相关,旅游景点,西三环中路11号,北京市,北京市,海淀区,116.3000199,39.91749084
太平洋海底世界博览馆(出口),风景名胜,风景名胜相关,旅游景点,,北京市,北京市,海淀区,116.3005039,39.91760399
玉渊潭公园-雨来云好,风景名胜,风景名胜,风景名胜,西三环中路辅路,北京市,北京市,海淀区,116.3074091,39.91902353
森林小屋,风景名胜,风景名胜相关,旅游景点,西三环中路10号玉渊潭公园内,北京市,北京市,海淀区,116.3089706,39.91187594
玉渊潭公园-雁影清风,风景名胜,风景名胜,风景名胜,西三环中路辅路东150米,北京市,北京市,海淀区,116.3060613,39.91681809
玉渊潭公园,风景名胜,风景名胜,国家级景点,西三环中路10号,北京市,北京市,海淀区,116.3137496,39.91532682
北京市玉渊潭公园管理处,风景名胜,风景名胜相关,旅游景点,西三环中路10号望海楼,北京市,北京市,海淀区,116.3094397,39.91931175
樱洲雁水,风景名胜,风景名胜相关,旅游景点,西三环中路10号玉渊潭公园,北京市,北京市,海淀区,116.3156647,39.91112035
远香园,风景名胜,风景名胜相关,旅游景点,西三环中路10号玉渊潭公园,北京市,北京市,海淀区,116.3142529,39.91112504
云灵绿庐,风景名胜,风景名胜相关,旅游景点,阜成路8号院,北京市,北京市,海淀区,116.3125777,39.91952186
玉渊潭公园-钓鱼台银杏大道,风景名胜,风景名胜,风景名胜,三里河路钓鱼台国宾馆东墙外(钓鱼台国宾馆东侧路),北京市,北京市,海淀区,116.3281249,39.91333234
玉渊潭公园-留春园,风景名胜,风景名胜,风景名胜,玉渊潭公园,北京市,北京市,海淀区,116.3228151,39.91355152
玉渊潭公园-景观大道记,风景名胜,风景名胜,风景名胜,风景名胜,北京市,北京市,海淀区,116.3194936,39.91409189
钓鱼台与养源斋,风景名胜,风景名胜,风景名胜,三里河路西200米,北京市,北京市,海淀区,116.3260168,39.9129024
玉渊潭公园-彩壁春颂,风景名胜,风景名胜,风景名胜,西三环中路玉渊潭公园内,北京市,北京市,海淀区,116.3218423,39.91357739
玉渊潭公园-留春方亭,风景名胜,风景名胜,风景名胜,玉渊潭南路9号,北京市,北京市,海淀区,116.3218602,39.91387834
玉渊潭公园-翠野名松,风景名胜,风景名胜,风景名胜,玉渊潭公园,北京市,北京市,海淀区,116.3228384,39.91816828
新优植物示范园,风景名胜,公园广场,植物园,三里河路49号附近,北京市,北京市,西城区,116.3289757,39.91489766
三里河清真寺,风景名胜,风景名胜,回教寺,三里河一区丙52楼-3,北京市,北京市,西城区,116.3341332,39.91349098
中国古城,风景名胜,风景名胜相关,旅游景点,三里河路46号,北京市,北京市,西城区,116.3295678,39.91127368
月坛公园,风景名胜,风景名胜,省级景点,月坛北街甲6号,北京市,北京市,西城区,116.3460454,39.9150656
圆广寺,风景名胜,风景名胜,寺庙道观,阜外大街7号楼-1号,北京市,北京市,西城区,116.3429151,39.92089075
月坛,风景名胜,公园广场,公园,南礼士路西侧,北京市,北京市,西城区,116.3462707,39.91695014
齐白石故居,风景名胜,风景名胜,纪念馆,辟才胡同内跨车胡同13号,北京市,北京市,西城区,116.3579622,39.91327601
北京金融街中心广场,风景名胜,公园广场,城市广场,太平桥大街与金城坊街交叉口西100米,北京市,北京市,西城区,116.3575397,39.91480854
吕祖宫,风景名胜,风景名胜,风景名胜,复兴门北顺城街13号(西二环、广宁伯街、学院胡同),北京市,北京市,西城区,116.3510389,39.91157453
清真普寿寺,风景名胜,风景名胜,回教寺,锦什坊街63号(近金融街),北京市,北京市,西城区,116.3562203,39.92045522
金融四界,风景名胜,风景名胜,风景名胜,金城坊西街与阜成门南顺城街交叉口北100米,北京市,北京市,西城区,116.3510784,39.91479933
北京基督教会缸瓦市堂,风景名胜,风景名胜,教堂,西四南大街57号(西四丁字路口南侧路西),北京市,北京市,西城区,116.3669335,39.92000114
砖塔胡同关帝庙,风景名胜,风景名胜,寺庙道观,核桃巷与砖塔胡同交叉口东南50米,北京市,北京市,西城区,116.3633745,39.92071642
古刹护国关帝庙,风景名胜,风景名胜,寺庙道观,砖塔胡同68号,北京市,北京市,西城区,116.3633356,39.92064547
王卓然故居,风景名胜,风景名胜,风景名胜,兵马司胡同17号,北京市,北京市,西城区,116.3649675,39.91817655
中国地质调查所旧址,风景名胜,风景名胜,纪念馆,兵马司胡同15号,北京市,北京市,西城区,116.3654907,39.91827191
古利护国关帝庙,风景名胜,风景名胜,风景名胜,核桃巷与砖塔胡同交叉口东50米,北京市,北京市,西城区,116.3636191,39.92072511
洵贝勒府,风景名胜,风景名胜相关,旅游景点,西单北大街110号,北京市,北京市,西城区,116.3686333,39.91189558
万松老人塔,风景名胜,风景名胜,风景名胜,西四南大街43号,北京市,北京市,西城区,116.3670432,39.92072699
一方水土(西单店),风景名胜,风景名胜相关,旅游景点,西单明珠八层,北京市,北京市,西城区,116.368064,39.91168621
礼王府,风景名胜,风景名胜,风景名胜,西城根南街9号(近西安门),北京市,北京市,西城区,116.3702243,39.91925756
明清皇城西南城墙拐角旧址,风景名胜,风景名胜,风景名胜,西黄城根南街(一区)(老佛爷百货东北),北京市,北京市,西城区,116.3716583,39.91334435
永佑庙旧址,风景名胜,风景名胜相关,旅游景点,"府右街1号,3号(近张自忠小学分校)",北京市,北京市,西城区,116.3754043,39.92073558
生态岛,风景名胜,风景名胜相关,旅游景点,东斜街与西黄城根南街交叉口南50米,北京市,北京市,西城区,116.3714472,39.91605345
故宫博物院-西华门,风景名胜,风景名胜,风景名胜,景山前街4号故宫博物院内,北京市,北京市,东城区,116.3866751,39.91340869
万寿兴隆寺,风景名胜,风景名胜,寺庙道观,北长街39号,北京市,北京市,西城区,116.3846754,39.91890236
福佑寺,风景名胜,风景名胜,寺庙道观,北长街20号旁门,北京市,北京市,西城区,116.3851742,39.91864313
静默寺,风景名胜,风景名胜,寺庙道观,北长街81号,北京市,北京市,西城区,116.3847707,39.91594744
故宫博物院-典籍馆,风景名胜,风景名胜,风景名胜,景山前街4号故宫博物院内,北京市,北京市,东城区,116.3883794,39.91361904
昭显庙,风景名胜,风景名胜,寺庙道观,在西城区北长街71号,北京市,北京市,西城区,116.3843798,39.9168456
故宫博物院-怡性轩,风景名胜,风景名胜,风景名胜,景山前街4号故宫博物院,北京市,北京市,东城区,116.3888276,39.91879567
故宫博物院后殿,风景名胜,风景名胜,风景名胜,景山前街4号故宫博物院附近,北京市,北京市,东城区,116.3877431,39.91818607
故宫博物院-浴德堂,风景名胜,风景名胜,风景名胜,景山前街4号故宫博物院内,北京市,北京市,东城区,116.3880694,39.91431712
故宫博物院-重华宫,风景名胜,风景名胜,风景名胜,景山前街4号故宫博物院内,北京市,北京市,东城区,116.3887344,39.92017964
故宫博物院-雨花阁,风景名胜,风景名胜,风景名胜,景山前街4号,北京市,北京市,东城区,116.3882098,39.91882988
故宫博物院-武英殿,风景名胜,风景名胜,风景名胜,景山前街4号故宫博物院内,北京市,北京市,东城区,116.3883474,39.91404903
故宫博物院-寿康宫,风景名胜,风景名胜,风景名胜,景山前街4号故宫博物院内,北京市,北京市,东城区,116.3873532,39.91789023
故宫博物院-南熏殿,风景名胜,风景名胜,风景名胜,景山前街4号故宫博物院内,北京市,北京市,东城区,116.3877467,39.91299129
故宫博物院-敬思殿,风景名胜,风景名胜,风景名胜,景山前街4号故宫博物院内,北京市,北京市,东城区,116.3883393,39.91431602
故宫博物院-建福宫,风景名胜,风景名胜,风景名胜,景山前街4号故宫博物院内,北京市,北京市,东城区,116.3887445,39.91978966
中山公园-格言亭,风景名胜,风景名胜,风景名胜,中山公园(东北门)附近,北京市,北京市,东城区,116.3884587,39.91125211
故宫博物院-抚辰殿,风景名胜,风景名胜,风景名胜,景山前街4号故宫博物院内,北京市,北京市,东城区,116.3877329,39.91948602
故宫博物院-慈荫楼,风景名胜,风景名胜,风景名胜,景山前街4号故宫博物院内,北京市,北京市,东城区,116.3877362,39.91698112
故宫博物院-春禧殿,风景名胜,风景名胜,风景名胜,景山前街4号故宫博物院内,北京市,北京市,东城区,116.387738,39.91888604
故宫博物院-西三所,风景名胜,风景名胜,风景名胜,景山前街4号故宫博物院内,北京市,北京市,东城区,116.3877581,39.91809107
故宫博物院-寿安宫,风景名胜,风景名胜,风景名胜,景山前街4号故宫博物院内,北京市,北京市,东城区,116.3877509,39.91919603
故宫博物院-临溪亭,风景名胜,风景名胜,风景名胜,景山前街4号故宫博物院内,北京市,北京市,东城区,116.3877493,39.91599116
慈宁宫,风景名胜,风景名胜,风景名胜,景山前街4号故宫博物院内,北京市,北京市,东城区,116.388155,39.91766294
故宫博物院-宝蕴楼,风景名胜,风景名胜,风景名胜,景山前街4号故宫博物院内,北京市,北京市,东城区,116.3876986,39.91387727
故宫博物院-宝华殿,风景名胜,风景名胜,风景名胜,景山前街4号故宫博物院内,北京市,北京市,东城区,116.3877349,39.91938402
故宫博物院-慈宁门,风景名胜,风景名胜,风景名胜,景山前街4号故宫博物院内,北京市,北京市,东城区,116.388144,39.91723197
故宫博物院-咸若馆,风景名胜,风景名胜,风景名胜,景山前街4号故宫博物院内,北京市,北京市,东城区,116.3877472,39.91679713
故宫博物院-延庆殿,风景名胜,风景名胜,风景名胜,景山前街4号故宫博物院内,北京市,北京市,东城区,116.387735,39.91888304
故宫博物院-太极殿,风景名胜,风景名胜,风景名胜,景山前街4号北京故宫博物馆,北京市,北京市,东城区,116.3888746,39.91883165
故宫博物院-体元殿,风景名胜,风景名胜,风景名胜,景山前街4号故宫博物院内,北京市,北京市,东城区,116.3887496,39.91889269
故宫博物院-崇敬殿,风景名胜,风景名胜,风景名胜,景山前街4号故宫博物院内,北京市,北京市,东城区,116.3887365,39.92008265
故宫博物院-大佛堂(装修中),风景名胜,风景名胜,风景名胜,景山前街4号故宫博物院内,北京市,北京市,东城区,116.3881009,39.91801895
故宫博物院-英华殿,风景名胜,风景名胜,风景名胜,景山前街4号故宫博物院内,北京市,北京市,东城区,116.3873759,39.92023312
故宫博物院-咸福宫,风景名胜,风景名胜,风景名胜,景山前街4号故宫博物院内,北京市,北京市,东城区,116.3888835,39.91975561
故宫博物院-武英门,风景名胜,风景名胜,风景名胜,景山前街4号故宫博物院武英殿内,北京市,北京市,东城区,116.3883584,39.91364804
故宫博物院-长春宫,风景名胜,风景名胜,风景名胜,景山前街4号故宫博物院(北门)附近,北京市,北京市,东城区,116.3888805,39.91930463
故宫博物院-书画馆,风景名胜,风景名胜,风景名胜,景山前街4号故宫博物院武英殿内,北京市,北京市,东城区,116.3883434,39.91363105
故宫博物院,科教文化服务,博物馆,博物馆|风景名胜,景山前街4号,北京市,北京市,东城区,116.3907813,39.91665421
故宫博物院-午门,风景名胜,风景名胜,风景名胜,景山前街4号故宫博物院内,北京市,北京市,东城区,116.3910858,39.91250132
陈独秀旧居,风景名胜,风景名胜,纪念馆,北池子大街箭杆胡同20号,北京市,北京市,东城区,116.3979242,39.91591863
普度寺,风景名胜,风景名胜,寺庙道观,普渡寺前巷,北京市,北京市,东城区,116.3984148,39.91203284
凝和庙,风景名胜,风景名胜,寺庙道观,北池子大街46号(近北京妇产医院),北京市,北京市,东城区,116.3970608,39.9179435
故宫博物院-甲库,风景名胜,风景名胜,风景名胜,景山前街4号故宫博物院内,北京市,北京市,东城区,116.3922013,39.914485
故宫博物院-端则门,风景名胜,风景名胜,风景名胜,景山前街4号故宫博物院内,北京市,北京市,东城区,116.3899382,39.9196693
祧庙,风景名胜,风景名胜,风景名胜,劳动人民文化宫内,北京市,北京市,东城区,116.3935556,39.91100795
故宫博物院-内右门,风景名胜,风景名胜,风景名胜,景山前街4号故宫博物院内,北京市,北京市,东城区,116.3902473,39.9176523
故宫博物院-内左门,风景名胜,风景名胜,风景名胜,景山前街4号故宫博物院内,北京市,北京市,东城区,116.391684,39.91756497
故宫博物院-景和门,风景名胜,风景名胜,风景名胜,景山前街4号北京故宫博物馆,北京市,北京市,东城区,116.3913299,39.91912098
太和殿,风景名胜,风景名胜,风景名胜,景山前街4号故宫内,北京市,北京市,东城区,116.3908114,39.91591723
故宫博物院-九龙壁,风景名胜,风景名胜,风景名胜,景山前街4号故宫博物院宁寿宫内,北京市,北京市,东城区,116.3939828,39.91712664
故宫博物院-乾清宫,风景名胜,风景名胜,风景名胜,景山前街4号故宫博物院内,北京市,北京市,东城区,116.3906741,39.91883415
故宫博物院-神武门,风景名胜,风景名胜,风景名胜,景山前街4号北京故宫博物馆,北京市,北京市,东城区,116.3906968,39.92092905
故宫博物院-基化门,风景名胜,风景名胜,风景名胜,故宫内,北京市,北京市,东城区,116.3912349,39.91963498
故宫博物院-坤宁宫,风景名胜,风景名胜,风景名胜,景山前街4号故宫博物院内,北京市,北京市,东城区,116.390667,39.91943712
故宫博物院-颐和轩,风景名胜,风景名胜,风景名胜,故宫博物馆基化门内,北京市,北京市,东城区,116.3940074,39.92020751
故宫博物院-近光左门,风景名胜,风景名胜,风景名胜,景山前街4号故宫博物院内,北京市,北京市,东城区,116.391392,39.918337
故宫博物院-中和殿,风景名胜,风景名胜,风景名胜,景山前街4号故宫博物院内,北京市,北京市,东城区,116.3908203,39.91647121
故宫博物院-交泰殿,风景名胜,风景名胜,风景名胜,景山前街4号故宫博物院内,北京市,北京市,东城区,116.390674,39.91911313
故宫博物院-长康右门,风景名胜,风景名胜,风景名胜,景山前街4号故宫博物院内,北京市,北京市,东城区,116.3912748,39.91973497
故宫-钟表馆,风景名胜,风景名胜,风景名胜,景山前街4号故宫博物院,北京市,北京市,东城区,116.3928538,39.91825174
故宫博物院-近光右门,风景名胜,风景名胜,风景名胜,景山前街4号故宫内,北京市,北京市,东城区,116.3890097,39.91771766
故宫博物院-乐寿堂,风景名胜,风景名胜,风景名胜,景山前街4号故宫博物院内,北京市,北京市,东城区,116.3940235,39.91993252
故宫博物院-宁寿宫,风景名胜,风景名胜,风景名胜,景山前街4号故宫博物院内,北京市,北京市,东城区,116.3941296,39.91892555
故宫博物院-储秀宫,风景名胜,风景名胜,风景名胜,景山前街4号故宫博物院内,北京市,北京市,东城区,116.3895373,39.91978841
故宫博物院-永寿宫,风景名胜,风景名胜,风景名胜,景山前街4号故宫博物院内,北京市,北京市,东城区,116.3895684,39.91882344
故宫博物院-奉先殿,风景名胜,风景名胜,风景名胜,景山前街4号故宫博物院内,北京市,北京市,东城区,116.3928098,39.91824675
故宫博物院-万春亭,风景名胜,风景名胜,风景名胜,景山前街4号故宫博物院内,北京市,北京市,东城区,116.3913758,39.92016193
故宫博物院-景阳宫,风景名胜,风景名胜,风景名胜,景山前街4号故宫博物院内,北京市,北京市,东城区,116.3923826,39.91986375
故宫博物院-绥福殿,风景名胜,风景名胜,风景名胜,景山前街4号故宫博物院内,北京市,北京市,东城区,116.3893143,39.91961848
故宫博物院-道德堂,风景名胜,风景名胜,风景名胜,景山前街4号故宫博物院翊坤宫内,北京市,北京市,东城区,116.3893434,39.91933449
故宫博物院-珍宝馆,风景名胜,风景名胜,风景名胜,景山前街4号故宫博物院宁寿宫珍宝馆内,北京市,北京市,东城区,116.3937385,39.91998255
故宫博物院-珍宝馆2,风景名胜,风景名胜,风景名胜,景山前街4号故宫博物院宁寿宫珍宝馆内,北京市,北京市,东城区,116.3936857,39.91817563
天子万年清代万寿庆典展第三、四部分,风景名胜,风景名胜,风景名胜,故宫内,北京市,北京市,东城区,116.3900713,39.91822633
故宫博物院-古建部,风景名胜,风景名胜,风景名胜,景山前街4号故宫博物院内,北京市,北京市,东城区,116.3923676,39.91981475
故宫博物院-猗兰馆,风景名胜,风景名胜,风景名胜,故宫内,北京市,北京市,东城区,116.3893073,39.91986648
故宫博物院-九卿房,风景名胜,风景名胜,风景名胜,景山前街4号故宫博物院-神武门广场附近,北京市,北京市,东城区,116.3905108,39.9209681
故宫博物院-庆云斋,风景名胜,风景名胜,风景名胜,景山前街4号故宫博物院翊坤宫内,北京市,北京市,东城区,116.3897622,39.91934236
故宫博物院-平康室,风景名胜,风景名胜,风景名胜,景山前街4号故宫博物院体和殿内,北京市,北京市,东城区,116.3897622,39.91954436
故宫博物院-凤光室,风景名胜,风景名胜,风景名胜,储秀宫内,北京市,北京市,东城区,116.3897432,39.91994135
故宫博物院-绥万邦,风景名胜,风景名胜,风景名胜,景山前街4号故宫博物院钟粹宫内,北京市,北京市,东城区,116.3917988,39.91966786
故宫博物院-四神祠,风景名胜,风景名胜,风景名胜,景山前街4号故宫博物院御花园内,北京市,北京市,东城区,116.39033,39.92012218
故宫博物院-承乾宫,风景名胜,风景名胜,风景名胜,景山前街4号故宫博物院内,北京市,北京市,东城区,116.3917698,39.91936188
故宫博物院-畅音阁,风景名胜,风景名胜,风景名胜,景山前街4号故宫博物院宁寿宫内,北京市,北京市,东城区,116.3946026,39.9192105
故宫博物院-诚肃殿,风景名胜,风景名胜,风景名胜,景山前街4号北京故宫博物馆,北京市,北京市,东城区,116.3917959,39.91849291
故宫博物院-斋宫,风景名胜,风景名胜,风景名胜,景山前街4号北京故宫博物馆,北京市,北京市,东城区,116.3918119,39.91825392
故宫博物院-顺贞门,风景名胜,风景名胜,风景名胜,景山前街4号北京故宫博物馆,北京市,北京市,东城区,116.3906759,39.92057407
故宫博物院-禊赏亭,风景名胜,风景名胜,风景名胜,景山前街4号故宫博物院宁寿宫花园内,北京市,北京市,东城区,116.3935096,39.91923661
藏珍阁,风景名胜,风景名胜,风景名胜,故宫内,北京市,北京市,东城区,116.3936096,39.91154192
故宫博物院-玉翠亭,风景名胜,风景名胜,风景名胜,景山前街4号故宫博物院内,北京市,北京市,东城区,116.3898811,39.92052428
故宫博物院-景耀门,风景名胜,风景名胜,风景名胜,景山前街4号故宫博物院内,北京市,北京市,东城区,116.3920219,39.91847887
故宫博物院-广生左门,风景名胜,风景名胜,风景名胜,景山前街4号故宫博物院,北京市,北京市,东城区,116.3914649,39.91922295
故宫博物院-养性门,风景名胜,风景名胜,风景名胜,景山前街4号故宫博物院宁寿宫内,北京市,北京市,东城区,116.3941626,39.91916654
故宫博物院-左翼门,风景名胜,风景名胜,风景名胜,景山前街4号故宫博物院内,北京市,北京市,东城区,116.3921592,39.91551497
故宫博物院-倦勤斋,风景名胜,风景名胜,风景名胜,景山前街4号故宫博物院内,北京市,北京市,东城区,116.3934964,39.92045156
故宫博物院-蹈和门,风景名胜,风景名胜,风景名胜,景山前街4号故宫博物院内,北京市,北京市,东城区,116.3935107,39.91873163
故宫博物院-凤采门,风景名胜,风景名胜,风景名胜,景山前街4号故宫内,北京市,北京市,东城区,116.3900493,39.91866431
故宫博物院-青铜器馆,风景名胜,风景名胜,风景名胜,景山前街4号故宫博物院内,北京市,北京市,东城区,116.3917698,39.91939188
故宫博物院-如意门,风景名胜,风景名胜,风景名胜,景山前街4号故宫博物院内,北京市,北京市,东城区,116.3891565,39.91838358
故宫博物院-增瑞门,风景名胜,风景名胜,风景名胜,景山前街4号故宫博物院内,北京市,北京市,东城区,116.3900072,39.9192473
故宫博物院-崇楼,风景名胜,风景名胜,风景名胜,景山前街4号北京故宫博物馆,北京市,北京市,东城区,116.389667,39.91395162
清宫卤簿仪仗展(东华门路),风景名胜,风景名胜,风景名胜,景山前街4号故宫博物院内,北京市,北京市,东城区,116.3897431,39.91296364
故宫博物院-北五所,风景名胜,风景名胜,风景名胜,景山西街6号附近,北京市,北京市,东城区,116.3927415,39.92027767
故宫博物院-天府永藏系列展,风景名胜,风景名胜,风景名胜,景山前街4号故宫博物院内,北京市,北京市,东城区,116.3895727,39.91651854
故宫博物院-大成右门,风景名胜,风景名胜,风景名胜,东华门,北京市,北京市,东城区,116.3897772,39.91970435
后左门,风景名胜,风景名胜,风景名胜,景山前街4号北京故宫博物馆,北京市,北京市,东城区,116.3917051,39.91703299
故宫博物院-东雁翅楼,风景名胜,风景名胜,风景名胜,东华门路,北京市,北京市,东城区,116.3916387,39.91214521
故宫博物院-西雁翅楼,风景名胜,风景名胜,风景名胜,东华门路,北京市,北京市,东城区,116.390434,39.91212149
故宫博物院-钧窑瓷器展,风景名胜,风景名胜,风景名胜,景山前街4号故宫博物院延禧宫内,北京市,北京市,东城区,116.3922438,39.91875882
故宫博物院-衍祺门,风景名胜,风景名胜,风景名胜,景山前街4号故宫博物院宁寿宫花园内,北京市,北京市,东城区,116.3936606,39.91919359
故宫博物院-集福门,风景名胜,风景名胜,风景名胜,景山前街4号故宫博物院御花园内,北京市,北京市,东城区,116.3904759,39.92052812
故宫博物院-永和宫,风景名胜,风景名胜,风景名胜,景山前街4号故宫内,北京市,北京市,东城区,116.3923977,39.91939876
故宫博物院-养心殿(装修中),风景名胜,风景名胜,风景名胜,景山前街4号故宫博物院内,北京市,北京市,东城区,116.3894315,39.9183615
故宫博物院-延禧宫,风景名胜,风景名胜,风景名胜,故宫博物院内,北京市,北京市,东城区,116.3924367,39.91909777
故宫博物院-玄穹宝殿,风景名胜,风景名胜,风景名胜,景山前街4号故宫博物院内,北京市,北京市,东城区,116.3929806,39.91998265
故宫博物院-内阁大堂,风景名胜,风景名胜,风景名胜,景山前街4号故宫博物院内,北京市,北京市,东城区,116.3928415,39.91265098
故宫博物院-铭刻馆,风景名胜,风景名胜,风景名胜,景山前街4号故宫博物院内,北京市,北京市,东城区,116.3947456,39.91859252
故宫博物院-红本库,风景名胜,风景名胜,风景名胜,景山前街4号故宫博物院内,北京市,北京市,东城区,116.3927365,39.91288398
故宫博物院-符望阁,风景名胜,风景名胜,风景名胜,景山前街4号故宫博物院内,北京市,北京市,东城区,116.3937395,39.92028454
故宫博物院-传心殿,风景名胜,风景名胜,风景名胜,景山前街4号故宫博物院内,北京市,北京市,东城区,116.3937372,39.91428479
故宫博物院-皇极殿,风景名胜,风景名胜,风景名胜,景山前街4号故宫博物院宁寿宫内,北京市,北京市,东城区,116.3941167,39.91854557
故宫博物院-钟粹宫,风景名胜,风景名胜,风景名胜,景山前街4号故宫博物院内,北京市,北京市,东城区,116.3917417,39.91984887
故宫博物院-钦安殿,风景名胜,风景名胜,风景名胜,景山前街4号故宫博物院御花园内,北京市,北京市,东城区,116.3906209,39.92041009
故宫博物院-景仁宫,风景名胜,风景名胜,风景名胜,景山前街4号故宫博物院内,北京市,北京市,东城区,116.3917549,39.9189109
故宫博物院-角楼,风景名胜,风景名胜,风景名胜,景山前街4号北京故宫博物馆,北京市,北京市,东城区,116.3953364,39.91263973
故宫博物院-保和殿,风景名胜,风景名胜,风景名胜,景山前街4号故宫博物院内,北京市,北京市,东城区,116.3907283,39.91702621
故宫博物院-千秋亭,风景名胜,风景名胜,风景名胜,景山前街4号故宫博物院御花园内,北京市,北京市,东城区,116.3899491,39.92013128
故宫博物院-南三所,风景名胜,风景名胜,风景名胜,景山前街4号故宫博物院内,北京市,北京市,东城区,116.3937529,39.9163897
故宫博物院-主敬殿,风景名胜,风景名胜,风景名胜,景山前街4号故宫博物院内,北京市,北京市,东城区,116.3930852,39.91442487
故宫博物院-毓庆宫,风景名胜,风景名胜,风景名胜,景山前街4号故宫博物院内,北京市,北京市,东城区,116.3917359,39.91828593
故宫博物院-熙和门,风景名胜,风景名胜,风景名胜,景山前街4号故宫博物院内,北京市,北京市,东城区,116.3895971,39.91322367
故宫博物院-漱芳斋,风景名胜,风景名胜,风景名胜,景山前街4号故宫博物院内,北京市,北京市,东城区,116.3898201,39.92031131
故宫博物院-南库,风景名胜,风景名胜,风景名胜,景山前街4号故宫博物院内,北京市,北京市,东城区,116.3947534,39.91268777
故宫博物院绘画馆,风景名胜,风景名胜,风景名胜,景山前街4号故宫博物院内,北京市,北京市,东城区,116.3936057,39.91855563
故宫博物院-遂初堂,风景名胜,风景名胜,风景名胜,景山前街4号故宫博物院内,北京市,北京市,东城区,116.3936195,39.91975957
故宫博物院-履和门,风景名胜,风景名胜,风景名胜,景山前街4号故宫博物院,北京市,北京市,东城区,116.3919858,39.91909385
故宫博物院-履顺门,风景名胜,风景名胜,风景名胜,景山前街4号故宫博物院内,北京市,北京市,东城区,116.3934567,39.91844265
奉先门,风景名胜,风景名胜,风景名胜,景山前街4号故宫内,北京市,北京市,东城区,116.3927619,39.91780777
故宫博物院-苍震门,风景名胜,风景名胜,风景名胜,景山前街4号故宫博物院内,北京市,北京市,东城区,116.3933647,39.91859165
故宫博物院-遵义门,风景名胜,风景名胜,风景名胜,景山前街4号故宫博物院养心殿内,北京市,北京市,东城区,116.3901173,39.91813632
故宫博物院-弘德殿,风景名胜,风景名胜,风景名胜,景山前街4号故宫博物院内,北京市,北京市,东城区,116.3900562,39.91877331
养心门,风景名胜,风景名胜,风景名胜,景山前街4号故宫博物院养心殿内,北京市,北京市,东城区,116.3894995,39.91814849
故宫博物院-百子门,风景名胜,风景名胜,风景名胜,景山前街4号故宫博物院内,北京市,北京市,东城区,116.3892603,39.91985849
故宫博物院-长泰门,风景名胜,风景名胜,风景名胜,景山前街4号故宫博物院内,北京市,北京市,东城区,116.3892953,39.91969949
故宫博物院-诚肃门,风景名胜,风景名胜,风景名胜,景山前街4号故宫博物院奉先殿内,北京市,北京市,东城区,116.3925279,39.91749082
故宫博物院-乾清门,风景名胜,风景名胜,风景名胜,景山前街4号故宫博物院内,北京市,北京市,东城区,116.3907602,39.91787416
永和门(故宫东门外),风景名胜,风景名胜,风景名胜,故宫内,北京市,北京市,东城区,116.3924877,39.91919776
故宫博物院-翊坤宫,风景名胜,风景名胜,风景名胜,景山前街4号故宫内,北京市,北京市,东城区,116.3895333,39.91933043
太和门,风景名胜,风景名胜,风景名胜,故宫内,北京市,北京市,东城区,116.3909207,39.9138673
故宫博物院-大石雕,风景名胜,风景名胜,风景名胜,景山前街4号故宫内,北京市,北京市,东城区,116.3908042,39.91735618
故宫博物院-延和门,风景名胜,风景名胜,风景名胜,景山前街4号故宫博物院御花园内,北京市,北京市,东城区,116.3907238,39.92054206
故宫博物院-迎瑞门,风景名胜,风景名胜,风景名胜,故宫内,北京市,北京市,东城区,116.3919127,39.91968384
故宫博物院-延禧门,风景名胜,风景名胜,风景名胜,景山前街4号故宫博物院延禧宫内,北京市,北京市,东城区,116.3923598,39.9186928
故宫博物院-静憩斋,风景名胜,风景名胜,风景名胜,景山前街4号故宫博物院内,北京市,北京市,东城区,116.3923366,39.91983376
故宫博物院-西暖殿,风景名胜,风景名胜,风景名胜,景山前街4号故宫博物院内,北京市,北京市,东城区,116.3902391,39.91944123
故宫博物院-同顺斋,风景名胜,风景名胜,风景名胜,景山前街4号故宫博物院永和宫内,北京市,北京市,东城区,116.3923967,39.91957576
故宫博物院-内库,风景名胜,风景名胜,风景名胜,景山前街4号故宫博物院内,北京市,北京市,东城区,116.3921141,39.91640694
故宫博物院-南群房,风景名胜,风景名胜,风景名胜,景山前街4号故宫博物院内,北京市,北京市,东城区,116.3929859,39.91744975
故宫博物院-永祥门,风景名胜,风景名胜,风景名胜,景山前街4号故宫博物院内,北京市,北京市,东城区,116.3911199,39.91941702
故宫博物院-东暖殿,风景名胜,风景名胜,风景名胜,景山前街4号故宫博物院内,北京市,北京市,东城区,116.3910709,39.91946803
故宫博物院御书房,风景名胜,风景名胜,风景名胜,景山前街4号故宫博物院内,北京市,北京市,东城区,116.3923976,39.91982975
故宫博物院-铜铁缸,风景名胜,风景名胜,风景名胜,景山前街4号故宫博物院内,北京市,北京市,东城区,116.3899044,39.91801038
故宫博物院-阙右门,风景名胜,风景名胜,风景名胜,东华门路,北京市,北京市,东城区,116.3904021,39.91143553
故宫博物院-体顺堂,风景名胜,风景名胜,风景名胜,景山前街4号故宫内,北京市,北京市,东城区,116.3896484,39.91848743
故宫博物院-吉祥门,风景名胜,风景名胜,风景名胜,景山前街4号故宫博物院内,北京市,北京市,东城区,116.3897084,39.91851641
故宫博物院-昭华门,风景名胜,风景名胜,风景名胜,景山前街4号故宫博物院内,北京市,北京市,东城区,116.3930827,39.91869069
故宫博物院-承光门,风景名胜,风景名胜,风景名胜,,北京市,北京市,东城区,116.3905329,39.92053411
故宫博物院-永寿门,风景名胜,风景名胜,风景名胜,景山前街4号故宫博物院内,北京市,北京市,东城区,116.3895774,39.91869444
故宫博物院-丽景轩,风景名胜,风景名胜,风景名胜,景山前街4号故宫博物院内,北京市,北京市,东城区,116.3895182,39.91995941
王府井天主教堂,风景名胜,风景名胜,教堂,王府井大街74号,北京市,北京市,东城区,116.4057033,39.91588553
皇城根遗址公园,风景名胜,风景名胜,风景名胜,南河沿大街,北京市,北京市,东城区,116.4008106,39.91103323
四合院,风景名胜,风景名胜,风景名胜,西堂子胡同25号,北京市,北京市,东城区,116.4074445,39.91495036
老舍故居(装修中),风景名胜,风景名胜,纪念馆,灯市口西街丰富胡同19号,北京市,北京市,东城区,116.4021163,39.91722226
明皇城东安门遗址,风景名胜,风景名胜,风景名胜,东安门大街55号(王府世纪大厦斜对面),北京市,北京市,东城区,116.4006671,39.91424106
军调部1946年中共代表团驻地,风景名胜,风景名胜,风景名胜,南河沿大街1号,北京市,北京市,东城区,116.4001111,39.913459
明皇城东安门遗址(晨光街),风景名胜,风景名胜,风景名胜,东安门大街与北河沿大街交叉口东南50米,北京市,北京市,东城区,116.4006802,39.91365709
军调部中共代表团驻地,风景名胜,风景名胜,风景名胜,南河沿大街1号,北京市,北京市,东城区,116.399929,39.91343197
东城区东皇城根南街32号宅院-四合院,风景名胜,风景名胜,风景名胜,东厂胡同与东皇城根南街交叉口东南50米,北京市,北京市,东城区,116.4008334,39.92062883
基督教公理会旧址,风景名胜,风景名胜相关,旅游景点,灯市口北巷15号,北京市,北京市,东城区,116.4074009,39.91917717
张秉贵同志,风景名胜,风景名胜,风景名胜,东安门大街12号附近,北京市,北京市,东城区,116.4047021,39.91228929
军调部中共代表团驻地旧址,风景名胜,风景名胜相关,旅游景点,南河沿大街1号附近,北京市,北京市,东城区,116.4002751,39.91342903
磁器库胡同,风景名胜,风景名胜相关,旅游景点,普渡寺东巷9号附近,北京市,北京市,东城区,116.399318,39.91190394
平顶山,风景名胜,风景名胜相关,旅游景点,王府井大街138号新东安广场5层,北京市,北京市,东城区,116.4057076,39.91298865
基督教救世军中央堂,风景名胜,风景名胜相关,旅游景点,王府井大街与黄图岗胡同交叉口东50米,北京市,北京市,东城区,116.4049073,39.91954506
天主教堂附属楼,风景名胜,风景名胜相关,旅游景点,王府井大街74号,北京市,北京市,东城区,116.4066488,39.91594794
半故园,风景名胜,风景名胜相关,旅游景点,王府井大街88号北京王府井银泰in881楼,北京市,北京市,东城区,116.4054183,39.91449147
张秉贵纪念馆,风景名胜,风景名胜,纪念馆|科教文化服务,王府井大街255号王府井百货公司1层,北京市,北京市,东城区,116.4042469,39.91236912
富强胡同23号四合院,风景名胜,风景名胜,风景名胜,富强胡同23号,北京市,北京市,东城区,116.4026683,39.91865535
迎宾馆,风景名胜,风景名胜,风景名胜,外交部街33号,北京市,北京市,东城区,116.4152462,39.91153575
蔡元培故居,风景名胜,风景名胜,纪念馆,东堂子胡同75号,北京市,北京市,东城区,116.412404,39.91291446
礼士胡同四合院,风景名胜,风景名胜相关,旅游景点,在东城礼士胡同129号,北京市,北京市,东城区,116.4141758,39.92061849
总理各国事务衙门建筑遗存,风景名胜,风景名胜,风景名胜,东堂子胡同49-1号,北京市,北京市,东城区,116.4153071,39.91291674
中华圣经会旧址,风景名胜,风景名胜,教堂|风景名胜,东单北大街21-1号,北京市,北京市,东城区,116.4112589,39.91295767
好园,风景名胜,风景名胜,风景名胜,史家胡同53号,北京市,北京市,东城区,116.4131722,39.91730184
协和医院住宅群,风景名胜,风景名胜,风景名胜,外交部街59号,北京市,北京市,东城区,116.4124872,39.91163958
东堂子胡同,风景名胜,风景名胜,风景名胜,东堂子胡同和协和胡同交叉口,北京市,北京市,东城区,116.413345,39.91264517
史家胡同23号四合院,风景名胜,风景名胜,世界遗产,史家胡同23号,北京市,北京市,东城区,116.4177445,39.91717876
梁实秋旧居,风景名胜,风景名胜,纪念馆,内务部街胡同39号,北京市,北京市,东城区,116.4138448,39.91780434
清满蒙汉正蓝旗都统衙门建筑遗存,风景名胜,风景名胜相关,旅游景点,本司胡同73号,北京市,北京市,东城区,116.4122881,39.91855914
北京市文物保护单位东城区史家胡同51号宅院53号宅院55号宅院,风景名胜,风景名胜相关,旅游景点,东花厅胡同好园(北京丽晶酒店东北),北京市,北京市,东城区,116.4133284,39.91713897
东四礼士胡同,风景名胜,风景名胜相关,旅游景点,前拐棒胡同与礼士胡同交叉口南100米,北京市,北京市,东城区,116.416884,39.92053981
东四南大街100号1店,风景名胜,风景名胜相关,旅游景点,东四南大街与演乐胡同交叉口东北50米,北京市,北京市,东城区,116.4115814,39.91938562
东城区史家胡同51、53、55号宅院,风景名胜,风景名胜相关,旅游景点,东四南大街与史家胡同交叉口西北50米,北京市,北京市,东城区,116.4133774,39.91713501
酌霞居,风景名胜,风景名胜相关,旅游景点,报房胡同甲31号,北京市,北京市,东城区,116.4094513,39.92057722
第一展厅史家历史,风景名胜,风景名胜,风景名胜,史家胡同24号附近,北京市,北京市,东城区,116.4162838,39.91660943
干面胡同,风景名胜,风景名胜相关,旅游景点,雅宝路,北京市,北京市,东城区,116.4160296,39.91557825
智化寺(装修中),风景名胜,风景名胜,寺庙道观,禄米仓胡同5号,北京市,北京市,东城区,116.4261134,39.91610735
法兴寺,风景名胜,风景名胜,寺庙道观,金宝街51号,北京市,北京市,东城区,116.4227079,39.91443917
明瑞府,风景名胜,风景名胜相关,旅游景点,内务部街11号院,北京市,北京市,东城区,116.4192885,39.91807425
朱启钤故宅,风景名胜,风景名胜,纪念馆,赵堂子胡同3号(近朝阳门南小街),北京市,北京市,东城区,116.4228143,39.91324534
东城区北总布胡同2号宅院,风景名胜,风景名胜,风景名胜,北总布胡同2号,北京市,北京市,东城区,116.4255737,39.91379774
火烧赵家楼纪念碑,风景名胜,风景名胜,风景名胜,前赵家楼胡同与宝珠子胡同交叉口西北50米,北京市,北京市,东城区,116.4234714,39.91222717
斯达体验,风景名胜,风景名胜相关,旅游景点,外交部街9-1号,北京市,北京市,东城区,116.4199732,39.91150624
东城区内务部街四十一号四合院,风景名胜,风景名胜相关,旅游景点,内务部街41号,北京市,北京市,东城区,116.4192715,39.91791624
东城区内务部街十一号四合院,风景名胜,风景名胜,风景名胜,内务部街11号,北京市,北京市,东城区,116.4193455,39.91795732
五四运动火烧赵家楼遗址,风景名胜,风景名胜,风景名胜,前赵家楼胡同1号,北京市,北京市,东城区,116.4249028,39.91238994
日坛公园,风景名胜,公园广场,公园,朝阳门外日坛北路6号,北京市,北京市,朝阳区,116.4376091,39.91417035
南下坡清真寺,风景名胜,风景名胜,回教寺,朝阳门外,北京市,北京市,朝阳区,116.4312883,39.9147828
致道景观,风景名胜,风景名胜相关,旅游景点,建国门北大街华声国际大厦15层,北京市,北京市,朝阳区,116.4297866,39.91268263
景区宝,风景名胜,风景名胜相关,旅游景点,建国门北大街华声国际大厦7层,北京市,北京市,朝阳区,116.4297866,39.91268263
泰之庙,风景名胜,风景名胜相关,旅游景点,东大桥路8号院4号楼SOHO尚都南塔1层2158,北京市,北京市,朝阳区,116.446696,39.91661704
英国驻华使馆,风景名胜,风景名胜相关,旅游景点,光华路11号,北京市,北京市,朝阳区,116.442348,39.91219234
泰的庙,风景名胜,风景名胜相关,旅游景点,东大桥路8号SOHO尚都南塔1层,北京市,北京市,朝阳区,116.446696,39.91661704
松泉,风景名胜,风景名胜相关,旅游景点,景华街与金桐西路交叉口北150米,北京市,北京市,朝阳区,116.4478282,39.91614248
世贸天阶天幕,风景名胜,风景名胜相关,旅游景点,三环以内光华路9号世贸天阶西门,北京市,北京市,朝阳区,116.4449294,39.91522341
湄南河(中骏世界城),餐饮服务,外国餐厅,泰国/越南菜品餐厅|风景名胜,金汇路8号中骏世界城E座1层,北京市,北京市,朝阳区,116.4465335,39.9164997
悦馆观澜湖,风景名胜,风景名胜相关,旅游景点,金汇路9号w109,北京市,北京市,朝阳区,116.4458095,39.91674217
金台夕照,风景名胜,风景名胜相关,旅游景点,住总大厦5层,北京市,北京市,朝阳区,116.4536454,39.91411468
济州神话历史公园北京外展场,风景名胜,风景名胜相关,旅游景点,建国门外大街国贸大厦4502,北京市,北京市,朝阳区,116.4522275,39.9113035
CBD历史文化公园,风景名胜,公园广场,公园,光华路7号,北京市,北京市,朝阳区,116.44949,39.91514716
联馨园,风景名胜,公园广场,公园,金台西路2号,北京市,北京市,朝阳区,116.4624759,39.91953526
亲农耕农场(京广体验店),风景名胜,风景名胜相关,旅游景点,呼家楼南里甲1号,北京市,北京市,朝阳区,116.4633059,39.91778049
冰雪公园加盟,风景名胜,风景名胜相关,旅游景点,朝阳路口东小庄6号中国第一商城B座19A1908,北京市,北京市,朝阳区,116.4641591,39.91449886
央视新址,风景名胜,风景名胜相关,旅游景点,新苑3号,北京市,北京市,朝阳区,116.4590882,39.91630978
自在依然,风景名胜,风景名胜相关,旅游景点,朝阳路小庄6号中国第一商城A座2303室,北京市,北京市,朝阳区,116.4646076,39.91457504
亲农耕农场(蝶之恋店),风景名胜,风景名胜相关,旅游景点,朝阳路与延静里中街交叉口,北京市,北京市,朝阳区,116.4785643,39.91449277
八里庄清真寺,风景名胜,风景名胜,回教寺,八里庄,北京市,北京市,朝阳区,116.4865455,39.91987791
八里庄清真礼拜寺,风景名胜,风景名胜,回教寺,八里庄159号,北京市,北京市,朝阳区,116.4865455,39.91987791
朝阳门,风景名胜,风景名胜,风景名胜,东四环中路辅路1号楼附近,北京市,北京市,朝阳区,116.4817315,39.91943976
安定门,风景名胜,风景名胜,风景名胜,东四环中路37号附近,北京市,北京市,朝阳区,116.4808813,39.91956628
宣武门,风景名胜,风景名胜,风景名胜,东四环中路37号京师律师大厦附近,北京市,北京市,朝阳区,116.4798043,39.91935415
雕塑时代,风景名胜,风景名胜,风景名胜,东四环中路与朝阳路交叉口东北100米,北京市,北京市,朝阳区,116.4848186,39.91480102
询问台,风景名胜,风景名胜相关,旅游景点,we·life未来汇北京市朝阳区慈云寺北里209号B1,北京市,北京市,朝阳区,116.4861587,39.91484798
十里堡城市广场,风景名胜,公园广场,城市广场,十里堡甲3号院2号楼,北京市,北京市,朝阳区,116.4962972,39.91383721
一山,风景名胜,风景名胜相关,旅游景点,十里堡路,北京市,北京市,朝阳区,116.4977309,39.91956124
太阳娱乐文化,风景名胜,公园广场,城市广场,八里庄东里1号莱锦文化创意产业园a205,北京市,北京市,朝阳区,116.4903778,39.91379355
十北文化公园,风景名胜,公园广场,公园,朝阳无线路西200米,北京市,北京市,朝阳区,116.502258,39.9190357
中北文化公园,风景名胜,公园广场,公园,朝阳无线路西200米十北文化公园附近,北京市,北京市,朝阳区,116.5017562,39.91899422
十北公园,风景名胜,公园广场,公园,朝阳无线路西200米十北文化公园附近,北京市,北京市,朝阳区,116.501985,39.91929588
八里庄绿无限公园,风景名胜,公园广场,公园,朝阳无线路八里庄绿无限公园附近,北京市,北京市,朝阳区,116.5056287,39.91795867
兴隆公园,风景名胜,公园广场,公园,高碑店乡兴隆庄甲8号,北京市,北京市,朝阳区,116.5278344,39.91155421
花西文化广场,风景名胜,公园广场,城市广场,朝阳路辅路南50米,北京市,北京市,朝阳区,116.5412337,39.91440037
周恩来,风景名胜,风景名胜,风景名胜,定福庄南里1号第二外国语学院北京第二外国语学院翔宇楼附近,北京市,北京市,朝阳区,116.5582298,39.91312317
中国传媒大学古树保护群,风景名胜,风景名胜,风景名胜,定福庄东街1号中国传媒大学,北京市,北京市,朝阳区,116.550078,39.91270282
中国传媒大学至善亭,风景名胜,风景名胜,风景名胜,定福庄东街1号中国传媒大学,北京市,北京市,朝阳区,116.5505632,39.91147174
管庄清真寺,风景名胜,风景名胜,回教寺,朝阳路与管庄路交叉口北150米,北京市,北京市,朝阳区,116.5850903,39.91238111
连心园社区休闲广场,风景名胜,公园广场,城市广场,常营,北京市,北京市,朝阳区,116.6013603,39.91780579
三八国际友谊林,风景名胜,风景名胜,风景名胜,京榆旧线与天成桥交叉口西北150米,北京市,北京市,通州区,116.6201156,39.91439627
西马乐园,风景名胜,公园广场,公园,市场北街西100米,北京市,北京市,通州区,116.6261217,39.91150807
八里桥景观生态林,风景名胜,风景名胜,风景名胜,京榆旧线与天成桥交叉口西北100米,北京市,北京市,通州区,116.62049,39.91406186
西农大富通基地,风景名胜,风景名胜相关,旅游景点,潞城镇贾后瞳村,北京市,北京市,通州区,116.6352977,39.91184186
商苑,风景名胜,公园广场,公园,北关大街88号,北京市,北京市,通州区,116.6426029,39.91955458
北阁清真寺,风景名胜,风景名胜,回教寺,新华北路19号附近,北京市,北京市,通州区,116.6497433,39.918454
北关清真寺,风景名胜,风景名胜,回教寺,永顺北街皇木厂,北京市,北京市,通州区,116.6493284,39.91870274
入景亭,风景名胜,公园广场,公园,滨河北路与滨惠南一街交叉口南100米,北京市,北京市,通州区,116.6610113,39.91656293
通州三教庙,风景名胜,风景名胜,寺庙道观,大成街1号(北大街司空小区北侧),北京市,北京市,通州区,116.6602538,39.9139765
漕运观光码头,风景名胜,风景名胜,风景名胜,河滨路1号月亮河度假村,北京市,北京市,通州区,116.6660235,39.92071313
大光楼,风景名胜,风景名胜,风景名胜,滨惠南一街与滨河路交叉口东150米,北京市,北京市,通州区,116.6622059,39.91675864
通州三塔(建设中),风景名胜,风景名胜,风景名胜,芙蓉西路,北京市,北京市,通州区,116.6667238,39.91807089
月亮河公园,风景名胜,公园广场,公园,芙蓉西路东月亮河足球公园,北京市,北京市,通州区,116.6733343,39.91537833
运河文化广场,风景名胜,公园广场,城市广场,通胡大街通州运河公园内,北京市,北京市,通州区,116.6752463,39.91224684
国花园,风景名胜,风景名胜,风景名胜,京杭大运河旁、耿庄桥路南北关环岛东南角,北京市,北京市,通州区,116.6794656,39.91967862
北京听荷居-运河公园旁K2百合湾经典大两居复式,风景名胜,风景名胜相关,旅游景点,紫运中路西100米,北京市,北京市,通州区,116.6857504,39.91154155
减河公园(堡龙路),风景名胜,公园广场,公园,堡龙路北50米,北京市,北京市,通州区,116.6952577,39.9203321
潞城中心公园,风景名胜,公园广场,公园,通胡路,北京市,北京市,通州区,116.7062725,39.91849402
召里观音寺,风景名胜,风景名胜,寺庙道观,潞城镇召里村,北京市,北京市,通州区,116.724458,39.92015093
汉路县城遗址,风景名胜,风景名胜,风景名胜,胡各庄乡古城村东北,北京市,北京市,通州区,116.7202851,39.91329063
CKC国际宠物公园,风景名胜,公园广场,公园,白庙宋庄镇大邓各庄村西南角,北京市,北京市,通州区,116.746728,39.91525668
同融书院,风景名胜,风景名胜相关,旅游景点,宋庄镇师姑庄村南,北京市,北京市,通州区,116.7622928,39.91192365
潭柘寺,风景名胜,风景名胜,寺庙道观,潭柘寺镇潭柘山下,北京市,北京市,门头沟区,116.0243926,39.90190601
西观音洞,风景名胜,风景名胜,风景名胜,东南部潭柘山麓潭柘寺内,北京市,北京市,门头沟区,116.0227781,39.90438724
龙潭,风景名胜,风景名胜,风景名胜,东南部潭柘山麓潭柘寺内,北京市,北京市,门头沟区,116.0208592,39.91014322
慈灵默佑,风景名胜,风景名胜,风景名胜,东南部潭柘山麓潭柘寺内,北京市,北京市,门头沟区,116.0227781,39.90438724
虎神,风景名胜,风景名胜,风景名胜,东南部潭柘山麓潭柘寺内,北京市,北京市,门头沟区,116.0231819,39.90403516
烟霞庵,风景名胜,风景名胜,风景名胜,东南部潭柘山麓潭柘寺内,北京市,北京市,门头沟区,116.0267399,39.90857852
歇心亭,风景名胜,风景名胜,风景名胜,桑峪村中街22号,北京市,北京市,门头沟区,116.0267539,39.9083935
少师静室遗址,风景名胜,风景名胜,风景名胜,,北京市,北京市,门头沟区,116.027752,39.90829191
明王殿,风景名胜,风景名胜,风景名胜,,北京市,北京市,门头沟区,116.0277521,39.90738495
土地庙,风景名胜,风景名胜,寺庙道观,东南部潭柘山麓潭柘寺内,北京市,北京市,门头沟区,116.026184,39.90504913
梨树院,风景名胜,风景名胜,风景名胜,桑峪村中街22号,北京市,北京市,门头沟区,116.0237899,39.90586645
广慧寺,风景名胜,风景名胜,风景名胜,桑峪村中街7号,北京市,北京市,门头沟区,116.041375,39.9057186
定都阁,风景名胜,风景名胜,风景名胜,潭柘寺镇定都峰上,北京市,北京市,门头沟区,116.0495048,39.90531527
宝林寺,风景名胜,风景名胜,寺庙道观,永定镇冯村西,北京市,北京市,门头沟区,116.0822824,39.9095059
冯村公园,风景名胜,公园广场,公园,永定冯村后街68号信园小区对面,北京市,北京市,门头沟区,116.1042152,39.90548403
光荣园,风景名胜,公园广场,公园,大台街道冯村,北京市,北京市,门头沟区,116.1047612,39.9104361
莲石湖湿地公园,风景名胜,公园广场,公园,京原路,北京市,北京市,门头沟区,116.145702,39.90305177
首钢工业遗址公园(装修中),风景名胜,公园广场,公园,石景山路68号首钢集团厂区内,北京市,北京市,石景山区,116.1574715,39.90828758
石景山古城公园,风景名胜,公园广场,公园,古城南路1号,北京市,北京市,石景山区,116.187118,39.91049357
石景山雕塑公园,风景名胜,公园广场,公园,八角南路49号,北京市,北京市,石景山区,116.1936804,39.91061331
北京石景山游乐园,体育休闲服务,休闲场所,游乐场|风景名胜,石景山路25号(地铁一号线八角游乐园站西50米),北京市,北京市,石景山区,116.2025135,39.91079936
首钢松林公园,风景名胜,公园广场,公园,八角桥与石景山路交叉口,北京市,北京市,石景山区,116.2012326,39.90430586
天主教北京教区南堂总铎石景山分铎,风景名胜,风景名胜,教堂,石景山路18号,北京市,北京市,石景山区,116.2185634,39.90754689
鲁谷路南侧路肩及绿地,风景名胜,风景名胜相关,旅游景点,鲁谷路124号附近,北京市,北京市,石景山区,116.2116927,39.90235719
人口文化长廊,风景名胜,风景名胜相关,旅游景点,老山南路,北京市,北京市,石景山区,116.2178932,39.90890722
天主堂,风景名胜,风景名胜,教堂,石景山路18号,北京市,北京市,石景山区,116.2185775,39.90738691
宋慈,风景名胜,风景名胜,风景名胜,鲁谷路38号附近,北京市,北京市,石景山区,116.2213501,39.90243149
爱的使者志愿者塑像,风景名胜,风景名胜相关,旅游景点,石景山路与老山东街交叉口北100米,北京市,北京市,石景山区,116.2205054,39.90671661
鲁谷西,风景名胜,风景名胜相关,旅游景点,鲁谷路106号,北京市,北京市,石景山区,116.2289853,39.90240262
八宝山(A口),风景名胜,风景名胜相关,旅游景点,上庄大街与石景山路交叉口西100米,北京市,北京市,石景山区,116.2290238,39.90643446
八宝山(D口),风景名胜,风景名胜相关,旅游景点,八宝山地铁站D口(石景山路南),北京市,北京市,石景山区,116.2290869,39.90602352
永乐小区-CDE文化休闲广场,风景名胜,公园广场,城市广场,永乐东街与鲁谷路交叉口南150米,北京市,北京市,石景山区,116.227683,39.90151693
永乐小区CRD文化休闲广场,风景名胜,公园广场,城市广场,永乐东街与鲁谷路交叉口南150米,北京市,北京市,石景山区,116.2275869,39.90144788
北京国际雕塑公园,风景名胜,公园广场,公园,石景山路2号(地铁玉泉路A出口西侧),北京市,北京市,石景山区,116.2385545,39.90480496
崇兴庵,风景名胜,风景名胜,风景名胜,远洋山水小区北区东门,北京市,北京市,石景山区,116.2346854,39.90138213
八宝山(B口),风景名胜,风景名胜相关,旅游景点,上庄大街与石景山路交叉口东100米,北京市,北京市,石景山区,116.2306314,39.90646228
崖木臼馆,风景名胜,风景名胜相关,旅游景点,上庄大街附近,北京市,北京市,石景山区,116.2300916,39.90851592
道观怀澄,风景名胜,风景名胜相关,旅游景点,八宝山地铁站B东北口北200米,北京市,北京市,石景山区,116.2312277,39.90807448
崖柏馆,风景名胜,风景名胜相关,旅游景点,上庄大街附近,北京市,北京市,石景山区,116.2300786,39.90850192
北京国际雕塑公园东区,风景名胜,公园广场,公园,玉泉路108号附近,北京市,北京市,石景山区,116.244738,39.90454638
北京国际雕塑公园-柱,风景名胜,风景名胜,风景名胜,石景山路,北京市,北京市,石景山区,116.2430054,39.90555437
北京国际雕塑公园-易,风景名胜,风景名胜,风景名胜,玉泉路与鲁谷路交叉口西北200米,北京市,北京市,石景山区,116.2451382,39.90363239
北京国际雕塑公园-头,风景名胜,风景名胜,风景名胜,石景山路附近,北京市,北京市,石景山区,116.2431585,39.9047444
北京国际雕塑公园-月亮镜,风景名胜,风景名胜,风景名胜,八宝山玉泉路月亮镜(鲁谷74号院附近),北京市,北京市,石景山区,116.24166,39.90476935
北京国际雕塑公园-临风,风景名胜,风景名胜,风景名胜,石景山路南100米,北京市,北京市,石景山区,116.2427043,39.90543537
北京国际雕塑公园-核,风景名胜,风景名胜,风景名胜,八宝山高山流水(玉泉路地铁站西南),北京市,北京市,石景山区,116.2424383,39.9044544
北京国际雕塑公园-牛,风景名胜,风景名胜,风景名胜,鲁谷路附近,北京市,北京市,石景山区,116.2417661,39.90424238
北京国际雕塑公园-勒达,风景名胜,风景名胜,风景名胜,勒达(玉泉路地铁站西220米),北京市,北京市,石景山区,116.2434685,39.90566936
北京国际雕塑公园-童年的记忆,风景名胜,风景名胜,风景名胜,石景山路2号北京国际雕塑公园内,北京市,北京市,石景山区,116.2425143,39.90498538
北京国际雕塑公园-细语,风景名胜,风景名胜,风景名胜,石景山路附近,北京市,北京市,石景山区,116.2432756,39.90470341
北京国际雕塑公园-米芾拜石,风景名胜,风景名胜,风景名胜,复兴路米芾拜石(远洋·沁山水北),北京市,北京市,石景山区,116.2447482,39.90319044
北京国际雕塑公园-竹鸡,风景名胜,风景名胜,风景名胜,石槽中街与鲁谷路交叉口西北200米,北京市,北京市,石景山区,116.2419582,39.90413339
北京国际雕塑公园-女娲,风景名胜,风景名胜,风景名胜,石景山路南200米,北京市,北京市,石景山区,116.2425763,39.90476339
北京国际雕塑公园-远望紫禁城,风景名胜,风景名胜,风景名胜,石槽中街与鲁谷路交叉口北200米,北京市,北京市,石景山区,116.2426134,39.90437741
北京国际雕塑公园-生机,风景名胜,风景名胜,风景名胜,石槽中街与鲁谷路交叉口北200米,北京市,北京市,石景山区,116.2433757,39.90421843
北京国际雕塑公园-凯风,风景名胜,风景名胜,风景名胜,凯风(玉泉路地铁站西南270米),北京市,北京市,石景山区,116.2434646,39.90456341
北京国际雕塑公园-城市穿梭,风景名胜,风景名胜,风景名胜,八宝山城市穿梭(玉泉路地铁站西),北京市,北京市,石景山区,116.2425243,39.90486039
北京国际雕塑公园-寓言故事,风景名胜,风景名胜,风景名胜,石槽中街与鲁谷路交叉口西北200米,北京市,北京市,石景山区,116.2418841,39.90420139
北京国际雕塑公园-盛大节曰,风景名胜,风景名胜,风景名胜,鲁谷路附近,北京市,北京市,石景山区,116.24163,39.90429537
严济慈院长塑像,风景名胜,风景名胜,风景名胜,玉泉路19号甲,北京市,北京市,石景山区,116.2439323,39.90876223
北京国际雕塑公园-妃子笑,风景名胜,风景名胜,风景名胜,石景山路南100米,北京市,北京市,石景山区,116.2426033,39.90531937
北京国际雕塑公园-宇宙吸引者,风景名胜,风景名胜相关,旅游景点,石景山路南150米,北京市,北京市,石景山区,116.2425403,39.90519837
北京国际雕塑公园-绣花女,风景名胜,风景名胜,风景名胜,玉泉路绣花女(玉泉大厦东南150米),北京市,北京市,石景山区,116.2431745,39.90529138
北京国际雕塑公园-咫尺山河,风景名胜,风景名胜,风景名胜,咫尺山河(玉泉路地铁站西),北京市,北京市,石景山区,116.2433915,39.90546937
北京国际雕塑公园-思想,风景名胜,风景名胜,风景名胜,玉泉路与鲁谷路交叉口西北200米,北京市,北京市,石景山区,116.2452992,39.90375338
北京国际雕塑公园-对歌,风景名胜,风景名胜,风景名胜,对歌(玉泉路地铁站西250米),北京市,北京市,石景山区,116.2432625,39.90549037
北京国际雕塑公园-多面世界,风景名胜,风景名胜,风景名胜,多面世界(玉泉路地铁站西),北京市,北京市,石景山区,116.2435786,39.90553637
北京国际雕塑公园-冰上漫游,风景名胜,风景名胜,风景名胜,玉泉路冰上漫游(鲁谷74号院东100米),北京市,北京市,石景山区,116.2432546,39.90421843
北京国际雕塑公园-合而为一,风景名胜,风景名胜,风景名胜,石景山路南150米,北京市,北京市,石景山区,116.2414389,39.90480533
北京国际雕塑公园-力量,风景名胜,风景名胜,风景名胜,八宝山力量(玉泉路地铁站西南),北京市,北京市,石景山区,116.2431345,39.90458041
北京国际雕塑公园-吉祥物,风景名胜,风景名胜,风景名胜,八宝山吉祥物(玉泉路地铁站西南),北京市,北京市,石景山区,116.2414749,39.90449535
北京国际雕塑公园-融合,风景名胜,风景名胜,风景名胜,石槽中街与鲁谷路交叉口北200米,北京市,北京市,石景山区,116.2434077,39.90436142
北京国际雕塑公园-太阳碑,风景名胜,风景名胜,风景名胜,鲁谷路北200米,北京市,北京市,石景山区,116.241592,39.90437336
北京国际雕塑公园-年轻女子,风景名胜,风景名胜相关,旅游景点,八宝山玉泉路鲁谷74号院旁,北京市,北京市,石景山区,116.241475,39.90416036
北京国际雕塑公园-和平太空舞,风景名胜,风景名胜,风景名胜,和平太空舞(玉泉路地铁站西南),北京市,北京市,石景山区,116.2413409,39.90434134
北京国际雕塑公园-古都雄风,风景名胜,风景名胜相关,旅游景点,石槽中街与鲁谷路交叉口西北200米,北京市,北京市,石景山区,116.2416201,39.90409438
北京国际雕塑公园-跳舞的哲学家,风景名胜,风景名胜,风景名胜,石景山路南100米,北京市,北京市,石景山区,116.2427803,39.90550137
北京国际雕塑公园-相爰至深,风景名胜,风景名胜,风景名胜,玉泉路与鲁谷路交叉口西200米,北京市,北京市,石景山区,116.2449002,39.90331242
百鸟园,风景名胜,风景名胜相关,旅游景点,鲁谷路南150米,北京市,北京市,石景山区,116.2400607,39.90131335
一呼百应,风景名胜,风景名胜,风景名胜,石景山路3号玉泉大厦4楼常青藤青年创业工作室145号,北京市,北京市,石景山区,116.2420829,39.90670129
北京国际雕塑公园(北门),风景名胜,风景名胜相关,旅游景点,石景山路2号,北京市,北京市,石景山区,116.2444597,39.90604933
铁道兵纪念馆暨中国铁建展览馆,风景名胜,风景名胜,纪念馆,复兴路40号院科研楼附近,北京市,北京市,海淀区,116.2499164,39.90555056
国家开放大学校园绿化休闲区,风景名胜,风景名胜,风景名胜,西四环中路辅路45号附近,北京市,北京市,海淀区,116.2672535,39.90667868
五棵松雪世界,体育休闲服务,运动场馆,滑雪场|风景名胜,西四环复兴路69号,北京市,北京市,海淀区,116.2745729,39.90746335
五棵松公园,风景名胜,公园广场,公园,西四环中路与西四环中路入口交叉口东北150米,北京市,北京市,海淀区,116.2691423,39.9106458
五棵松文化体育广场,风景名胜,公园广场,城市广场,复兴路附近,北京市,北京市,海淀区,116.2747497,39.90768514
五棵松奥林匹克文化公园,风景名胜,公园广场,公园,西四环长安街口东北角(301医院北),北京市,北京市,海淀区,116.2694362,39.90931458
兴源青龙湖,风景名胜,风景名胜相关,旅游景点,万寿路西街4号,北京市,北京市,海淀区,116.2821557,39.908296
心觉没计,风景名胜,风景名胜,风景名胜,翠微路2号附近,北京市,北京市,海淀区,116.2931472,39.90961769
计划生育文化墙,风景名胜,风景名胜相关,旅游景点,万寿路东街北50米,北京市,北京市,海淀区,116.2934399,39.90785129
空军礼堂广场,风景名胜,公园广场,城市广场,,北京市,北京市,海淀区,116.3074801,39.90219612
普会寺遗址碑记,风景名胜,风景名胜,风景名胜,普惠西街与玉渊潭南路交叉口东南200米,北京市,北京市,海淀区,116.3001614,39.91073788
亲农耕农业体验园(五棵松站),风景名胜,风景名胜相关,旅游景点,新兴桥,北京市,北京市,海淀区,116.3016507,39.90790639
中华世纪坛,风景名胜,风景名胜,风景名胜,复兴路甲9号(中央电视台与军事博物馆之间),北京市,北京市,海淀区,116.315207,39.9092773
世纪园,风景名胜,公园广场,公园,玉渊潭南路11号,北京市,北京市,海淀区,116.3177192,39.91040245
中华世纪钟,风景名胜,风景名胜,风景名胜,军博西路与玉渊潭南路交叉口东北150米,北京市,北京市,海淀区,116.3167164,39.91057336
世界艺术馆精品陈列厅,风景名胜,风景名胜,风景名胜,军博西路与玉渊潭南路交叉口南150米,北京市,北京市,海淀区,116.3156331,39.90886951
乾隆御制碑,风景名胜,风景名胜,风景名胜,复兴门外大街16号首都博物馆内,北京市,北京市,西城区,116.3367863,39.90556241
徽商故里(三里河店),餐饮服务,中餐厅,安徽菜(徽菜)|风景名胜,三里河东路7号,北京市,北京市,西城区,116.3384541,39.91024816
北京营城建都滨水绿道,风景名胜,公园广场,公园,白云观街北里附近,北京市,北京市,西城区,116.3290737,39.90520889
南礼士路公园,风景名胜,公园广场,公园,南礼士路58号,北京市,北京市,西城区,116.3484692,39.90936179
白云公园,风景名胜,公园广场,公园,真武庙路四条8号,北京市,北京市,西城区,116.3391627,39.90119128
真武庙三条,风景名胜,风景名胜,风景名胜,真武庙六里与真武庙路四条交叉口北100米,北京市,北京市,西城区,116.3428805,39.9024056
都城隍庙后殿,风景名胜,风景名胜,风景名胜,复兴门金融大街33号通泰大厦对面(近投资广场),北京市,北京市,西城区,116.3540187,39.90907899
金融街广场,风景名胜,公园广场,城市广场,金融大街35号,北京市,北京市,西城区,116.3510473,39.90875764
华泰保险绿地,风景名胜,风景名胜,风景名胜,复兴门北顺城街与西兴盛胡同交叉口西北50米,北京市,北京市,西城区,116.3510422,39.90910363
镶红旗满洲都统衙门,风景名胜,风景名胜,风景名胜,新文化街137号,北京市,北京市,西城区,116.3588061,39.90263128
圆宏寺,风景名胜,风景名胜,风景名胜,园宏胡同5号,北京市,北京市,西城区,116.3575295,39.90105816
醇亲王府南府,风景名胜,风景名胜,风景名胜,鲍家街43号及宗帽胡同甲2号,北京市,北京市,西城区,116.3541244,39.90143617
中央音乐学院查阜西纪念馆,风景名胜,风景名胜,纪念馆,鲍家街43号中央音乐学院图书馆楼2楼,北京市,北京市,西城区,116.3520483,39.90110939
南礼士路公园-曦园春早,风景名胜,公园广场,公园,复兴门桥与西二环交叉口西北50米,北京市,北京市,西城区,116.350093,39.90952113
李大钊故居,风景名胜,风景名胜,纪念馆,文华胡同24号(中央音乐学院附近),北京市,北京市,西城区,116.3597125,39.90334899
郑王府,风景名胜,风景名胜,风景名胜,二龙路大木仓胡同34号,北京市,北京市,西城区,116.3644961,39.91066644
克勤郡王府,风景名胜,风景名胜,纪念馆,新文化街53号,北京市,北京市,西城区,116.3630373,39.9031926
北京市鲁迅中学-京师女子师范学院,风景名胜,风景名胜,纪念馆,新文化街45号,北京市,北京市,西城区,116.3650053,39.90316515
京师女子师范学堂旧址,风景名胜,风景名胜,纪念馆,受水河胡同与新文化街交叉口东北100米,北京市,北京市,西城区,116.3650093,39.90316614
清学部,风景名胜,风景名胜,风景名胜,西单路口南教育街1号,北京市,北京市,西城区,116.3673399,39.90425335
北京第二实验小学旧址,风景名胜,风景名胜,风景名胜,东铁匠胡同,北京市,北京市,西城区,116.3645299,39.90426268
克勤郡王府东路建筑遗存,风景名胜,风景名胜相关,旅游景点,新文化街丙47号附近,北京市,北京市,西城区,116.3636274,39.90270187
受水河胡同,风景名胜,风景名胜相关,旅游景点,新文化街42号院,北京市,北京市,西城区,116.3669009,39.90164797
唛姬maggie末世避难所体验空间,风景名胜,风景名胜相关,旅游景点,西单北大街甲131号西单大悦城B1中庭,北京市,北京市,西城区,116.3667561,39.90950179
敬谨亲王府,风景名胜,风景名胜相关,旅游景点,教育街3号,北京市,北京市,西城区,116.3664792,39.90387936
西单文化广场,风景名胜,公园广场,城市广场,西单北大街180号,北京市,北京市,西城区,116.3690064,39.90678039
四合院,风景名胜,风景名胜,纪念馆,大六部口街与小六部口胡同交叉口东北50米,北京市,北京市,西城区,116.3754634,39.90401624
圣雄甘地,风景名胜,风景名胜,风景名胜,钟声胡同7号(近明珠商场),北京市,北京市,西城区,116.3716299,39.90886557
陶乐园,风景名胜,风景名胜,风景名胜,西单兴隆街钟声胡同3号,北京市,北京市,西城区,116.3716359,39.90901756
霱公府,风景名胜,风景名胜,风景名胜,西绒线胡同51号,北京市,北京市,西城区,116.3708876,39.90296558
迷惑装置展,风景名胜,风景名胜相关,旅游景点,横二条59号西单明珠7层,北京市,北京市,西城区,116.3697133,39.90895354
吕祖阁,风景名胜,风景名胜相关,旅游景点,明光胡同6号,北京市,北京市,西城区,116.3759433,39.90132696
中山公园,风景名胜,公园广场,公园,中华路4号(天安门西侧),北京市,北京市,东城区,116.3881101,39.90931631
长安街,风景名胜,风景名胜,风景名胜,广场西侧路与西长安街交叉口,北京市,北京市,东城区,116.3887522,39.90614923
北海公园-瀛台,风景名胜,风景名胜,风景名胜,北海公园南海湖心岛,北京市,北京市,西城区,116.379621,39.90936678
天安门,风景名胜,风景名胜,国家级景点,东长安街,北京市,北京市,东城区,116.3912334,39.90728851
天安门广场,风景名胜,公园广场,城市广场,东长安街,北京市,北京市,东城区,116.391483,39.90236367
太庙,风景名胜,风景名胜,风景名胜,北京市劳动人民文化宫内,北京市,北京市,东城区,116.3936197,39.91021298
端门,风景名胜,风景名胜,风景名胜,天安门城楼与故宫之间,北京市,北京市,东城区,116.3910303,39.90900048
皇史宬,风景名胜,风景名胜,风景名胜,南池子大街136号,北京市,北京市,东城区,116.3976471,39.90837494
菖蒲河公园,风景名胜,公园广场,公园,菖蒲河沿9号,北京市,北京市,东城区,116.3974943,39.90721898
天安门观礼台,风景名胜,风景名胜,风景名胜,东长安街天安门内,北京市,北京市,东城区,116.3903467,39.90695973
燎炉,风景名胜,风景名胜,风景名胜,劳动人民文化宫内,北京市,北京市,东城区,116.3933529,39.90932505
井亭,风景名胜,风景名胜,风景名胜,故宫内,北京市,北京市,东城区,116.3943598,39.90913495
郜三喜像,风景名胜,风景名胜,风景名胜,故宫内,北京市,北京市,东城区,116.392617,39.90862718
时传祥同志,风景名胜,风景名胜,风景名胜,故宫内,北京市,北京市,东城区,116.392931,39.90862714
前琉璃门,风景名胜,风景名胜,风景名胜,劳动人民文化宫,北京市,北京市,东城区,116.3938319,39.90880601
石墩,风景名胜,风景名胜,风景名胜,劳动人民文化宫内,北京市,北京市,东城区,116.392833,39.90844416
太子林,风景名胜,风景名胜,风景名胜,故宫内,北京市,北京市,东城区,116.3943119,39.90848798
祧庙东配殿,风景名胜,风景名胜,风景名胜,故宫内,北京市,北京市,东城区,116.3943126,39.91088288
光荣榜,风景名胜,风景名胜,风景名胜,故宫内,北京市,北京市,东城区,116.393044,39.90844713
西配殿,风景名胜,风景名胜,风景名胜,中山公园内,北京市,北京市,东城区,116.3927469,39.90979611
太庙右门,风景名胜,风景名胜,风景名胜,劳动人民文化宫内,北京市,北京市,东城区,116.391871,39.90961627
中山公园-长廊(广场西路),风景名胜,风景名胜,风景名胜,故宫内,北京市,北京市,东城区,116.3892928,39.90804198
中山公园-保卫和平坊,风景名胜,风景名胜,风景名胜,中华路4号,北京市,北京市,东城区,116.3898127,39.90775884
游龙戏水,风景名胜,风景名胜,风景名胜,东华门路附近,北京市,北京市,东城区,116.3927428,39.91058608
中山公园-金鱼廊,风景名胜,风景名胜,风景名胜,景山前街4号,北京市,北京市,东城区,116.3897544,39.91059274
戟门,风景名胜,风景名胜,风景名胜,劳动人民文化宫内,北京市,北京市,东城区,116.3937559,39.90915801
太庙东配殿,风景名胜,风景名胜,风景名胜,,北京市,北京市,东城区,116.3942328,39.90986093
中山公园-青云片兰室,风景名胜,风景名胜,风景名胜,广场西侧路与西长安街交叉口北200米,北京市,北京市,东城区,116.3897527,39.90789485
外金水桥,风景名胜,风景名胜,风景名胜,东长安街天安门内,北京市,北京市,东城区,116.3913935,39.9066355
东方神州书画院,风景名胜,风景名胜,风景名胜,故宫内,北京市,北京市,东城区,116.3942897,39.91065289
中山公园-孙中山像,风景名胜,风景名胜,风景名胜,故宫内,北京市,北京市,东城区,116.3892738,39.90830098
戟门桥,风景名胜,风景名胜,风景名胜,劳动人民文化宫内,北京市,北京市,东城区,116.3936449,39.90897403
中山公园-长青园,风景名胜,风景名胜,风景名胜,故宫内,北京市,北京市,东城区,116.3900983,39.91033965
神柏,风景名胜,风景名胜,风景名胜,故宫内,北京市,北京市,东城区,116.393292,39.9083711
中山公园-槐柏合抱,风景名胜,风景名胜,风景名胜,故宫内,北京市,北京市,东城区,116.3896337,39.90846286
中山公园-愉园,风景名胜,风景名胜,风景名胜,故宫内,北京市,北京市,东城区,116.3894044,39.91078983
鹿形柏,风景名胜,风景名胜,风景名胜,故宫内,北京市,北京市,东城区,116.3922049,39.9098022
中山公园-投壶亭,风景名胜,风景名胜,风景名胜,故宫内,北京市,北京市,东城区,116.3899445,39.90927574
天安门华表,风景名胜,风景名胜,风景名胜,东长安街天安门内,北京市,北京市,东城区,116.3906676,39.90665467
天安门前石狮子,风景名胜,风景名胜,风景名胜,东长安街天安门内,北京市,北京市,东城区,116.3908066,39.90650464
中山公园-来今雨轩,风景名胜,风景名胜,风景名胜,故宫内,北京市,北京市,东城区,116.3901295,39.90870671
享殿,风景名胜,风景名胜,风景名胜,劳动人民文化宫内,北京市,北京市,东城区,116.3936028,39.91013798
寝殿(中殿),风景名胜,风景名胜,风景名胜,故宫内,北京市,北京市,东城区,116.3936017,39.91059196
太庙街门,风景名胜,风景名胜,风景名胜,故宫内,北京市,北京市,东城区,116.3920791,39.90835429
艺苑,风景名胜,风景名胜,风景名胜,劳动人民文化宫内,北京市,北京市,东城区,116.3919679,39.91044322
享殿西配殿,风景名胜,风景名胜,风景名胜,故宫内,北京市,北京市,东城区,116.3930598,39.90980307
中山公园-松柏交翠亭,风景名胜,风景名胜,风景名胜,故宫内,北京市,北京市,东城区,116.3900954,39.90984167
井亭,风景名胜,风景名胜,风景名胜,故宫内,北京市,北京市,东城区,116.3929709,39.90908511
祧庙西配殿,风景名胜,风景名胜,风景名胜,故宫内,北京市,北京市,东城区,116.3930907,39.91084002
寝殿东配殿,风景名胜,风景名胜,风景名胜,故宫内,北京市,北京市,东城区,116.3941967,39.9105009
中山公园-桃源,风景名胜,风景名胜,风景名胜,故宫内,北京市,北京市,东城区,116.3889418,39.90885506
花坞,风景名胜,风景名胜,风景名胜,故宫内,北京市,北京市,东城区,116.392778,39.90915814
中山公园-南极岩石,风景名胜,风景名胜,风景名胜,故宫内,北京市,北京市,东城区,116.3903424,39.90929363
灰鹤园,风景名胜,风景名胜,风景名胜,故宫内,北京市,北京市,东城区,116.3955089,39.9085359
享殿东配殿,风景名胜,风景名胜,风景名胜,故宫内,北京市,北京市,东城区,116.3942348,39.90982193
寝殿西配殿,风景名胜,风景名胜,风景名胜,故宫内,北京市,北京市,东城区,116.3930598,39.91042104
中山公园-青云片,风景名胜,风景名胜,风景名胜,故宫内,北京市,北京市,东城区,116.3901596,39.90818073
中山公园-科普小屋,风景名胜,风景名胜,风景名胜,故宫内,北京市,北京市,东城区,116.3902512,39.9105096
五色门,风景名胜,风景名胜,风景名胜,南河沿大街69号附近,北京市,北京市,东城区,116.3939719,39.90853901
中殿,风景名胜,风景名胜相关,旅游景点,中华路10号,北京市,北京市,东城区,116.3937947,39.91052994
翰林院遗址,风景名胜,风景名胜,风景名胜,东长安街路南公安部内,北京市,北京市,东城区,116.3999332,39.90412337
前圆恩寺街,风景名胜,风景名胜,教堂,王府井小吃街与老北京风情街交叉口东南50米,北京市,北京市,东城区,116.4045134,39.90951034
云中公园避暑圣地,风景名胜,公园广场,公园,南口袋胡同与晨光街交叉口西50米,北京市,北京市,东城区,116.4007768,39.9091223
圣弥额尔天主堂,风景名胜,风景名胜,教堂,东交民巷甲13号,北京市,北京市,东城区,116.4058422,39.90130822
王府井休闲广场,风景名胜,公园广场,城市广场,大甜水井胡同王府井步行街,北京市,北京市,东城区,116.4052577,39.91020759
法国邮政局旧址,风景名胜,风景名胜,风景名胜,东交民巷19-1号,北京市,北京市,东城区,116.4032558,39.90140127
协和医学院旧址,风景名胜,风景名胜,风景名胜,东单三条9号,北京市,北京市,东城区,116.4084429,39.90963511
法国使馆旧址,风景名胜,风景名胜,风景名胜,东交民巷15号,北京市,北京市,东城区,116.4045964,39.90228168
王府古井,风景名胜,风景名胜,风景名胜,王府井小吃街内,北京市,北京市,东城区,116.4042162,39.90949623
肃亲王府,风景名胜,风景名胜相关,旅游景点,正义路东侧,北京市,北京市,东城区,116.4010466,39.90394258
奥匈使馆旧址,风景名胜,风景名胜,风景名胜,台基厂头条3号,北京市,北京市,东城区,116.4072847,39.90451473
觉得,风景名胜,风景名胜相关,旅游景点,王府井大街281号北京工美集团工美大厦4层,北京市,北京市,东城区,116.4056701,39.90941679
东长安街,风景名胜,风景名胜相关,旅游景点,东长安街10-33号楼附近,北京市,北京市,东城区,116.402857,39.90630893
百花深处,风景名胜,风景名胜相关,旅游景点,王府井小吃街与老北京风情街交叉口东南50米,北京市,北京市,东城区,116.4034488,39.90987896
蕊亭,风景名胜,风景名胜相关,旅游景点,王府井小吃街与老北京风情街交叉口南50米,北京市,北京市,东城区,116.4034488,39.90987896
雁亭,风景名胜,风景名胜相关,旅游景点,王府井小吃街与老北京风情街交叉口南100米,北京市,北京市,东城区,116.4034488,39.90987896
正金银行旧址,风景名胜,风景名胜,风景名胜,东交民巷丙23号,北京市,北京市,东城区,116.4009909,39.90137668
意大利使馆旧址,风景名胜,风景名胜,纪念馆,台基厂大街1号,北京市,北京市,东城区,116.404599,39.90515556
日本公使馆旧址,风景名胜,风景名胜,风景名胜,东交民巷23-1号,北京市,北京市,东城区,116.4019702,39.90124091
南珠宫,风景名胜,风景名胜,风景名胜,王府井大街281号北京工美集团工美大厦2层,北京市,北京市,东城区,116.4056701,39.90941679
协和医院住宅群,风景名胜,风景名胜,纪念馆,北极阁三条胡同26号,北京市,北京市,东城区,116.4143415,39.90883511
东单公园,风景名胜,公园广场,公园,崇文门内大街9号,北京市,北京市,东城区,116.4108837,39.90350283
北京基督教会崇文门堂,风景名胜,风景名胜,教堂,建国门街道崇文门内后沟胡同丁2号,北京市,北京市,东城区,116.4142183,39.90148034
宁郡王府,风景名胜,风景名胜,风景名胜,东单大街北极阁三条71号,北京市,北京市,东城区,116.4126157,39.90915478
于谦祠,风景名胜,风景名胜,风景名胜,西裱褙胡同甲23号,北京市,北京市,东城区,116.41703,39.90629455
豫亲王府,风景名胜,风景名胜,风景名胜,东单三条协和医科大学内,北京市,北京市,东城区,116.4095699,39.90900777
古国遗韵,风景名胜,风景名胜相关,旅游景点,建国门内大街23号附近,北京市,北京市,东城区,116.4173631,39.90871176
碧玺水榭,风景名胜,风景名胜相关,旅游景点,建国门内大街22号,北京市,北京市,东城区,116.4165384,39.9064161
北京古观象台,风景名胜,风景名胜,风景名胜,建国门大街裱褙胡同2号,北京市,北京市,东城区,116.4281984,39.90571464
斯诺夫妇北京故居遗址,风景名胜,风景名胜,纪念馆,盔甲厂胡同6号,北京市,北京市,东城区,116.425979,39.90172179
中华爵,风景名胜,风景名胜,风景名胜,建国门内大街9号,北京市,北京市,东城区,116.422144,39.90730782
北京站北广场,风景名胜,公园广场,城市广场,北京站街与北京站西街交叉口南100米,北京市,北京市,东城区,116.4210038,39.90315671
建国门绿化广场,风景名胜,公园广场,城市广场,建国门内大街与建国门北大街交叉口西北100米,北京市,北京市,东城区,116.4279797,39.90804323
埃德加·斯诺与海伦·斯诺北京居住地旧址,风景名胜,风景名胜,纪念馆,盔甲厂胡同6号,北京市,北京市,东城区,116.4259569,39.90173176
宝成当铺旧址,风景名胜,风景名胜相关,旅游景点,东总布胡同与朝阳门南小街交叉口东南50米,北京市,北京市,东城区,116.4208977,39.91062927
展览区,风景名胜,风景名胜相关,旅游景点,建国门内大街18号恒基商城F1,北京市,北京市,东城区,116.422053,39.90563178
中国邮票博物馆,风景名胜,风景名胜相关,旅游景点,建国门内贡院西街6号(近长安大戏院),北京市,北京市,东城区,116.424811,39.90943795
贡院收藏会所,风景名胜,风景名胜相关,旅游景点,东总布胡同,北京市,北京市,东城区,116.4241197,39.91081302
cbd文化广场,风景名胜,公园广场,城市广场,建国门外,北京市,北京市,朝阳区,116.4362776,39.90236751
建外街道普法广场,风景名胜,公园广场,城市广场,景恒街与永安里东街交叉口东南50米,北京市,北京市,朝阳区,116.4452326,39.9042205
乐家花园,风景名胜,风景名胜,风景名胜,永安里东街与通惠河北路交叉口南100米,北京市,北京市,朝阳区,116.4449602,39.90155306
巴特福莱国际非物质文化遗产体验空间,风景名胜,风景名胜,风景名胜,东三环中路39号院-15号,北京市,北京市,朝阳区,116.4467729,39.90329177
庆丰公园,风景名胜,公园广场,公园,东三环中路39号,北京市,北京市,朝阳区,116.45846,39.90160884
中航工业花园,风景名胜,公园广场,公园广场,建国路128号,北京市,北京市,朝阳区,116.4578257,39.90403517
闪殿,风景名胜,风景名胜相关,旅游景点,建国门外大街1号国贸写字楼2座B1,北京市,北京市,朝阳区,116.4541485,39.90978304
庆丰闸遗址,风景名胜,风景名胜,风景名胜,通惠河北路附近,北京市,北京市,朝阳区,116.4625802,39.90326123
木头公园,风景名胜,公园广场,公园,建国路甲92号世茂大厦18层,北京市,北京市,朝阳区,116.4648796,39.90643311
庆丰公园-东园,风景名胜,公园广场,公园,通惠河北路与通惠河北路出口交叉口西南150米,北京市,北京市,朝阳区,116.4624519,39.90271492
铉香收藏空间,风景名胜,风景名胜相关,旅游景点,惠河北路郎家园6号郎园vintage9号楼,北京市,北京市,朝阳区,116.4642677,39.90513755
于忠洋水墨画展,风景名胜,风景名胜,风景名胜,郎家园6号,北京市,北京市,朝阳区,116.4640851,39.9045241
香港海洋公园北京代表处,风景名胜,公园广场,公园,建外街道建国路91号金地中心A座1603E,北京市,北京市,朝阳区,116.4676971,39.90794758
华贸广场,风景名胜,公园广场,公园广场,西大望路甲6号,北京市,北京市,朝阳区,116.4739211,39.90878275
顺景温泉,风景名胜,风景名胜相关,旅游景点,建国路85号,北京市,北京市,朝阳区,116.476109,39.90930294
慈云寺40,风景名胜,风景名胜相关,旅游景点,东四环中路辅路63号附近,北京市,北京市,朝阳区,116.4826892,39.91010296
伊莎文化广场,风景名胜,公园广场,城市广场,惠河南街,北京市,北京市,朝阳区,116.490609,39.90271972
智库灯塔,风景名胜,风景名胜相关,旅游景点,"壹线国际蜂巢艺术区8-11,8-12号",北京市,北京市,朝阳区,116.4973479,39.90787659
老子雕像,风景名胜,风景名胜,风景名胜,惠河南街1066号附近,北京市,北京市,朝阳区,116.5019286,39.90458134
佛教七宝砗磲珍藏馆荣海堂,风景名胜,风景名胜,风景名胜,惠河南街1108号附近,北京市,北京市,朝阳区,116.5026667,39.90162565
58号大院,风景名胜,风景名胜相关,旅游景点,建国路58号,北京市,北京市,朝阳区,116.4996419,39.90557552
孔子雕像,风景名胜,风景名胜,风景名胜,惠河南街1066号附近,北京市,北京市,朝阳区,116.5019286,39.90457734
通惠河畔,风景名胜,风景名胜,风景名胜,乡西店1118号,北京市,北京市,朝阳区,116.5035876,39.90611317
蜂巣,风景名胜,风景名胜相关,旅游景点,建国路与通惠河畔匝道桥交叉口东南50米,北京市,北京市,朝阳区,116.501575,39.90639822
仿故宫乾清宫宝座间,风景名胜,风景名胜,风景名胜,建国路23号中国紫檀博物馆紫檀宫1层,北京市,北京市,朝阳区,116.5202319,39.90915939
中国紫檀博物馆-仿故宫养心殿,风景名胜,风景名胜,风景名胜,建国路23号中国紫檀博物馆紫檀宫2层,北京市,北京市,朝阳区,116.5201515,39.90943616
紫檀雕故宫角楼,风景名胜,风景名胜,风景名胜,建国路23号中国紫檀博物馆紫檀宫1层,北京市,北京市,朝阳区,116.5202409,39.90915941
传统喜房,风景名胜,风景名胜,风景名胜,建国路23号中国紫檀博物馆紫檀宫2层,北京市,北京市,朝阳区,116.5202319,39.90915939
清明上河图插屏,风景名胜,风景名胜,风景名胜,建国路23号中国紫檀博物馆紫檀宫3层,北京市,北京市,朝阳区,116.5202048,39.90915231
王府四合院,风景名胜,风景名胜,风景名胜,建国路23号中国紫檀博物馆紫檀宫3层,北京市,北京市,朝阳区,116.5202319,39.90916639
乌木嵌黄杨云龙纹屏风,风景名胜,风景名胜,风景名胜,建国路23号中国紫檀博物馆紫檀宫2层,北京市,北京市,朝阳区,116.5202319,39.90915239
紫檀雕龙泉寺牌坊,风景名胜,风景名胜,风景名胜,建国路23号中国紫檀博物馆紫檀宫3层,北京市,北京市,朝阳区,116.5202048,39.90915231
百骏图插屏,风景名胜,风景名胜,风景名胜,建国路23号中国紫檀博物馆紫檀宫3层,北京市,北京市,朝阳区,116.5202048,39.90915231
紫檀雕千秋亭,风景名胜,风景名胜,风景名胜,建国路23号中国紫檀博物馆紫檀宫1层,北京市,北京市,朝阳区,116.5202228,39.90915236
紫檀雕飞云楼,风景名胜,风景名胜,风景名胜,建国路23号中国紫檀博物馆紫檀宫1层,北京市,北京市,朝阳区,116.5202409,39.90915941
传统书房,风景名胜,风景名胜,风景名胜,建国路23号中国紫檀博物馆紫檀宫2层,北京市,北京市,朝阳区,116.5202228,39.90915936
明式正厅,风景名胜,风景名胜,风景名胜,建国路23号中国紫檀博物馆紫檀宫2层,北京市,北京市,朝阳区,116.5203111,39.9091946
富华门,风景名胜,风景名胜,风景名胜,建国路23号中国紫檀博物馆内,北京市,北京市,朝阳区,116.5204085,39.90887088
紫檀宫,风景名胜,风景名胜,风景名胜,高碑店建国路23号,北京市,北京市,朝阳区,116.520277,39.9093215
北京磐安商会副会长,风景名胜,风景名胜相关,旅游景点,惠河南街与高碑店路交叉口南100米,北京市,北京市,朝阳区,116.5229726,39.90451093
兴隆公园-聚玥亭,风景名胜,风景名胜,风景名胜,通惠河南路1119号附近,北京市,北京市,朝阳区,116.5262284,39.91113313
高碑店漕运历史文化游览区,风景名胜,风景名胜,风景名胜,滨河路高碑店漕运历史文化游览区附近,北京市,北京市,朝阳区,116.519841,39.90540049
虚白馆,风景名胜,风景名胜相关,旅游景点,高碑店古家具一条街与高碑店路交叉口西150米,北京市,北京市,朝阳区,116.5216686,39.90141559
高碑店村古街区,风景名胜,风景名胜相关,旅游景点,古家具一条街与S50东五环交叉口西50米,北京市,北京市,朝阳区,116.5390144,39.90201811
鲁班祠,风景名胜,风景名胜,风景名胜,高碑店古家具一条街270附近,北京市,北京市,朝阳区,116.534594,39.9017351
珠江绿洲文化广场,风景名胜,公园广场,城市广场,建国路18号珠江绿洲家园会所内(传媒大学南门对面),北京市,北京市,朝阳区,116.5537815,39.90587252
中国传媒大学文化广场,风景名胜,公园广场,城市广场,三间房,北京市,北京市,朝阳区,116.5509731,39.91101249
绿洲家园社区文化休闲广场,商务住宅,住宅区,社区中心|风景名胜,建国路南50米,北京市,北京市,朝阳区,116.5542442,39.90757121
广院核桃林,风景名胜,公园广场,公园,定福庄东街1号,北京市,北京市,朝阳区,116.5495492,39.909522
中国传媒大学小亭子,风景名胜,风景名胜,风景名胜,定福庄东街1号中国传媒大学,北京市,北京市,朝阳区,116.5507747,39.91121113
中国传媒大学孔子雕像,风景名胜,风景名胜,风景名胜,定福庄东街1号中国传媒大学,北京市,北京市,朝阳区,116.5503399,39.91042539
中国传媒大学喷泉,风景名胜,风景名胜相关,旅游景点,定福庄东街1号中国传媒大学,北京市,北京市,朝阳区,116.5501466,39.90924709
三间房动漫文化广场,风景名胜,公园广场,城市广场,通惠河南路东100米,北京市,北京市,朝阳区,116.5613329,39.90540688
旺角休闲运动公园,风景名胜,公园广场,公园,通惠河南路南50米,北京市,北京市,朝阳区,116.583588,39.90490894
西会公园,风景名胜,公园广场,公园,管庄京通快速路,北京市,北京市,朝阳区,116.585095,39.90685735
现食主义,风景名胜,风景名胜相关,旅游景点,京通苑30号楼3层,北京市,北京市,朝阳区,116.5889796,39.91129195
杨闸村清真寺,风景名胜,风景名胜,回教寺,管庄乡杨闸村陶瓷一条街79号,北京市,北京市,朝阳区,116.5953281,39.90944789
西会清真寺,风景名胜,风景名胜,回教寺,,北京市,北京市,朝阳区,116.5897623,39.9050783
弘仁文化广场,风景名胜,公园广场,城市广场,双桥东路48号附近,北京市,北京市,朝阳区,116.595082,39.90257723
北京八里桥音乐主题公园,风景名胜,公园广场,公园,八里桥管庄地区瑞祥里小区,北京市,北京市,朝阳区,116.6115405,39.90890386
东方风光,风景名胜,风景名胜相关,旅游景点,滨惠南三街,北京市,北京市,通州区,116.6261321,39.90736224
泰然殿,风景名胜,风景名胜相关,旅游景点,新华大街256号大汉写字楼509室,北京市,北京市,通州区,116.6383932,39.90486124
猫殿,风景名胜,风景名胜相关,旅游景点,北苑北路与新华西街交叉口东南,北京市,北京市,通州区,116.6328164,39.90388999
永顺村景观,风景名胜,公园广场,公园,滨惠北二街与通惠南路交叉口东100米,北京市,北京市,通州区,116.6380415,39.90929661
水族箱假山石,风景名胜,风景名胜相关,旅游景点,新华西街167号附近,北京市,北京市,通州区,116.6379477,39.90946876
周仓庵,风景名胜,风景名胜相关,旅游景点,新华大街(华联商场)旁,北京市,北京市,通州区,116.6440628,39.90654962
西海子公园(建设中),风景名胜,公园广场,公园,西海子西路12号,北京市,北京市,通州区,116.6570112,39.91118379
同心花园,风景名胜,公园广场,城市广场,西顺城街与车站路交叉口西50米,北京市,北京市,通州区,116.6562585,39.90151064
中仓仓墙遗址,风景名胜,风景名胜,风景名胜,新建街19号,北京市,北京市,通州区,116.659205,39.90365295
国防教育广场,风景名胜,公园广场,城市广场,鱼市胡同,北京市,北京市,通州区,116.6590967,39.90877193
静安寺(装修中),风景名胜,风景名胜,寺庙道观,静安寺胡同12号,北京市,北京市,通州区,116.6654904,39.90932964
通州清真寺,风景名胜,风景名胜,回教寺,回民胡同1号(近通州火车站),北京市,北京市,通州区,116.6640529,39.90634354
铜关届,风景名胜,风景名胜,风景名胜,东关大道东100米,北京市,北京市,通州区,116.6688538,39.90976815
礼拜寺,风景名胜,风景名胜,寺庙道观,回民胡同66号附近,北京市,北京市,通州区,116.6639492,39.90658673
敬贤堂,风景名胜,风景名胜,风景名胜,悟仙观二条附近,北京市,北京市,通州区,116.6622934,39.9023101
帆影广场,风景名胜,公园广场,城市广场,中仓街道通胡大街通州运河公园,北京市,北京市,通州区,116.6789824,39.90787002
运河公园,风景名胜,公园广场,公园,东关大桥东,北京市,北京市,通州区,116.6814107,39.90758555
百花溪径景区,风景名胜,风景名胜,风景名胜,009县道东50米,北京市,北京市,门头沟区,115.5547088,39.89161483
海棠谷,风景名胜,风景名胜相关,旅游景点,清水镇洪水峪村乔家片,北京市,北京市,门头沟区,115.6521472,39.9012816
圣米石塘,风景名胜,风景名胜,风景名胜,史家营,北京市,北京市,房山区,115.711174,39.89904619
华严洞遗址,风景名胜,风景名胜,风景名胜,004县道北50米,北京市,北京市,门头沟区,116.0182722,39.89474009
八奇洞,风景名胜,风景名胜,风景名胜,潭柘寺平原村,北京市,北京市,门头沟区,116.0212214,39.89200604
上塔林,风景名胜,风景名胜,风景名胜,桑峪村中街22号,北京市,北京市,门头沟区,116.0234466,39.9005796
潭柘塔林,风景名胜,风景名胜,国家级景点,潭柘寺景区,北京市,北京市,门头沟区,116.0238974,39.89968043
恒蚨桂,风景名胜,风景名胜,风景名胜,桑峪村中街南100米,北京市,北京市,门头沟区,116.0283515,39.89119313
潭柘寺-虎塔,风景名胜,风景名胜,风景名胜,潭柘寺镇潭柘寺内,北京市,北京市,门头沟区,116.0229811,39.89986589
岫云居士廉南湖先生泉之墓,风景名胜,风景名胜,风景名胜,潭柘寺镇潭柘寺内,北京市,北京市,门头沟区,116.0248855,39.8995318
庞潭古道,风景名胜,风景名胜相关,旅游景点,潭柘寺镇,北京市,北京市,门头沟区,116.0224571,39.89636347
京都玫瑰庄园,风景名胜,风景名胜,风景名胜,桑峪村北街66-1号,北京市,北京市,门头沟区,116.0466615,39.89747905
京西部落村,风景名胜,风景名胜相关,旅游景点,,北京市,北京市,门头沟区,116.0460178,39.89739833
门头沟幸福广场,风景名胜,公园广场,城市广场,京昆路与龙林路交叉口南100米,北京市,北京市,门头沟区,116.1022779,39.89221071
石门营文化公园,风景名胜,公园广场,公园,石龙南路南端,北京市,北京市,门头沟区,116.1040866,39.8933475
石龙广场,风景名胜,公园广场,城市广场,丰石路附近,北京市,北京市,门头沟区,116.1050685,39.89513893
谭鑫培墓,风景名胜,风景名胜,风景名胜,永定土园路与美安路交叉口,北京市,北京市,门头沟区,116.1162824,39.89593437
刘洪瑞宅院,风景名胜,风景名胜,风景名胜,永定镇石门营村,北京市,北京市,门头沟区,116.1164208,39.89463956
永定湖公园,风景名胜,公园广场,公园,莲石湖西路,北京市,北京市,门头沟区,116.1257472,39.89640291
首钢工业遗址公园-白庙,风景名胜,风景名胜,寺庙道观,古城南街,北京市,北京市,石景山区,116.1720209,39.89691916
玉玄宫,风景名胜,风景名胜,风景名胜,鲁谷南路依翠园小区15号楼(美廉美超市),北京市,北京市,石景山区,116.2119765,39.89986661
鲁谷奥运文化公园,风景名胜,公园广场,公园,,北京市,北京市,石景山区,116.2153684,39.89932821
冬园,风景名胜,风景名胜相关,旅游景点,永乐东街附近,北京市,北京市,石景山区,116.2264341,39.89751835
五芳园存车处,风景名胜,风景名胜相关,旅游景点,鲁谷南路与鲁谷大街交叉口西南150米,北京市,北京市,石景山区,116.2223772,39.89667855
夏园,风景名胜,风景名胜相关,旅游景点,鲁谷东街与鲁谷村路交叉口西50米,北京市,北京市,石景山区,116.229339,39.89932494
北京市十一学校日新广场,风景名胜,公园广场,公园广场,北太平路22号附近,北京市,北京市,海淀区,116.2496542,39.89959789
一米田园,风景名胜,风景名胜相关,旅游景点,采石南路12号附近,北京市,北京市,海淀区,116.2535437,39.89985666
今日情,风景名胜,风景名胜相关,旅游景点,西翠路5号今日家园,北京市,北京市,海淀区,116.2743772,39.89924293
莲花池公园-莲花仙子与藕郎,风景名胜,风景名胜,风景名胜,莲花池公园莲花池,北京市,北京市,丰台区,116.3078176,39.89234495
北京西站南广场,风景名胜,公园广场,城市广场,莲花池东路118号,北京市,北京市,丰台区,116.3149388,39.8916556
北京西站北广场,风景名胜,公园广场,城市广场,莲花池东路118号,北京市,北京市,丰台区,116.3152587,39.89526083
北京西站商业广场-中心广场,风景名胜,公园广场,城市广场,北京西客站南广场B1、B2层,北京市,北京市,丰台区,116.3150776,39.89114436
莲花池公园-品莲轩,风景名胜,风景名胜,风景名胜,广外莲花池路48号,北京市,北京市,丰台区,116.3094999,39.89239082
莲花池公园-太空漫步游览车,风景名胜,风景名胜相关,旅游景点,莲花池南路附近,北京市,北京市,丰台区,116.3122179,39.89214374
莲花池公园-海盗船,风景名胜,风景名胜相关,旅游景点,莲花池南路附近,北京市,北京市,丰台区,116.3124574,39.8918773
会城门公园,风景名胜,公园广场,公园,北蜂窝中路与双贝子坟路交叉口东150米,北京市,北京市,海淀区,116.3270301,39.89962404
莲花河城市休闲公园,风景名胜,公园广场,公园,南蜂窝路与广莲路交叉口东南200米,北京市,北京市,西城区,116.3242616,39.89111974
龙劈石,风景名胜,风景名胜,风景名胜,广安门外大街305号二区1-13,北京市,北京市,西城区,116.3272277,39.89186201
红色砖塔楼,风景名胜,风景名胜相关,旅游景点,北蜂窝中路丙8号院北门,北京市,北京市,海淀区,116.3197821,39.89698308
文化中心活动广场,风景名胜,公园广场,城市广场,北蜂窝西路1号,北京市,北京市,海淀区,116.320525,39.90010951
白云观,风景名胜,风景名胜,寺庙道观,白云观街7号,北京市,北京市,西城区,116.3376262,39.89988313
花亭湖,风景名胜,风景名胜相关,旅游景点,手帕口北街东50米,北京市,北京市,西城区,116.3367689,39.89376498
白云深处,风景名胜,风景名胜相关,旅游景点,白云观街10号云起时c座,北京市,北京市,西城区,116.3375536,39.89786535
天宁寺塔,风景名胜,风景名胜,寺庙道观,天宁寺前街甲3号,北京市,北京市,西城区,116.3397963,39.89335849
北京滨河公园,风景名胜,公园广场,公园,广安门北街甲1号,北京市,北京市,西城区,116.3429677,39.89166594
西城青年林(街心花园),风景名胜,公园广场,公园,天宁寺桥下东南角(中国移动大楼北京财会学校),北京市,北京市,西城区,116.3441826,39.89600162
鼓楼,风景名胜,风景名胜,风景名胜,白云观街白云观内,北京市,北京市,西城区,116.3392625,39.89305546
伽蓝殿,风景名胜,风景名胜,风景名胜,天宁寺前街甲3号,北京市,北京市,西城区,116.3401027,39.89305495
祖师殿,风景名胜,风景名胜相关,旅游景点,天宁寺东里与天宁寺前街交叉口西150米,北京市,北京市,西城区,116.3392625,39.89305546
辽昊天寺故址,风景名胜,风景名胜,风景名胜,西便门内大街85号,北京市,北京市,西城区,116.3467149,39.89230047
月坛街道精神文明建设文化墙,风景名胜,风景名胜相关,旅游景点,白云观街北里3号附近,北京市,北京市,西城区,116.3398245,39.89918717
天宁塔影,风景名胜,风景名胜,风景名胜,广安门北滨河路25号附近,北京市,北京市,西城区,116.3419117,39.89395769
宣武艺园,风景名胜,公园广场,公园,槐柏树街12号(近宣武医院、长椿街地铁站西南口),北京市,北京市,西城区,116.3530883,39.8937881
翠芳园,风景名胜,公园广场,公园,西便门桥南侧,北京市,北京市,西城区,116.3516566,39.89715119
西便门小公园,风景名胜,公园广场,公园,下斜街26-1号宣武医院东门,北京市,北京市,西城区,116.3516384,39.89866615
一庵乡,风景名胜,风景名胜相关,旅游景点,长椿街25号,北京市,北京市,西城区,116.3569576,39.89238337
赦建长椿寺,风景名胜,风景名胜相关,旅游景点,下斜街24号附近,北京市,北京市,西城区,116.3588055,39.89146679
勃达长椿寺,风景名胜,风景名胜相关,旅游景点,下斜街24号附近,北京市,北京市,西城区,116.3588055,39.89146679
勅建长椿寺,风景名胜,风景名胜,寺庙道观,长椿街9号(近宣武医院),北京市,北京市,西城区,116.357982,39.89104397
中华圣公会教堂,风景名胜,风景名胜,教堂,佟麟阁路85号(新华社西门对面),北京市,北京市,西城区,116.362114,39.90078089
北京教区宣武门天主堂,风景名胜,风景名胜,教堂,前门西大街141号(宣武门十字路口东北角),北京市,北京市,西城区,116.3688725,39.89933186
沈家本故居,风景名胜,风景名胜,纪念馆,金井胡同1号,北京市,北京市,西城区,116.3656174,39.89590774
民国国会议场,风景名胜,风景名胜,风景名胜,佟麟阁路62号院8,北京市,北京市,西城区,116.3633602,39.89981634
龚自珍故居,风景名胜,风景名胜,纪念馆,上斜街50号,北京市,北京市,西城区,116.3629083,39.89617907
东莞会馆(上斜街),风景名胜,风景名胜,风景名胜,上斜街与广安胡同交叉口西南50米,北京市,北京市,西城区,116.3621466,39.89595007
王茂荫故居,风景名胜,风景名胜,风景名胜,宣武门外大街103号至107号,北京市,北京市,西城区,116.3678316,39.89357828
后河沿清真寺,风景名胜,风景名胜,回教寺,顺河巷甲23号,北京市,北京市,西城区,116.3608575,39.89669774
宣武门旧址,风景名胜,风景名胜相关,旅游景点,宣武门内大街与宣武门西大街交叉口西北50米,北京市,北京市,西城区,116.3676103,39.8986343
点卯山院,风景名胜,风景名胜相关,旅游景点,宣武门西大街91-号楼附近,北京市,北京市,西城区,116.3635551,39.89856115
国会旧址,风景名胜,风景名胜,纪念馆,宣武门西大街57号(近新华通讯社),北京市,北京市,西城区,116.3644957,39.89853698
吉寺,风景名胜,风景名胜相关,旅游景点,宣武门外大街145号,北京市,北京市,西城区,116.3679757,39.89152421
繁星戏剧村XH,风景名胜,风景名胜相关,旅游景点,惠亚路527号,北京市,北京市,西城区,116.3608748,39.89397284
晋江会馆,风景名胜,风景名胜,风景名胜,南柳巷40号,北京市,北京市,西城区,116.3744279,39.89237467
北京庄胜广场,风景名胜,公园广场,城市广场,宣武门外大街8号庄胜崇光百货内(近宣武门地铁站),北京市,北京市,西城区,116.3689999,39.89517691
永兴庵,风景名胜,风景名胜,寺庙道观,南柳巷45号,北京市,北京市,西城区,116.3739974,39.89255105
迦南之约婚礼策划-宣武门教堂,风景名胜,风景名胜,教堂,前门西大街141号宣武门天主教堂,北京市,北京市,西城区,116.3690044,39.89897174
前孙公园东夹道,风景名胜,公园广场,公园,恒瑞旅馆西北(虎坊桥地铁站北),北京市,北京市,西城区,116.3777759,39.89115895
安徽会馆旧址,风景名胜,风景名胜相关,旅游景点,后孙公园胡同3号、25号和27号,北京市,北京市,西城区,116.3767667,39.8920187
富卓花园,风景名胜,公园广场,城市广场|商务住宅,永光东街9号院-3,北京市,北京市,西城区,116.3698292,39.89250815
宣武门,风景名胜,风景名胜相关,旅游景点,东河沿胡同73号,北京市,北京市,西城区,116.3701232,39.8978116
和平门,风景名胜,风景名胜,风景名胜,和平门南东琉璃厂,北京市,北京市,西城区,116.3781426,39.89897631
笤帚胡同,风景名胜,风景名胜,风景名胜,前门炭儿胡同小学,北京市,北京市,西城区,116.3770672,39.89352839
后孙公园胡同,风景名胜,公园广场,公园,前孙公园胡同,北京市,北京市,西城区,116.3771743,39.89195638
打耳洞,风景名胜,风景名胜相关,旅游景点,东椿树胡同与西草厂街交叉口东50米,北京市,北京市,西城区,116.373594,39.89133748
吉祥二条胡同,风景名胜,风景名胜相关,旅游景点,南新华街与吉祥二条交叉口西50米,北京市,北京市,西城区,116.3782332,39.89302552
石渠阁,风景名胜,风景名胜相关,旅游景点,琉璃厂西街52号,北京市,北京市,西城区,116.3759672,39.89387427
纪念中国电影百年,风景名胜,风景名胜相关,旅游景点,南新华街与安平里交叉口西南50米,北京市,北京市,西城区,116.3780332,39.89487458
北京教区宣武门天主堂-宣武门天主堂,风景名胜,风景名胜相关,旅游景点,前门西大街141号(宣武门十字路口东北角),北京市,北京市,西城区,116.3691342,39.89902159
菴韵,风景名胜,风景名胜相关,旅游景点,南新华街与琉璃厂西街交叉口东北50米,北京市,北京市,西城区,116.3784759,39.89423828
抱石卢馆,风景名胜,风景名胜相关,旅游景点,东椿树街与安平里交叉口西南50米,北京市,北京市,西城区,116.3747873,39.89449626
安徽会馆,风景名胜,风景名胜相关,旅游景点,后孙公园胡同3号、25号和27号,北京市,北京市,西城区,116.3773052,39.89205627
天主教圣母会法文学校旧址,风景名胜,风景名胜相关,旅游景点,前门西大街137号(宣武门内),北京市,北京市,西城区,116.3704236,39.89894823
庄胜广场南馆,风景名胜,风景名胜相关,旅游景点,宣外大街6号(邮编),北京市,北京市,西城区,116.3693964,39.89529248
周博工笔人物画展,风景名胜,风景名胜,风景名胜,南新华街11号,北京市,北京市,西城区,116.3777851,39.89721366
中国农工银行旧址,风景名胜,风景名胜,纪念馆,西交民巷50号,北京市,北京市,西城区,116.386185,39.90027247
保商银行旧址,风景名胜,风景名胜,风景名胜,西交民巷17号,北京市,北京市,西城区,116.3888519,39.90065844
大观楼影城,体育休闲服务,影剧院,电影院|风景名胜,前门大街大栅栏街36号,北京市,北京市,西城区,116.3887917,39.89432475
中央银行旧址,风景名胜,风景名胜,风景名胜,西交民巷17号(羊毛胡同),北京市,北京市,西城区,116.3882761,39.90065864
重修灵鹫寺,风景名胜,风景名胜,寺庙道观,茶儿胡同8号附近,北京市,北京市,西城区,116.3843836,39.89497355
谭鑫培故居,风景名胜,风景名胜,纪念馆,前门外铁树斜街大外廊营1号,北京市,北京市,西城区,116.3823473,39.89167482
前门清真寺,风景名胜,风景名胜,寺庙道观|风景名胜,杨威胡同16号,北京市,北京市,西城区,116.3857189,39.8951639
裘盛戎故居,风景名胜,风景名胜,风景名胜,佘家胡同与前门西河沿街交叉口西北100米,北京市,北京市,西城区,116.3798903,39.89771211
清真礼拜寺,风景名胜,风景名胜,回教寺,杨威胡同9号,北京市,北京市,西城区,116.3856599,39.89518593
西交民巷,风景名胜,风景名胜,风景名胜,西交民巷19附近,北京市,北京市,西城区,116.3875914,39.90051689
百花园,风景名胜,公园广场,植物园,樱桃斜街与樱桃胡同交叉口北50米,北京市,北京市,西城区,116.3831156,39.89303032
莲花山下院博济庵,风景名胜,风景名胜,风景名胜,前细瓦厂胡同17号,北京市,北京市,西城区,116.3796401,39.90086914
邢宅,风景名胜,风景名胜,风景名胜,东南园胡同,北京市,北京市,西城区,116.381065,39.89315754
婺源会馆,风景名胜,风景名胜,风景名胜,大宏巷与大耳胡同交叉口西50米,北京市,北京市,西城区,116.3859096,39.89683774
勅建火神庙,风景名胜,风景名胜,寺庙道观,琉璃厂东街29号,北京市,北京市,西城区,116.3819093,39.89393498
护国观音寺,风景名胜,风景名胜,寺庙道观,樱桃斜街6号,北京市,北京市,西城区,116.3847197,39.89292748
东南园四合院,风景名胜,风景名胜,风景名胜,大安澜营胡同31号,北京市,北京市,西城区,116.379752,39.89285043
一尺大街,风景名胜,风景名胜相关,旅游景点,杨梅竹斜街与樱桃胡同交叉口东100米,北京市,北京市,西城区,116.3841519,39.89368373
北京老字号济安堂旧址,风景名胜,风景名胜相关,旅游景点,杨梅竹斜街与青竹巷交叉口东50米,北京市,北京市,西城区,116.3862797,39.8942877
九鹰斋碑帖铺,风景名胜,风景名胜相关,旅游景点,延寿街与琉璃厂东街交叉口西南50米,北京市,北京市,西城区,116.3829556,39.89375137
察哈尔兴业银行旧址,风景名胜,风景名胜相关,旅游景点,前门西河沿街91号,北京市,北京市,西城区,116.3860764,39.89774963
府斋碑帖铺,风景名胜,风景名胜相关,旅游景点,延寿街与琉璃厂东街交叉口西南50米,北京市,北京市,西城区,116.3829556,39.89375137
莆仙会馆,风景名胜,风景名胜相关,旅游景点,河沿街192号,北京市,北京市,西城区,116.3818219,39.89736188
西城区西交民巷八十七号北新华街一百一十二号四合院,风景名胜,风景名胜,风景名胜,西交民巷87号,北京市,北京市,西城区,116.3807692,39.9005584
延寿楼,风景名胜,风景名胜相关,旅游景点,佘家胡同1号院,北京市,北京市,西城区,116.3827123,39.89700336
梁诗正旧居,风景名胜,风景名胜,风景名胜,杨梅竹斜街25号,北京市,北京市,西城区,116.3874651,39.89484019
兴义民,风景名胜,风景名胜相关,旅游景点,前门西河沿街53号附近,北京市,北京市,西城区,116.3879216,39.89777589
金刚经,风景名胜,风景名胜相关,旅游景点,双鱼胡同与琉璃厂东街交叉口东北50米,北京市,北京市,西城区,116.3807231,39.89398172
西交民巷近代银行建筑群,风景名胜,风景名胜,风景名胜,西交民巷56号楼附近,北京市,北京市,西城区,116.3857112,39.90020768
老乡观,风景名胜,风景名胜,风景名胜,琉璃厂东街与西太平巷交叉口东南50米,北京市,北京市,西城区,116.3818583,39.89370902
慧苑,风景名胜,风景名胜,观景点,前门西河沿街220号附近,北京市,北京市,西城区,116.3797764,39.8974142
正乙祠,风景名胜,风景名胜相关,旅游景点,和平门西河沿街220号,北京市,北京市,西城区,116.3797574,39.89739822
中华汇业银行北京分行旧址,风景名胜,风景名胜,纪念馆,西交民巷56号,北京市,北京市,西城区,116.3858881,39.9003106
天安门广场-正阳门,风景名胜,风景名胜,风景名胜,前门大街北端,北京市,北京市,东城区,116.3916074,39.89913279
正阳桥,风景名胜,风景名胜,风景名胜,前门大街与步行街交叉口南50米,北京市,北京市,东城区,116.3917977,39.89682785
交通银行旧址,风景名胜,风景名胜,风景名胜,大栅栏街道前门西河沿街9号,北京市,北京市,西城区,116.389921,39.89746327
阿里山广场,风景名胜,公园广场,公园广场,前门大街,北京市,北京市,东城区,116.3933069,39.89379674
北京大栅栏,风景名胜,风景名胜,国家级景点,大栅栏商业街,北京市,北京市,西城区,116.3900724,39.8936514
前门关帝庙,风景名胜,风景名胜,寺庙道观,前门东路西侧(近前门东路),北京市,北京市,东城区,116.3943107,39.89435861
月亮湾公园,风景名胜,公园广场,公园,前门西河沿街7号附近,北京市,北京市,西城区,116.3905928,39.89746109
西竺庵(南芦草园胡同),风景名胜,风景名胜,寺庙道观,南芦草园胡同30号,北京市,北京市,东城区,116.3987504,39.89251373
关帝高庙,风景名胜,风景名胜,寺庙道观,青云胡同23号,北京市,北京市,东城区,116.398125,39.8941856
刘老根文化广场,风景名胜,公园广场,城市广场,前门东路小江胡同38号,北京市,北京市,东城区,116.394382,39.8921427
福建汀州会馆北馆,风景名胜,风景名胜,风景名胜,长巷二条48号,北京市,北京市,东城区,116.3973069,39.89444354
三庆园原址,风景名胜,风景名胜,风景名胜,大栅栏商业街与门框胡同交叉口东100米,北京市,北京市,西城区,116.3906722,39.89448421
号昇源,风景名胜,风景名胜,风景名胜,施家胡同与粮食店街交叉口北50米,北京市,北京市,西城区,116.3915882,39.89285408
长春别墅,风景名胜,风景名胜,风景名胜,大江胡同85号,北京市,北京市,东城区,116.3950637,39.89453555
盐业银行旧址,风景名胜,风景名胜,风景名胜,前门西河沿街7号,北京市,北京市,西城区,116.3906368,39.89718509
中国电影之父任庆泰雕塑,风景名胜,风景名胜,风景名胜,大栅栏商业街23号附近,北京市,北京市,西城区,116.3890667,39.89417367
阿里山小火车,风景名胜,风景名胜,风景名胜,前门东路小江胡同1号台湾街,北京市,北京市,东城区,116.3933399,39.89376474
阿里山神木,风景名胜,风景名胜,风景名胜,前门大街阿里山广场内,北京市,北京市,东城区,116.3933319,39.89369974
鸿庆楼旧址,风景名胜,风景名胜,风景名胜,新潮胡同与鲜鱼口街交叉口东南50米,北京市,北京市,东城区,116.3929988,39.89442176
兴华园,风景名胜,风景名胜,风景名胜,北晓顺胡同与鲜鱼口街交叉口西50米,北京市,北京市,东城区,116.3934667,39.89482968
朝阳阁,风景名胜,风景名胜,风景名胜,大席胡同6,北京市,北京市,东城区,116.3980542,39.89284765
福建汀州会馆南馆,风景名胜,风景名胜,风景名胜,长巷头条62号,北京市,北京市,东城区,116.3971209,39.89415854
庐陵会馆,风景名胜,风景名胜,风景名胜,大江胡同29号,北京市,北京市,东城区,116.3969941,39.89214563
石棣会馆,风景名胜,风景名胜,风景名胜,大席胡同20号,北京市,北京市,东城区,116.3975262,39.89250164
丰城会馆,风景名胜,风景名胜,风景名胜,长巷头条53号,北京市,北京市,东城区,116.3969119,39.89391755
安徽泾县会馆,风景名胜,风景名胜,风景名胜,长巷头条60号,北京市,北京市,东城区,116.3967078,39.89427753
正阳门箭楼,风景名胜,风景名胜,风景名胜,前门大街与步行街交叉口北150米,北京市,北京市,东城区,116.3917025,39.89797782
京奉铁路正阳门东车站旧址,风景名胜,风景名胜,风景名胜,前门大街甲2号,北京市,北京市,东城区,116.3936592,39.89843849
江西新建会馆,风景名胜,风景名胜,风景名胜,长巷头条,北京市,北京市,东城区,116.3957327,39.89441452
乾泰寺,风景名胜,风景名胜,风景名胜,小江胡同34-36号附近,北京市,北京市,东城区,116.39403,39.89202074
北京湾铜雕,风景名胜,风景名胜,风景名胜,前门东大街20号北京规划展览馆1楼,北京市,北京市,东城区,116.3952472,39.89855235
五人上书,风景名胜,风景名胜,风景名胜,前门东路与大江胡同交叉口西50米,北京市,北京市,东城区,116.3945488,39.89345763
大江胡同,风景名胜,风景名胜,风景名胜,冰窖斜街与大席胡同交叉口西北100米,北京市,北京市,东城区,116.39631,39.89275359
大陆银行旧址,风景名胜,风景名胜,风景名胜,西交民巷17号,北京市,北京市,西城区,116.3889239,39.90062142
天安门广场中国公路零公里点,风景名胜,风景名胜,风景名胜,东长安街,北京市,北京市,东城区,116.3916174,39.89898979
贵州会馆,风景名胜,风景名胜,风景名胜,大江胡同83号,北京市,北京市,东城区,116.3951768,39.89341359
吉州会馆,风景名胜,风景名胜,风景名胜,大江胡同85号,北京市,北京市,东城区,116.3950248,39.8934526
广东平镇会馆,风景名胜,风景名胜,世界遗产,冰窖斜街15,北京市,北京市,东城区,116.3956651,39.89185464
肖公庙,风景名胜,风景名胜相关,旅游景点,西打磨厂街197号,北京市,北京市,东城区,116.3974135,39.89773639
新潮胡同20号,风景名胜,风景名胜,风景名胜,新潮胡同15号,北京市,北京市,东城区,116.3931569,39.89394876
武圣祠,风景名胜,风景名胜,风景名胜,南晓顺胡同与新潮胡同交叉口东50米,北京市,北京市,东城区,116.3945107,39.89447459
冰窖一胡同,风景名胜,风景名胜相关,旅游景点,冰窖斜街15号附近,北京市,北京市,东城区,116.395428,39.89210964
赵宅,风景名胜,风景名胜相关,旅游景点,施兴胡同25号,北京市,北京市,东城区,116.3980368,39.89589051
收建管理观,风景名胜,风景名胜相关,旅游景点,长巷四条与鲜鱼口街交叉口东100米,北京市,北京市,东城区,116.3972447,39.89577547
芜湖会馆,风景名胜,风景名胜,风景名胜,长巷五条7号,北京市,北京市,东城区,116.3977209,39.89470755
颜料会馆,风景名胜,风景名胜,风景名胜,北芦草园胡同与青云胡同交叉口东北50米,北京市,北京市,东城区,116.3984721,39.89410663
敕建崇祯观,风景名胜,风景名胜,风景名胜,西兴隆街203号附近,北京市,北京市,东城区,116.3972447,39.89577547
北京交通展区,风景名胜,风景名胜相关,旅游景点,前门东大街20号(老火车站东侧)北京市规划展览馆内,北京市,北京市,东城区,116.3952472,39.89855235
福德禅林,风景名胜,风景名胜,寺庙道观,小江胡同36号附近,北京市,北京市,东城区,116.3942299,39.89294968
五牌楼,风景名胜,风景名胜相关,旅游景点,廊房二条与珠宝市街交叉口东南50米,北京市,北京市,东城区,116.3917478,39.89556392
大栅栏五百年历史长廊,风景名胜,风景名胜相关,旅游景点,大栅栏街18号大栅栏购物中心1层,北京市,北京市,西城区,116.3906952,39.89467819
北京坊东广场,风景名胜,公园广场,城市广场,廊房头条13号,北京市,北京市,西城区,116.390385,39.89660418
北京坊西广场,风景名胜,风景名胜相关,旅游景点,廊房头条13号,北京市,北京市,西城区,116.3907209,39.89691608
灵应三官庙,风景名胜,风景名胜,风景名胜,北晓顺胡同1号,北京市,北京市,东城区,116.3926065,39.89685871
瑞泽轩,风景名胜,风景名胜,寺庙道观,前门东路小江胡同38号刘老根文化广场南侧,北京市,北京市,东城区,116.394011,39.89197974
中国铁道博物馆正阳门馆(出口),风景名胜,风景名胜,风景名胜,前门大街甲2号中国铁道博物馆正阳门馆内,北京市,北京市,东城区,116.3936293,39.89837249
旌德会馆,风景名胜,风景名胜,风景名胜,大江胡同19号,北京市,北京市,东城区,116.3975152,39.89188066
柳祖祠,风景名胜,风景名胜,风景名胜,前门,北京市,北京市,东城区,116.3942799,39.89281568
义丰泰旧址,风景名胜,风景名胜,纪念馆,前门大街64号太平洋咖啡2层,北京市,北京市,东城区,116.392368,39.8934629
澎湖矽化珊瑚馆,风景名胜,风景名胜相关,旅游景点,大江胡同与新潮胡同交叉口西南50米,北京市,北京市,东城区,116.3928379,39.89345682
比利时使馆旧址,风景名胜,风景名胜,纪念馆,崇文门西大街9号(紫金宾馆内),北京市,北京市,东城区,116.4062306,39.90034143
鲨鱼公园,风景名胜,公园广场,公园,东打磨厂街7号新世界百货F2,北京市,北京市,东城区,116.4070614,39.8983029
地藏庵,风景名胜,风景名胜,寺庙道观,北桥湾街10号,北京市,北京市,东城区,116.4012701,39.89273913
湖北黄安会馆,风景名胜,风景名胜,风景名胜,新革路1,北京市,北京市,东城区,116.4034455,39.89662854
广东惠州会馆,风景名胜,风景名胜,风景名胜,草厂七条12号,北京市,北京市,东城区,116.4021621,39.89481125
西打磨厂街45号四合院,风景名胜,风景名胜相关,旅游景点,西打磨厂街45号,北京市,北京市,东城区,116.4031182,39.89796638
江西南安会馆,风景名胜,风景名胜,风景名胜,草厂七条4-6,北京市,北京市,东城区,116.4022951,39.89543626
铁山寺,风景名胜,风景名胜,风景名胜,珠市口东大街217号,北京市,北京市,东城区,116.400752,39.89209906
湖北孝感会馆,风景名胜,风景名胜,风景名胜,草厂七条19号,北京市,北京市,东城区,116.401873,39.89482418
湖南长沙会馆,风景名胜,风景名胜,风景名胜,草厂十条19号,北京市,北京市,东城区,116.4035339,39.8938207
粤东会馆旧址,风景名胜,风景名胜,风景名胜,西打磨厂街90号,北京市,北京市,东城区,116.4007503,39.89742681
周扒皮故居,风景名胜,风景名胜,风景名胜,珠市口东大街163号附近,北京市,北京市,东城区,116.403291,39.8920147
三里河公园,风景名胜,风景名胜,风景名胜,南芦草园胡同与群智胡同交叉口东50米,北京市,北京市,东城区,116.3990124,39.89288175
红崖峡谷,风景名胜,风景名胜,风景名胜,东打磨厂街60号附近,北京市,北京市,东城区,116.4073386,39.89777906
湖北黄冈会馆,风景名胜,风景名胜,风景名胜,草厂二条5号,北京市,北京市,东城区,116.3995612,39.8953977
广东韶州会馆,风景名胜,风景名胜,风景名胜,草厂二条2号,北京市,北京市,东城区,116.3999673,39.89563775
吴越钱氏宗祠,风景名胜,风景名胜,风景名胜,草厂九条与薛家湾胡同交叉口东50米,北京市,北京市,东城区,116.4027246,39.8927995
原法国洋行,风景名胜,风景名胜相关,旅游景点,东交民巷与兴华路交叉口西50米,北京市,北京市,东城区,116.4075554,39.90094103
共青团中央,风景名胜,风景名胜相关,旅游景点,前门东大街10号,北京市,北京市,东城区,116.3998738,39.89893859
新革路20号四合院,风景名胜,风景名胜相关,旅游景点,新革路20号,北京市,北京市,东城区,116.4036576,39.89639462
珠市口东大街161号四合院,风景名胜,风景名胜相关,旅游景点,珠市口东大街161号,北京市,北京市,东城区,116.4035841,39.89201879
思宅,风景名胜,风景名胜相关,旅游景点,东打磨厂街7号,北京市,北京市,东城区,116.4066572,39.89778273
崇文区新开路二十号四合院,风景名胜,风景名胜,风景名胜,新革路20号,北京市,北京市,东城区,116.4037717,39.89640766
雷音禅林,风景名胜,风景名胜,风景名胜,北桥湾街与北芦草园胡同交叉口西北50米,北京市,北京市,东城区,116.4009089,39.89308304
湖北麻城会馆,风景名胜,风景名胜,风景名胜,草厂头条24,北京市,北京市,东城区,116.3993083,39.89425672
湖南辰沅会馆,风景名胜,风景名胜,风景名胜,草厂八条27,北京市,北京市,东城区,116.4020782,39.89383728
李莲英故居,风景名胜,风景名胜,纪念馆,崇外大街东兴隆街52号,北京市,北京市,东城区,116.4101951,39.89572274
花市清真寺,风景名胜,风景名胜,回教寺,西花市大街80号,北京市,北京市,东城区,116.4172667,39.89555725
花市火神庙,风景名胜,风景名胜,寺庙道观,东花市街道西花市大街113号,北京市,北京市,东城区,116.4149408,39.89596617
观音堂,风景名胜,风景名胜,寺庙道观,北河漕胡同与手帕胡同交叉口南100米,北京市,北京市,东城区,116.4185745,39.89471855
崇文门西大街凉亭,风景名胜,公园广场,公园广场,崇文门地铁c口出门右拐(崇文地铁站),北京市,北京市,东城区,116.4117341,39.89924359
都市馨园休闲广场,风景名胜,公园广场,城市广场,东兴隆街,北京市,北京市,东城区,116.4096448,39.89471945
北京明城墙遗址公园-崇文门,风景名胜,风景名胜,风景名胜|地名地址信息,,北京市,北京市,东城区,116.4157833,39.89972372
整修明城墙遗址记,风景名胜,风景名胜,风景名胜,崇文门东大街9号北京明城墙遗址公园内,北京市,北京市,东城区,116.4150194,39.89969507
钱市胡同,风景名胜,风景名胜相关,旅游景点,珠宝市街西侧,北京市,北京市,东城区,116.4175786,39.8987284
北京明城墙遗址公园明城墙,风景名胜,风景名胜相关,旅游景点,崇文门东大街附近,北京市,北京市,东城区,116.4164871,39.89985734
妇婴医院旧址,风景名胜,风景名胜相关,旅游景点,北京站西街与后沟胡同交叉口北50米,北京市,北京市,东城区,116.4134006,39.90031675
乐享阳光生活方式俱乐部,风景名胜,风景名胜相关,旅游景点,国瑞东路46号,北京市,北京市,东城区,116.4188747,39.89635477
雪聚殿,风景名胜,风景名胜相关,旅游景点,珠市口东大街2-7北京大都市3层,北京市,北京市,东城区,116.4110144,39.89112047
福善寺,风景名胜,风景名胜,寺庙道观,西花市大街新景家园,北京市,北京市,东城区,116.4170275,39.89427808
北京明城墙遗址公园,风景名胜,公园广场,公园,崇文门东大街9,北京市,北京市,东城区,116.4216372,39.89980657
福沙宫,风景名胜,风景名胜相关,旅游景点,中国强胡同5号附近,北京市,北京市,东城区,116.4278343,39.89373066
隆安寺,风景名胜,风景名胜,寺庙道观,,北京市,北京市,东城区,116.4342621,39.89408546
北京明城墙遗址公园-蟠桃宫,风景名胜,风景名胜,国家级景点,崇文门东大街9号,北京市,北京市,东城区,116.4290077,39.90008604
袁崇焕墓和祠,风景名胜,风景名胜,纪念馆,东花市斜街52号(广渠门中学对面),北京市,北京市,东城区,116.4319042,39.89380568
同心园,风景名胜,公园广场,公园,白桥大街10号东行60米,北京市,北京市,东城区,116.4341996,39.89702222
护国太平宫碑,风景名胜,风景名胜,风景名胜,东花市小街与建国门南大街交叉口西50米,北京市,北京市,东城区,116.4299336,39.89869945
明北京城城墙遗存东便门段,风景名胜,风景名胜,风景名胜,东花市东街与建国门南大街交叉口北150米,北京市,北京市,东城区,116.4292622,39.90007341
袁崇焕祠,风景名胜,风景名胜,风景名胜,龙潭公园东湖畔,北京市,北京市,东城区,116.4316647,39.8937883
北京明城墙遗址公园东便门箭楼,风景名胜,风景名胜,国家级景点,崇文门东大街9号,北京市,北京市,东城区,116.429161,39.90020425
大通滨河公园(建设中),风景名胜,风景名胜相关,旅游景点,在北京市东城区砖厂胡同38号附近,北京市,北京市,东城区,116.4344307,39.90077644
广渠春晓,风景名胜,公园广场,公园,,北京市,北京市,东城区,116.4390633,39.89282293
语言公园,风景名胜,公园广场,公园广场,双井富力城C3-107室,北京市,北京市,朝阳区,116.4524242,39.89467069
泰迪熊纪念展,风景名胜,风景名胜相关,旅游景点,双井桥西北侧富力广场购物中心一层大厅(国贸桥向南约700米),北京市,北京市,朝阳区,116.454655,39.89389994
寺院,风景名胜,风景名胜相关,旅游景点,双井路52号,北京市,北京市,朝阳区,116.4588434,39.89248921
北京市朝阳区庆丰公园管理处,风景名胜,公园广场,公园广场,厂坡村甲2号,北京市,北京市,朝阳区,116.4566293,39.90060439
百花亭,风景名胜,风景名胜,风景名胜,百子湾路27号院附近,北京市,北京市,朝阳区,116.4789757,39.8994876
百子苑,风景名胜,公园广场,公园,百子湾路16号百子园小区,北京市,北京市,朝阳区,116.4735881,39.89903624
百子湾社区文化广场,商务住宅,住宅区,社区中心|风景名胜,石门村一路,北京市,北京市,朝阳区,116.4928534,39.89602071
黄门,风景名胜,风景名胜相关,旅游景点,石佛营里东路西50米,北京市,北京市,朝阳区,116.4906906,39.90024807
运动公园,风景名胜,公园广场,公园,百子湾南路与有条斜街三条交叉口东南100米,北京市,北京市,朝阳区,116.4992717,39.89604184
开荒者,风景名胜,风景名胜相关,旅游景点,广渠路3号竞园艺术中心23竞报附近,北京市,北京市,朝阳区,116.5058195,39.89302731
洋正意像,风景名胜,风景名胜相关,旅游景点,广渠东路唐家村5号佳之兴商贸有限公司8-001,北京市,北京市,朝阳区,116.5032992,39.89241893
竞园5A,风景名胜,风景名胜相关,旅游景点,广百中路与百子湾南二路交叉口西南200米,北京市,北京市,朝阳区,116.5032989,39.89474483
竞园-33B,风景名胜,风景名胜相关,旅游景点,广百中路与百子湾南二路交叉口东南150米,北京市,北京市,朝阳区,116.5053154,39.89492075
竞园-52D,风景名胜,风景名胜相关,旅游景点,广渠路北150米,北京市,北京市,朝阳区,116.5060524,39.89301799
竞园-26A,风景名胜,风景名胜相关,旅游景点,广渠路3号竞园艺术中心23竞报附近,北京市,北京市,朝阳区,116.5052915,39.89342375
竞园20c,风景名胜,风景名胜相关,旅游景点,广渠路3号,北京市,北京市,朝阳区,116.5047694,39.89443017
竞园-20H,风景名胜,风景名胜相关,旅游景点,广百中路与百子湾南二路交叉口南200米,北京市,北京市,朝阳区,116.5047694,39.89443017
竞园5C,风景名胜,风景名胜相关,旅游景点,广百中路与百子湾南二路交叉口西南200米,北京市,北京市,朝阳区,116.5032989,39.89474483
竞园-20F,风景名胜,风景名胜相关,旅游景点,广百中路与百子湾南二路交叉口南200米,北京市,北京市,朝阳区,116.5047694,39.89443017
竞园50B,风景名胜,风景名胜相关,旅游景点,广渠路北150米,北京市,北京市,朝阳区,116.5060524,39.89301799
竞园-20E,风景名胜,风景名胜相关,旅游景点,广百中路与百子湾南二路交叉口南200米,北京市,北京市,朝阳区,116.5047694,39.89443017
竞园53C,风景名胜,风景名胜相关,旅游景点,广渠路3号竞园艺术中心23竞报附近,北京市,北京市,朝阳区,116.5060573,39.89349099
竞园-38A,风景名胜,风景名胜相关,旅游景点,广渠路3号竞园艺术中心23竞报附近,北京市,北京市,朝阳区,116.5060573,39.89349099
竞园-23D,风景名胜,风景名胜相关,旅游景点,广渠路3号竞园艺术中心23竞报附近,北京市,北京市,朝阳区,116.5052915,39.89342375
北京高碑店国际民俗旅游文化村,风景名胜,风景名胜相关,旅游景点,高碑店路1438号,北京市,北京市,朝阳区,116.5224466,39.8984278
君帝闗,风景名胜,风景名胜,寺庙道观,高碑店村(美之味西饼屋附近),北京市,北京市,朝阳区,116.5231548,39.89962462
励志堂,风景名胜,风景名胜,风景名胜,文化新大街1742号附近,北京市,北京市,朝阳区,116.5349897,39.89711723
中国非物质文化产业基地,风景名胜,风景名胜,风景名胜,高碑店文化新大街1736号,北京市,北京市,朝阳区,116.5366345,39.89613206
百花公园,风景名胜,公园广场,公园,二环东路3361号东门洪家,北京市,北京市,朝阳区,116.5448062,39.89391763
百花公园-西区,风景名胜,公园广场,公园,小郊亭桥与广渠路交叉口西北150米,北京市,北京市,朝阳区,116.5450769,39.89371118
百花公园东区,风景名胜,公园广场,公园,广渠路北150米,北京市,北京市,朝阳区,116.5528089,39.89511637
杜仲公园,风景名胜,公园广场,公园,三间房乡杨家沟,北京市,北京市,朝阳区,116.5632974,39.89224003
枫晴广场,风景名胜,风景名胜相关,旅游景点,双桥东路127号附近,北京市,北京市,朝阳区,116.5988775,39.89845254
东1时区公园,风景名胜,公园广场,公园,司辛庄东路,北京市,北京市,朝阳区,116.6078484,39.89796011
百寿园,风景名胜,风景名胜相关,旅游景点,杨庄路东200米,北京市,北京市,通州区,116.6283314,39.89333192
北京市基督教通州堂,风景名胜,风景名胜,教堂,杨庄路西果园4号,北京市,北京市,通州区,116.6252977,39.90030064
西关清真寺,风景名胜,风景名胜,回教寺,西关大街,北京市,北京市,通州区,116.6356053,39.90106385
人口文化园,风景名胜,公园广场,城市广场,翠屏东路与通朝大街交叉口东北100米,北京市,北京市,通州区,116.6409904,39.89157155
景春园,风景名胜,公园广场,公园,运河西大街139号,北京市,北京市,通州区,116.6554859,39.89168254
古刹三义庙,风景名胜,风景名胜,风景名胜,玉带河东街358号成教中心院内,北京市,北京市,通州区,116.6552975,39.89904456
通州兵营旧址,风景名胜,风景名胜相关,旅游景点,东营前街64,北京市,北京市,通州区,116.6653702,39.89769739
万春园,风景名胜,公园广场,公园,玉桥中路19号,北京市,北京市,通州区,116.6713259,39.8920722
玉桥园,风景名胜,公园广场,公园,玉桥北街,北京市,北京市,通州区,116.6766437,39.89303206
御水天缘水族馆,风景名胜,公园广场,水族馆,永顺滨河中路上营花鸟市场,北京市,北京市,通州区,116.6944553,39.89183765
政府公园(建设中),风景名胜,公园广场,公园广场,,北京市,北京市,通州区,116.7228945,39.89392429
大营旅游村,风景名胜,风景名胜,风景名胜,胡各庄政通东路大营村,北京市,北京市,通州区,116.7390133,39.89759994
文化广场,风景名胜,公园广场,城市广场,大营路,北京市,北京市,通州区,116.74001,39.89484387
万顷郊野公园,风景名胜,公园广场,公园,大安山乡,北京市,北京市,房山区,115.7800631,39.8868496
天门山景区-天门山森林公园,风景名胜,风景名胜,风景名胜,潭柘寺镇南辛房村,北京市,北京市,门头沟区,115.9944429,39.88707013
娼妓古桥,风景名胜,风景名胜,风景名胜,,北京市,北京市,门头沟区,116.085009,39.88110017
刘鸿瑞故居,风景名胜,风景名胜,纪念馆,石园北路与紫金北路交叉口西南100米,北京市,北京市,门头沟区,116.0999862,39.88812103
莲石湖湿地公园-门亭,风景名胜,风景名胜,风景名胜,京原路与北宫路交叉口北150米,北京市,北京市,门头沟区,116.1565928,39.88664293
莲石湖郊野公园-莲石湖公园,风景名胜,公园广场,公园,京源路附近,北京市,北京市,石景山区,116.1613937,39.89070163
北京园博园-牡丹园(河堤路),风景名胜,风景名胜,风景名胜,射击场路15号北京园博园,北京市,北京市,丰台区,116.1644073,39.88253564
北京园博园-樱桃沟,风景名胜,风景名胜,风景名胜,河堤路附近,北京市,北京市,丰台区,116.1658074,39.88117932
北京园博园-古民居文化区,风景名胜,风景名胜,风景名胜,射击场路15号北京园博园,北京市,北京市,丰台区,116.1610116,39.88370825
北京园博园-文源亭,风景名胜,风景名胜,风景名胜,射击场路15号北京园博园内,北京市,北京市,丰台区,116.1689743,39.88117123
北京园博园-永定牌坊,风景名胜,风景名胜,风景名胜,射击场路15号北京园博园内,北京市,北京市,丰台区,116.1677388,39.88194989
莲石湖湿地公园-京华水韵,风景名胜,风景名胜,风景名胜,,北京市,北京市,石景山区,116.1618129,39.89106539
永定河休闲森林公园-观光小火车,风景名胜,风景名胜,风景名胜,京原路55号,北京市,北京市,石景山区,116.1654014,39.88803723
浅滩,风景名胜,风景名胜相关,旅游景点,燕堤西街6号,北京市,北京市,石景山区,116.1624158,39.88901361
北京园博园-莲石湖,风景名胜,风景名胜,风景名胜,射击场路15号北京园博园,北京市,北京市,石景山区,116.1657819,39.88443611
鹰山森林公园樱桃沟,风景名胜,公园广场,公园内部设施,河堤路附近,北京市,北京市,丰台区,116.1662216,39.88124309
北京园博园-文昌阁,风景名胜,风景名胜,风景名胜,河堤路附近,北京市,北京市,丰台区,116.1653841,39.88202749
永定河休闲森林公园,风景名胜,风景名胜,风景名胜,京原路55号,北京市,北京市,石景山区,116.1712549,39.88817614
首拓园,风景名胜,风景名胜,风景名胜,衙门口三号桥,北京市,北京市,石景山区,116.192835,39.88926892
三昧真火(传统酱肉),风景名胜,风景名胜,风景名胜,八宝山南路重兴园甲2号楼晟隆顺祥农副产品市场4号,北京市,北京市,石景山区,116.2219633,39.89114148
火车头广场,风景名胜,公园广场,公园广场,吴家村路69号,北京市,北京市,丰台区,116.2319679,39.88773273
立高公益亭,风景名胜,风景名胜相关,旅游景点,小屯路9号楼,北京市,北京市,丰台区,116.2463834,39.88746002
青塔街心公园,风景名胜,公园广场,公园,大成北里与小瓦窑东里南路交叉口西南100米,北京市,北京市,丰台区,116.2543716,39.89102174
卢沟桥街道文化广场,风景名胜,公园广场,城市广场,西四环中路117号附近,北京市,北京市,丰台区,116.2680799,39.8815321
法制文化广场,风景名胜,公园广场,城市广场,岳各庄北路与魏家村南路交叉口东南100米西府·颐园畅和园附近,北京市,北京市,丰台区,116.2617776,39.8817021
生态公园,风景名胜,公园广场,公园,岳各庄东路,北京市,北京市,丰台区,116.2787136,39.88398855
足球公园,风景名胜,公园广场,公园,岳各庄东路,北京市,北京市,丰台区,116.2764477,39.88317332
万丰公园,风景名胜,公园广场,公园,万丰路莲怡园小区西侧,北京市,北京市,丰台区,116.2858064,39.88199614
莲花池公园,风景名胜,公园广场,公园,西三环中路38号,北京市,北京市,丰台区,116.3088575,39.89088709
中国人民抗日战争纪念雕塑园,风景名胜,公园广场,公园,六里桥与西三环中路交叉口西100米,北京市,北京市,丰台区,116.3035497,39.88460308
莲花池公园-露天舞场,风景名胜,公园广场,公园,莲花池南路北50米,北京市,北京市,丰台区,116.3111637,39.88865089
北京国际旅游文化广场,风景名胜,公园广场,城市广场,北京西站南路,北京市,北京市,丰台区,116.3154269,39.89038873
乐哉乐哉(台式便当),风景名胜,公园广场,公园,广安路9号院6号楼一层102号,北京市,北京市,丰台区,116.3176199,39.89021955
太平桥人口文化园,风景名胜,公园广场,公园广场,北京西站南路东50米,北京市,北京市,丰台区,116.3152489,39.88578629
宣武区人口文化园,风景名胜,公园广场,公园,广安门外大街377号(广莲路),北京市,北京市,西城区,116.3250139,39.89076431
星湖,风景名胜,风景名胜相关,旅游景点,马连道路9-27号,北京市,北京市,西城区,116.3202267,39.88401084
黄山贡菊,风景名胜,风景名胜相关,旅游景点,茶马街1号院附近,北京市,北京市,西城区,116.323329,39.881292
乾煌竹观音,风景名胜,风景名胜相关,旅游景点,茶马街1号院附近,北京市,北京市,西城区,116.323329,39.881292
小红庙,风景名胜,风景名胜相关,旅游景点,门外大街与莲花河东侧路交叉口向南600米路东,北京市,北京市,西城区,116.3314933,39.88118341
宝应寺,风景名胜,风景名胜,寺庙道观,门登莱胡同29号,北京市,北京市,西城区,116.3485908,39.88676461
北京滨河公园-蓟城纪念柱,风景名胜,风景名胜,风景名胜,广安门北街10号,北京市,北京市,西城区,116.3430427,39.89050286
南线阁社区文化广场,风景名胜,公园广场,城市广场,南线阁街与登莱胡同交叉口西南150米,北京市,北京市,西城区,116.3459912,39.88564401
辽燕角楼故址,风景名胜,风景名胜,风景名胜,南线阁街与广安门内大街交叉口东南50米,北京市,北京市,西城区,116.3472284,39.88778682
报国寺,风景名胜,风景名胜,寺庙道观,广安门内报国寺1号,北京市,北京市,西城区,116.3533443,39.88987389
北京牛街礼拜寺,风景名胜,风景名胜,回教寺,牛街中路18号(近广安门内),北京市,北京市,西城区,116.3583861,39.88429871
清真女寺,风景名胜,风景名胜,回教寺,寿刘胡同39号,北京市,北京市,西城区,116.3582812,39.88481784
广宁公园,风景名胜,公园广场,公园,广安门内大街临89号,北京市,北京市,西城区,116.35204,39.88840899
牛街西里二区普法长廊,风景名胜,公园广场,公园,枣林斜街附近,北京市,北京市,西城区,116.3557877,39.88345551
辽仙露寺故址,风景名胜,风景名胜,寺庙道观,广安门内大街225-2号,北京市,北京市,西城区,116.3589057,39.88833079
报国寺东夹道,风景名胜,风景名胜,风景名胜,报国寺东夹道1号,北京市,北京市,西城区,116.3538215,39.88990816
报国寺西夹道,风景名胜,风景名胜,风景名胜,报国寺西夹道14号附近,北京市,北京市,西城区,116.3520458,39.88981691
唐大悲阁故址,风景名胜,风景名胜,风景名胜,下斜街36号,北京市,北京市,西城区,116.3575988,39.88955458
科普楼门,风景名胜,风景名胜相关,旅游景点,广安门内大街202-205号附近,北京市,北京市,西城区,116.3561199,39.88568291
法源寺,风景名胜,风景名胜,寺庙道观,法源寺前街7号,北京市,北京市,西城区,116.3638095,39.88391751
莲花寺,风景名胜,风景名胜,寺庙道观,莲花西路永庆胡同37号,北京市,北京市,西城区,116.3647459,39.88586726
湖南会馆,风景名胜,风景名胜,风景名胜,烂缦胡同101号(近南横西街),北京市,北京市,西城区,116.3658026,39.88438805
绍兴会馆,风景名胜,风景名胜,风景名胜,南半截胡同7号(近菜市口大街),北京市,北京市,西城区,116.3668691,39.88482578
谭嗣同故居,风景名胜,风景名胜,纪念馆,北半截胡同41号(近菜市口大街),北京市,北京市,西城区,116.3677398,39.88504278
毛泽东召集驱张大会遗址,风景名胜,风景名胜,纪念馆,烂缦胡同76号附近,北京市,北京市,西城区,116.3659903,39.88451283
唐悯忠寺故址,风景名胜,风景名胜,风景名胜,牛街,北京市,北京市,西城区,116.363665,39.88242976
潭呞同故居,风景名胜,风景名胜,风景名胜,莲花胡同与菜市口大街交叉口西南50米,北京市,北京市,西城区,116.3676799,39.88513884
辽安东门故址,风景名胜,风景名胜,风景名胜,广安门内大街74-2附近,北京市,北京市,西城区,116.3646498,39.88776428
金圣安寺故址,风景名胜,风景名胜,风景名胜,宣武门外南横街西口,北京市,北京市,西城区,116.3589624,39.88217901
绍兴会馆旧址,风景名胜,风景名胜相关,旅游景点,南半截胡同与莲花胡同交叉口南100米,北京市,北京市,西城区,116.3670239,39.88461562
广阳谷城市森林公园,风景名胜,风景名胜相关,旅游景点,宣武门外大街菜市口地铁西北出口,北京市,北京市,西城区,116.3673199,39.88897907
香时里美容美发中心,风景名胜,风景名胜相关,旅游景点,法源寺西里一号楼底商,北京市,北京市,西城区,116.3614481,39.88459652
北京湖广会馆,风景名胜,风景名胜,风景名胜,虎坊路3号(虎坊桥路口西南),北京市,北京市,西城区,116.3778063,39.8875391
京报馆,风景名胜,风景名胜,风景名胜,骡马市大街魏染胡同30号,北京市,北京市,西城区,116.3743544,39.88956587
中山会馆,风景名胜,风景名胜,纪念馆,珠朝街5号,北京市,北京市,西城区,116.3690516,39.8815315
梁启超旧居,风景名胜,风景名胜,纪念馆,粉房琉璃街与黑窑厂街交叉口北100米,北京市,北京市,西城区,116.3753672,39.88248032
荀慧生故居,风景名胜,风景名胜,纪念馆,宣武门山西街甲13号,北京市,北京市,西城区,116.37023,39.89035483
林白水故居,风景名胜,风景名胜,风景名胜,骡马市大街9号,北京市,北京市,西城区,116.3733615,39.88917779
京华印书局,风景名胜,风景名胜,风景名胜,南新华街177号瑞祥大厦,北京市,北京市,西城区,116.378051,39.88849586
云南新馆,风景名胜,风景名胜,风景名胜,珠朝街4号,北京市,北京市,西城区,116.3697947,39.88144471
悠然亭,风景名胜,风景名胜,风景名胜,高家寨胡同,北京市,北京市,西城区,116.3766247,39.88534213
邵飘萍故居,风景名胜,风景名胜,风景名胜,骡马市大街魏染胡同30号,北京市,北京市,西城区,116.3743913,39.88986282
施愚山故居,风景名胜,风景名胜,纪念馆,骡马市大街铁门胡同11号,北京市,北京市,西城区,116.3690384,39.89072008
纪晓岚故居,风景名胜,风景名胜,纪念馆,珠市口西大街241号(陕西巷南口),北京市,北京市,西城区,116.3809616,39.88865482
八大胡同,风景名胜,风景名胜,风景名胜,珠市口西大街,北京市,北京市,西城区,116.380275,39.8900242
五道庙,风景名胜,风景名胜,风景名胜,韩家潭西口铁树斜街与樱桃斜街之间的路口处,北京市,北京市,西城区,116.3809014,39.89085575
云吉班旧址,风景名胜,风景名胜,风景名胜,陕西巷52号,北京市,北京市,西城区,116.3836946,39.89025913
宜兴会馆,风景名胜,风景名胜,风景名胜,校尉营胡同44号,北京市,北京市,西城区,116.3888884,39.88841599
王瑶卿故居,风景名胜,风景名胜,风景名胜,煤市街培英胡同20号,北京市,北京市,西城区,116.387021,39.8898286
程长庚,风景名胜,风景名胜相关,旅游景点,小百顺胡同与百顺胡同交叉口东50米,北京市,北京市,西城区,116.3809146,39.88924982
陕西巷,风景名胜,风景名胜相关,旅游景点,陕西巷与韩家胡同交叉口北50米,北京市,北京市,西城区,116.3836336,39.89029216
京剧发祥地,风景名胜,风景名胜相关,旅游景点,珠市口西大街253号,北京市,北京市,西城区,116.3807068,39.88860098
小凤仙故居(云吉班旧址),风景名胜,风景名胜,纪念馆,陕西巷52号(近上林仙馆),北京市,北京市,西城区,116.3836876,39.89010414
唐万善寺故址,风景名胜,风景名胜相关,旅游景点,珠市口西大街133号,北京市,北京市,西城区,116.3853669,39.88878036
恐龙公园,风景名胜,风景名胜,风景名胜,天桥南大街126号北京自然博物馆内,北京市,北京市,东城区,116.3938163,39.88184525
北京市基督教会珠市口堂,风景名胜,风景名胜,教堂,前门大街129号(珠市口路口西南角),北京市,北京市,东城区,116.3919216,39.88956916
水生生物馆,风景名胜,公园广场,水族馆,天桥南大街126号北京自然博物馆,北京市,北京市,东城区,116.3938024,39.88179025
天桥市民广场,风景名胜,公园广场,城市广场,天桥市场斜街与新农街交叉口东南100米,北京市,北京市,西城区,116.3911097,39.88169971
天桥市民文化广场,风景名胜,公园广场,城市广场,北纬路22号,北京市,北京市,西城区,116.3918176,39.88178555
源顺镖局旧址,风景名胜,风景名胜相关,旅游景点,西半壁街13号,北京市,北京市,东城区,116.3936584,39.8895039
植物功能厅,风景名胜,风景名胜,风景名胜,天桥南大街126号北京自然博物馆植物世界内,北京市,北京市,东城区,116.3937994,39.88181725
神奇的非洲,风景名胜,风景名胜,风景名胜,天桥南大街126号北京自然博物馆内,北京市,北京市,东城区,116.3937494,39.88179126
探索角,风景名胜,风景名胜,风景名胜,天桥南大街126号北京自然博物馆内,北京市,北京市,东城区,116.3938074,39.88179025
植物演化,风景名胜,风景名胜,风景名胜,天桥南大街126号北京自然博物馆植物世界内,北京市,北京市,东城区,116.3937894,39.88179125
无脊椎动物,风景名胜,风景名胜,纪念馆,天桥南大街126号北京自然博物馆内,北京市,北京市,东城区,116.3938073,39.88183125
古哺乳动物,风景名胜,风景名胜,风景名胜,天桥南大街126号北京自然博物馆内,北京市,北京市,东城区,116.3938073,39.88183125
动物的奥秘,风景名胜,风景名胜,风景名胜,天桥南大街126号北京自然博物馆内,北京市,北京市,东城区,116.3938073,39.88183125
动物-人类的朋友,风景名胜,风景名胜,风景名胜,天桥南大街126号北京自然博物馆内,北京市,北京市,东城区,116.3938073,39.88183125
植物世界,风景名胜,公园广场,植物园,天桥南大街126号北京自然博物馆内,北京市,北京市,东城区,116.3937894,39.88180225
化石林,风景名胜,风景名胜,风景名胜,天桥南大街130号,北京市,北京市,东城区,116.3931115,39.88120537
正阳桥疏渠记方碑,风景名胜,风景名胜,风景名胜,西部红庙街78号,北京市,北京市,东城区,116.3936248,39.88602507
天桥钟楼,风景名胜,风景名胜相关,旅游景点,北纬路与天桥南大街交叉口南50米,北京市,北京市,西城区,116.3921295,39.88192749
估衣会馆,风景名胜,风景名胜,风景名胜,大市胡同10号,北京市,北京市,东城区,116.3978725,39.89023376
铛铛车,风景名胜,风景名胜,风景名胜,前门大街,北京市,北京市,东城区,116.3921814,39.89032608
走进人体,风景名胜,风景名胜,风景名胜,天桥南大街126号北京自然博物馆内,北京市,北京市,东城区,116.3937634,39.88180125
山川坛坛墙故址,风景名胜,风景名胜相关,旅游景点,福长街2附近,北京市,北京市,西城区,116.3893498,39.88442304
天坛公园-祈年殿,风景名胜,风景名胜,风景名胜,天坛东路甲1号天坛公园内,北京市,北京市,东城区,116.4067122,39.8819615
天坛,风景名胜,风景名胜,国家级景点,天坛路天坛公园内,北京市,北京市,东城区,116.4065891,39.88230543
天坛公园-祈年殿东配殿,风景名胜,风景名胜,国家级景点,,北京市,北京市,东城区,116.4073387,39.88162182
金台书院,风景名胜,风景名胜,风景名胜,东晓市大街203号,北京市,北京市,东城区,116.404711,39.88986629
天坛公园-皇乾殿,风景名胜,风景名胜,风景名胜,天坛东路甲1号天坛公园祈年殿内,北京市,北京市,东城区,116.4066581,39.88287443
天坛公园-双环万寿亭,风景名胜,风景名胜,风景名胜,天坛东路甲1号天坛公园内,北京市,北京市,东城区,116.4005562,39.88228348
天坛公园杏花林,风景名胜,公园广场,公园,天坛公园内,北京市,北京市,东城区,116.4041395,39.88370337
祈年门,风景名胜,风景名胜,风景名胜,天坛东路甲1号天坛公园祈年殿内,北京市,北京市,东城区,116.4068624,39.8813806
天坛公园-祈年殿西配殿,风景名胜,风景名胜,风景名胜,天坛路甲1号天坛公园内,北京市,北京市,东城区,116.4060839,39.88158124
天坛公园-神厨,风景名胜,风景名胜,风景名胜,天坛东里2号,北京市,北京市,东城区,116.4085915,39.88269041
天坛公园-甘泉井,风景名胜,风景名胜,风景名胜,天坛路甲1号天坛公园内,北京市,北京市,东城区,116.4082933,39.88247226
天坛公园-古稀门,风景名胜,风景名胜,风景名胜,天坛东路甲1号天坛公园祈年殿内,北京市,北京市,东城区,116.40648,39.88277235
天坛公园-燎炉,风景名胜,风景名胜,风景名胜,天坛内东里7号天坛公园圜丘内,北京市,北京市,东城区,116.4073297,39.88126683
天坛公园-膳饮斋,风景名胜,风景名胜,风景名胜,天坛路甲1号天坛公园内,北京市,北京市,东城区,116.4078699,39.88274803
天坛公园-方胜亭,风景名胜,风景名胜,风景名胜,复康里,北京市,北京市,东城区,116.4004382,39.88194748
北天门,风景名胜,风景名胜,风景名胜,天坛路甲1号天坛公园景区内,北京市,北京市,东城区,116.4065028,39.88436229
天坛公园-丹陛石雕,风景名胜,风景名胜,风景名胜,天坛东路甲1号天坛公园祈年殿内,北京市,北京市,东城区,116.4065762,39.88162345
天坛公园-柏抱槐,风景名胜,风景名胜,风景名胜,天坛路甲1号天坛公园内,北京市,北京市,东城区,116.4081852,39.88221322
北京市东城区普查登记文物慈源寺,风景名胜,风景名胜相关,旅游景点,东晓市街145号,北京市,北京市,东城区,116.4069805,39.88924428
天坛公园-祭天礼仪馆,风景名胜,风景名胜,风景名胜,天坛东路甲1号天坛公园祈年殿内,北京市,北京市,东城区,116.4061059,39.88159525
法华寺,风景名胜,风景名胜,寺庙道观,法华寺街65-67,北京市,北京市,东城区,116.4184163,39.88667377
天坛公园-七星石,风景名胜,风景名胜,风景名胜,天坛路甲1号天坛公园内,北京市,北京市,东城区,116.4098746,39.8816522
天坛公园-古柏林,风景名胜,风景名胜,风景名胜,天坛路甲1号天坛公园内,北京市,北京市,东城区,116.4089297,39.88290359
法华寺街,风景名胜,风景名胜,风景名胜,葱店西街与营房西街交叉口西南50米,北京市,北京市,东城区,116.4175112,39.88597992
天地坛,风景名胜,风景名胜相关,旅游景点,天坛路甲1号,北京市,北京市,东城区,116.4141977,39.88262619
天坛公园-宰牲亭,风景名胜,风景名胜,风景名胜,安定门外大街2号天坛公园内,北京市,北京市,东城区,116.4099756,39.8829022
敕建清华禅林,风景名胜,风景名胜相关,旅游景点,东晓市一巷与清华街交叉口东北100米,北京市,北京市,东城区,116.4111176,39.89066856
南岗子天主教堂,风景名胜,风景名胜,教堂,体育馆路永生巷6号(8路公共汽车幸福大街下车南行100米),北京市,北京市,东城区,116.4217288,39.88778822
龙潭,风景名胜,公园广场,公园,幸福北里与幸福巷交叉口东南50米,北京市,北京市,东城区,116.4269617,39.88594682
广慧寺,风景名胜,风景名胜,寺庙道观,东壁街45号,北京市,北京市,东城区,116.4202214,39.88962348
夕照寺,风景名胜,风景名胜,寺庙道观,夕照寺中街19号,北京市,北京市,东城区,116.4332316,39.88840504
龙潭门镇,风景名胜,风景名胜相关,旅游景点,夕照寺街33号附近,北京市,北京市,东城区,116.4341224,39.88136583
军民共建护城河休闲公园,风景名胜,公园广场,公园,东二环出口与广和路交叉口西150米,北京市,北京市,东城区,116.4374713,39.88668833
劲松五区街心花园,风景名胜,公园广场,公园,劲松五区512-1号,北京市,北京市,朝阳区,116.4451703,39.88148242
朝阳普法广场,风景名胜,公园广场,城市广场,,北京市,北京市,朝阳区,116.4574833,39.89039794
扶生庐,风景名胜,风景名胜相关,旅游景点,垂杨柳中街附近,北京市,北京市,朝阳区,116.4513826,39.8903455
清真河西娅,风景名胜,风景名胜,风景名胜,南磨房路北50米,北京市,北京市,朝阳区,116.4595498,39.88337041
山山户外俱乐部,风景名胜,风景名胜相关,旅游景点,北新桥新太仓一巷48号,北京市,北京市,朝阳区,116.4799429,39.88668099
观音堂社区夏日文化广场,风景名胜,公园广场,城市广场,王四营,北京市,北京市,朝阳区,116.5174503,39.88505487
北京万亭文化,风景名胜,风景名胜相关,旅游景点,王四营王四营图书批发市场门脸房西区24号,北京市,北京市,朝阳区,116.5374775,39.88233861
金田公园(北区),风景名胜,公园广场,公园,豆各庄何家村,北京市,北京市,朝阳区,116.557026,39.88632357
双树北村休闲公园,风景名胜,公园广场,公园,双树路与康中街交叉口东150米,北京市,北京市,朝阳区,116.5928714,39.88193642
暖山生态公园,风景名胜,公园广场,公园,双桥东路与康中街交叉口东北100米,北京市,北京市,朝阳区,116.6038733,39.88336617
渔家码头社区购物平台,风景名胜,风景名胜相关,旅游景点,梨园通朝大街330号(交通局西30米),北京市,北京市,通州区,116.6332978,39.89095486
馨园,风景名胜,公园广场,公园广场,翠屏北里甲29号,北京市,北京市,通州区,116.6407683,39.88904704
通州圣方济各天主教堂(祈祷所),风景名胜,风景名胜,教堂,梨园九棵树翠屏里小区20号楼商30,北京市,北京市,通州区,116.6437172,39.88568418
通州方济各天主堂,风景名胜,风景名胜,教堂,怡乐中街北150米,北京市,北京市,通州区,116.6436654,39.88557428
漫春园,风景名胜,公园广场,公园,九棵树,北京市,北京市,通州区,116.6517015,39.89017967
观音古寺,风景名胜,风景名胜,寺庙道观,召里村西路北(近八通线梨园站),北京市,北京市,通州区,116.663087,39.88746126
居住休闲绿地,风景名胜,公园广场,公园,运河西大街248号,北京市,北京市,通州区,116.6620106,39.89099116
玉桥南里小区广场,风景名胜,公园广场,公园广场,梨园北街(玉桥南里小区内),北京市,北京市,通州区,116.6765616,39.88798545
幸福园,风景名胜,公园广场,公园,玉桥东里,北京市,北京市,通州区,116.6830626,39.88802944
infini自行车公园,风景名胜,公园广场,公园广场|购物服务,大运河森林公园西园内,北京市,北京市,通州区,116.7254047,39.88797868
大运河森林公园西园,风景名胜,公园广场,公园,东方永宇高分子制品公司北,北京市,北京市,通州区,116.7227225,39.8882557
密符扇,风景名胜,风景名胜,风景名胜,021县道西150米,北京市,北京市,通州区,116.7384485,39.88386271
清风园,风景名胜,风景名胜,风景名胜,021县道西150米,北京市,北京市,通州区,116.7386174,39.88365768
泾阳码头,风景名胜,风景名胜,风景名胜,大营路附近,北京市,北京市,通州区,116.7349383,39.88424773
大运河森林公园-月岛观景台,风景名胜,风景名胜,风景名胜,大运河森林公园内,北京市,北京市,通州区,116.7302472,39.88378886
共和国部长纪念林,风景名胜,风景名胜,风景名胜,大营路附近,北京市,北京市,通州区,116.7346625,39.88467281
运河清风,风景名胜,风景名胜相关,旅游景点,021县道西150米,北京市,北京市,通州区,116.7388752,39.88370662
第一党支部,风景名胜,风景名胜,风景名胜,021县道西150米,北京市,北京市,通州区,116.7400025,39.88313443
樱桃园,风景名胜,风景名胜,风景名胜,021县道西100米,北京市,北京市,通州区,116.7398995,39.88366042
于成龙雕塑,风景名胜,风景名胜,风景名胜,021县道西150米,北京市,北京市,通州区,116.73921,39.88334257
大运河水梦园,风景名胜,风景名胜,风景名胜,潞城镇七级村东,北京市,北京市,通州区,116.7614917,39.88599531
潞城药艺公园,风景名胜,公园广场,公园,潞城中路,北京市,北京市,通州区,116.769779,39.88679069
京郊最美梯田,风景名胜,风景名胜,风景名胜,西苑村四队牧场口对面,北京市,北京市,房山区,115.7518644,39.87444022
北京万顷园(暂停营业),风景名胜,风景名胜,风景名胜,万倾园路与军红路交叉口西150米,北京市,北京市,房山区,115.7951177,39.87284976
天门山景区,风景名胜,风景名胜,风景名胜,202村道附近,北京市,北京市,门头沟区,115.9932479,39.87969714
鸿博文化园,风景名胜,公园广场,公园,潭柘寺镇鲁家滩大街79号,北京市,北京市,门头沟区,116.0106054,39.87566803
赵家台民俗旅游村,风景名胜,风景名胜,风景名胜,潭柘寺镇,北京市,北京市,门头沟区,116.024886,39.87939075
潭柘寺环岛,风景名胜,风景名胜相关,旅游景点,潭柘寺环岛与潭王路交叉口东南50米,北京市,北京市,门头沟区,116.0246181,39.87723057
芦潭古道,风景名胜,风景名胜,风景名胜,京昆路南150米,北京市,北京市,门头沟区,116.0831471,39.87211028
空中花园,风景名胜,风景名胜,风景名胜,长辛店镇大灰厂东路55号北宫国家森林公园内,北京市,北京市,丰台区,116.1054069,39.87137126
北宫国家森林公园-地震断裂带,风景名胜,风景名胜,风景名胜,长辛店镇大灰厂东路55号北宫国家森林公园内,北京市,北京市,门头沟区,116.1047962,39.8719599
月严寺,风景名胜,风景名胜,风景名胜,,北京市,北京市,门头沟区,116.1005981,39.87778074
北宫国家森林公园,风景名胜,风景名胜,国家级景点,大灰厂东路55号,北京市,北京市,丰台区,116.1249778,39.87154013
城隍庙,风景名胜,风景名胜,寺庙道观,小汤山九华山庄康乐宫2楼,北京市,北京市,丰台区,116.1614452,39.8725236
北京园博园-鹰山广场,风景名胜,公园广场,城市广场,射击场路15号北京园博园内,北京市,北京市,丰台区,116.1626466,39.88053244
杜鹃沟,风景名胜,风景名胜,风景名胜,射击场路15号,北京市,北京市,丰台区,116.1658189,39.87731053
北京园博园-桃花沟,风景名胜,风景名胜,风景名胜,河堤路附近,北京市,北京市,丰台区,116.16883,39.88069399
北京园博园-玫瑰沟,风景名胜,风景名胜,风景名胜,,北京市,北京市,丰台区,116.1668176,39.87828735
北京园博园-峰顶酩香,风景名胜,风景名胜,风景名胜,,北京市,北京市,丰台区,116.1678163,39.87908517
北京园博园-太公池,风景名胜,风景名胜,风景名胜,芦井路北200米附近,北京市,北京市,丰台区,116.1608137,39.87808315
北京园博园-梅花沟,风景名胜,风景名胜,风景名胜,,北京市,北京市,丰台区,116.1658266,39.8802874
北京园博园-迷宫,风景名胜,风景名胜,风景名胜,,北京市,北京市,丰台区,116.1618074,39.87907895
北京园博园-猴山,风景名胜,风景名胜,风景名胜,射击场路,北京市,北京市,丰台区,116.1658127,39.87857545
北京园博园-永定塔,风景名胜,风景名胜,风景名胜,射击场路15号北京园博园,北京市,北京市,丰台区,116.1665428,39.87856282
北京园博园-丁香园,风景名胜,风景名胜,风景名胜,射击场路15号北京园博园内,北京市,北京市,丰台区,116.1654575,39.8804457
鹰山森林公园桃花沟,风景名胜,公园广场,公园内部设施,河堤路附近,北京市,北京市,丰台区,116.168835,39.880673
鹰山森林公园太公池,风景名胜,公园广场,公园内部设施,芦井路北200米,北京市,北京市,丰台区,116.1606422,39.87803983
鹰山森林公园迷宫,风景名胜,公园广场,公园内部设施,,北京市,北京市,丰台区,116.1621674,39.87907162
鹰山森林公园梅花沟,风景名胜,公园广场,公园内部设施,,北京市,北京市,丰台区,116.1662658,39.88027322
鹰山森林公园玫瑰沟,风景名胜,公园广场,公园内部设施,,北京市,北京市,丰台区,116.1671014,39.87826988
鹰山森林公园猴山,风景名胜,公园广场,公园内部设施,,北京市,北京市,丰台区,116.1653414,39.87859557
鹰山森林公园峰顶酩香,风景名胜,公园广场,公园内部设施,,北京市,北京市,丰台区,116.1675396,39.87906766
北京园博园-观光车永定塔站,风景名胜,风景名胜相关,旅游景点,射击场路15号北京园博园内,北京市,北京市,丰台区,116.1665058,39.87768279
北京园博园-丁香沟,风景名胜,风景名胜,风景名胜,园博大道西200米,北京市,北京市,丰台区,116.1708198,39.87858879
北京园博园-鄂州园(河堤路),风景名胜,风景名胜,风景名胜,射击场路15号北京园博园,北京市,北京市,丰台区,116.1753424,39.87888014
北京园博园-栾树沟,风景名胜,风景名胜,风景名胜,河堤路附近,北京市,北京市,丰台区,116.1718274,39.88048957
北京园博园-东岭旭日,风景名胜,风景名胜,风景名胜,射击场路7号,北京市,北京市,丰台区,116.1708225,39.88099168
北京园博园-岭南园,风景名胜,风景名胜,风景名胜,射击场路15号北京园博园,北京市,北京市,丰台区,116.1749745,39.87773452
北京园博园-济南园(河堤路),风景名胜,风景名胜,风景名胜,射击场路15号北京园博园,北京市,北京市,丰台区,116.1745322,39.87898064
北京园博园-紫薇园,风景名胜,风景名胜,风景名胜,射击场路15号北京园博园,北京市,北京市,丰台区,116.1710905,39.87944626
北京园博园-西安园(河堤路),风景名胜,风景名胜,风景名胜,射击场路15号北京园博园,北京市,北京市,丰台区,116.1762118,39.87873773
北京园博园-闽园,风景名胜,风景名胜,风景名胜,射击场路15号北京园博园,北京市,北京市,丰台区,116.1770062,39.87689727
北京园博园-宁静轩,风景名胜,风景名胜,风景名胜,射击场路15号中国园林博物馆内,北京市,北京市,丰台区,116.1693055,39.87968092
北京园博园-斗室,风景名胜,风景名胜,风景名胜,射击场路15号中国园林博物馆内,北京市,北京市,丰台区,116.169798,39.87802092
北京园博园-先月榭,风景名胜,风景名胜,风景名胜,射击场路15号中国园林博物馆内,北京市,北京市,丰台区,116.1695203,39.87798841
北京园博园-观澜亭,风景名胜,风景名胜,风景名胜,射击场路7号附近济南园内,北京市,北京市,丰台区,116.1749514,39.87855743
北京园博园-凤凰亭,风景名胜,风景名胜,风景名胜,射击场路附近鄂州园内,北京市,北京市,丰台区,116.175928,39.87879021
北京园博园-云荫堂,风景名胜,风景名胜,风景名胜,射击场路15号中国园林博物馆内,北京市,北京市,丰台区,116.1697449,39.87821381
北京园博园-澄爽榭,风景名胜,风景名胜,风景名胜,射击场路15号中国园林博物馆内,北京市,北京市,丰台区,116.1694743,39.87706037
北京园博园-镜影亭,风景名胜,风景名胜,风景名胜,射击场路15号中国园林博物馆内,北京市,北京市,丰台区,116.1700579,39.87670347
北京园博园-汇波轩,风景名胜,风景名胜,风景名胜,射击场路7号附近济南园内,北京市,北京市,丰台区,116.1753454,39.87901013
北京园博园-延南薰,风景名胜,风景名胜,风景名胜,射击场路15号中国园林博物馆内,北京市,北京市,丰台区,116.1697899,39.87867887
北京园博园-松风阁,风景名胜,风景名胜,风景名胜,射击场路附近鄂州园内,北京市,北京市,丰台区,116.1757035,39.87849482
北京园博园-留客亭,风景名胜,风景名胜,风景名胜,射击场路15号中国园林博物馆内,北京市,北京市,丰台区,116.1695473,39.87808645
北京园博园-玲珑池馆,风景名胜,风景名胜,风景名胜,射击场路15号中国园林博物馆内,北京市,北京市,丰台区,116.1696276,39.87796261
北京园博园-吟红斋,风景名胜,风景名胜,风景名胜,射击场路15号中国园林博物馆内,北京市,北京市,丰台区,116.1697858,39.87991081
北京园博园-花之初,风景名胜,公园广场,植物园,园博大道北200米,北京市,北京市,丰台区,116.1722648,39.87955443
北京园博园-花海甜园,风景名胜,公园广场,植物园,园博大道与射击场路交叉口北200米,北京市,北京市,丰台区,116.1743708,39.87851937
鹰山森林公园栾树沟,风景名胜,公园广场,公园内部设施,河堤路附近,北京市,北京市,丰台区,116.1715898,39.88051113
鹰山森林公园东岭旭日,风景名胜,公园广场,公园内部设施,河堤路附近,北京市,北京市,丰台区,116.1708727,39.88101477
北京园博园-观光车紫薇园站,风景名胜,风景名胜相关,旅游景点,射击场路15号北京园博园内,北京市,北京市,丰台区,116.1738222,39.87842636
北京园博园-花海迎春,风景名胜,风景名胜相关,旅游景点,园博大道与银杏大道交叉口东北200米,北京市,北京市,丰台区,116.1786729,39.87621733
北京园博园-龙山园,风景名胜,公园广场,公园,园博大道北200米,北京市,北京市,丰台区,116.1728965,39.8794756
北京园博园-植树人,风景名胜,风景名胜相关,旅游景点,银杏大道附近,北京市,北京市,丰台区,116.1771284,39.87816443
北京园博园-纪念阙,风景名胜,风景名胜,风景名胜,银杏大道附近,北京市,北京市,丰台区,116.1773089,39.87797477
北京园博园,风景名胜,风景名胜,风景名胜,射击场路15号,北京市,北京市,丰台区,116.1848387,39.87398035
北京园博园-台湾园,风景名胜,风景名胜,风景名胜,射击场路15号北京园博园,北京市,北京市,丰台区,116.190297,39.87133669
北京园博园-明园,风景名胜,风景名胜,风景名胜,射击场路15号北京园博园,北京市,北京市,丰台区,116.1925215,39.8712223
北京园博园-小径花园,风景名胜,风景名胜,风景名胜,射击场路15号北京园博园,北京市,北京市,丰台区,116.1931661,39.87148632
北京园博园-锦绣谷,风景名胜,风景名胜,风景名胜,射击场路15号北京园博园,北京市,北京市,丰台区,116.1890746,39.87408253
北京园博园-凹陷花园,风景名胜,风景名胜,风景名胜,射击场路15号北京园博园,北京市,北京市,丰台区,116.192461,39.87401306
北京园博园-流水印2013,风景名胜,风景名胜,风景名胜,射击场路15号北京园博园,北京市,北京市,丰台区,116.1924793,39.87173721
北京园博园-三谷徹花园,风景名胜,风景名胜,风景名胜,射击场路15号北京园博园,北京市,北京市,丰台区,116.1932109,39.87328529
北京园博园-印象四合院,风景名胜,风景名胜,风景名胜,射击场路15号北京园博园,北京市,北京市,丰台区,116.1928089,39.87362964
北京园博园-声波,风景名胜,风景名胜,风景名胜,射击场路15号北京园博园,北京市,北京市,丰台区,116.1925835,39.87231135
北京园博园-皮特·沃克花园,风景名胜,风景名胜,风景名胜,射击场路15号北京园博园,北京市,北京市,丰台区,116.1930617,39.87198612
北京园博园-彼得拉茨花园,风景名胜,风景名胜,风景名胜,射击场路15号北京园博园,北京市,北京市,丰台区,116.1934165,39.87281764
北京园博园-有限无限,风景名胜,风景名胜,风景名胜,河堤路附近,北京市,北京市,丰台区,116.1930798,39.87199915
北京园博园-晓月,风景名胜,风景名胜,风景名胜,园博园内,北京市,北京市,丰台区,116.1904189,39.87492071
北京园博园-天天园艺,风景名胜,风景名胜相关,旅游景点,河堤路附近,北京市,北京市,丰台区,116.1925995,39.87287134
经仪公园,风景名胜,公园广场,公园,大瓦窑张仪村路丰仪家园,北京市,北京市,丰台区,116.2189333,39.87268685
经仪公园西区,风景名胜,公园广场,公园,卢沟桥乡张仪村南路,北京市,北京市,丰台区,116.2190335,39.87260494
天元公园,风景名胜,公园广场,公园,青塔西路(近巴厘岛),北京市,北京市,丰台区,116.2550365,39.87475424
碾子坟200号,风景名胜,风景名胜相关,旅游景点,G4辅路,北京市,北京市,丰台区,116.2680679,39.8738855
常年销售公园年票,风景名胜,风景名胜相关,旅游景点,西四环南路5号附近,北京市,北京市,丰台区,116.2717995,39.87142502
西顶,风景名胜,风景名胜相关,旅游景点,岳各庄桥与西四环南路交叉口东150米,北京市,北京市,丰台区,116.2746164,39.871513
西局玉璞园东区,风景名胜,公园广场,植物园,西局前街与西局西路交叉口东北150米,北京市,北京市,丰台区,116.2985835,39.87193142
西局玉璞园西区,风景名胜,公园广场,植物园,西局西路,北京市,北京市,丰台区,116.2948368,39.87127574
花亭湖,餐饮服务,中餐厅,安徽菜(徽菜)|风景名胜,东局甲8号,北京市,北京市,丰台区,116.3141888,39.8736959
集秀,风景名胜,风景名胜,风景名胜,第三区商业街5-2144,北京市,北京市,西城区,116.3229593,39.87764089
谦心斋,风景名胜,风景名胜,风景名胜,欣园东路乙1号,北京市,北京市,西城区,116.3255786,39.87466601
应有堂,风景名胜,风景名胜相关,旅游景点,茶马南街8号第三区商业街3号楼3-20004,北京市,北京市,西城区,116.3211924,39.8774053
醉文岩,风景名胜,风景名胜相关,旅游景点,茶马北街附近,北京市,北京市,西城区,116.3241851,39.88058239
黄山毛峰,风景名胜,风景名胜相关,旅游景点,红莲南路78号附近,北京市,北京市,丰台区,116.3222902,39.87477832
护国寺小吃店(红莲店),餐饮服务,中餐厅,特色/地方风味餐厅|风景名胜,红莲南路6号院8,北京市,北京市,西城区,116.3316317,39.87567042
应天门故址,风景名胜,风景名胜,风景名胜,西二环与鸭子桥路交叉口东南50米,北京市,北京市,西城区,116.3433948,39.87591296
金宫殿故址,风景名胜,风景名胜,风景名胜,西二环,北京市,北京市,西城区,116.3430441,39.87964438
金中都公园-宣阳驿站,风景名胜,风景名胜,风景名胜,广安门南街62附近,北京市,北京市,西城区,116.3435161,39.87199694
宣武区档案馆,风景名胜,风景名胜相关,旅游景点,广安门南街68号,北京市,北京市,西城区,116.3463872,39.87132405
金中都应天门,风景名胜,风景名胜相关,旅游景点,白纸坊西街11号,北京市,北京市,西城区,116.3435625,39.87584467
金中都太液池遗址,风景名胜,风景名胜相关,旅游景点,广安门外南街与鸭子桥北街交叉口南150米,北京市,北京市,西城区,116.3405057,39.87794996
北京营城建都滨水绿道,风景名胜,风景名胜,风景名胜,广安门南街与建功北里交叉口西南100米,北京市,北京市,西城区,116.3434436,39.87721281
大观园-西配殿,风景名胜,风景名胜,风景名胜,南菜园街12号北京大观园省亲别墅内,北京市,北京市,西城区,116.3496008,39.87120173
大观园-水车,风景名胜,风景名胜,风景名胜,南菜园街12号北京大观园内,北京市,北京市,西城区,116.3507985,39.8713008
大观园-东配殿,风景名胜,风景名胜,风景名胜,南菜园街12号北京大观园省亲别墅内,北京市,北京市,西城区,116.3501767,39.8712348
辽开阳门故址,风景名胜,风景名胜,风景名胜,右安门内大街53号,北京市,北京市,西城区,116.3573368,39.87716756
大观楼(右安门西街),风景名胜,风景名胜,风景名胜,南菜园街12号大观园内,北京市,北京市,西城区,116.3497924,39.8716264
大观园-顾恩思义殿,风景名胜,风景名胜,风景名胜,南菜园街12号大观园内,北京市,北京市,西城区,116.3497865,39.87132343
大观园-蘅芜苑,风景名胜,风景名胜,风景名胜,南菜园街12号北京大观园内,北京市,北京市,西城区,116.3515002,39.87116369
大观园-含芳阁,风景名胜,风景名胜,风景名胜,南菜园街12号北京大观园省亲别墅内,北京市,北京市,西城区,116.3496008,39.87151972
大观园-缀锦阁,风景名胜,风景名胜,风景名胜,南菜园街12号北京大观园省亲别墅内,北京市,北京市,西城区,116.3501857,39.87149177
大观园-梨花春雨,风景名胜,风景名胜,风景名胜,右安门内西街18号附近,北京市,北京市,西城区,116.3511318,39.87159425
白纸坊文化绿廊,风景名胜,公园广场,城市广场,白纸坊,北京市,北京市,西城区,116.3573239,39.87694959
崇效寺,风景名胜,风景名胜,风景名胜,白纸坊西街枣林西里,北京市,北京市,西城区,116.3507334,39.88076543
万寿公园,风景名胜,公园广场,公园,白纸坊东街甲29号,北京市,北京市,西城区,116.3618213,39.87822734
憩园,风景名胜,风景名胜相关,旅游景点,自新路38号附近,北京市,北京市,西城区,116.3671998,39.87555386
圣百汇念佛堂,风景名胜,风景名胜相关,旅游景点,半步桥街13-乙01号附近,北京市,北京市,西城区,116.3611653,39.87109557
陶然亭公园,风景名胜,公园广场,公园,太平街19号,北京市,北京市,西城区,116.3757401,39.87308647
三圣庵,风景名胜,风景名胜,寺庙道观,陶然亭北里黑窑厂街14号,北京市,北京市,西城区,116.3755563,39.88037626
京都都城隍威灵公庙,风景名胜,风景名胜,风景名胜,南华西里与黑窑厂东街交叉口西50米,北京市,北京市,西城区,116.3760668,39.88027584
先农坛,风景名胜,风景名胜,风景名胜,东经路21号,北京市,北京市,西城区,116.3874706,39.87552812
陶然亭公园冰场,风景名胜,公园广场,公园,太平街19号(近护城河北岸),北京市,北京市,西城区,116.3796748,39.87167251
神仓,风景名胜,风景名胜,风景名胜,东经路21号,北京市,北京市,西城区,116.3872446,39.87653815
陶然亭公园钓鱼区,风景名胜,风景名胜,风景名胜,太平街19号陶然亭公园内,北京市,北京市,西城区,116.3796284,39.87498738
陶然亭公园-报春亭(太平街),风景名胜,风景名胜,风景名胜,太平街19号陶然亭公园,北京市,北京市,西城区,116.3807493,39.87648655
陶然亭公园-四角亭,风景名胜,风景名胜,风景名胜,太平街19号陶然亭公园内,北京市,北京市,西城区,116.3797637,39.87189844
陶然亭公园-映瑞池,风景名胜,风景名胜,风景名胜,太平街19号陶然亭公园内,北京市,北京市,西城区,116.3797423,39.87518629
陶然亭公园-圆型亭,风景名胜,风景名胜,风景名胜,太平街19号陶然亭公园内,北京市,北京市,西城区,116.3797446,39.87209344
陶然亭公园-姊妹亭,风景名胜,风景名胜,风景名胜,太平街19号陶然亭公园,北京市,北京市,西城区,116.3807417,39.8734847
陶然亭公园-悦宾轩,风景名胜,风景名胜,风景名胜,太平街19号陶然亭公园内,北京市,北京市,西城区,116.3798645,39.87246634
神厨院落,风景名胜,风景名胜相关,旅游景点,北京古代建筑博物馆内,北京市,北京市,西城区,116.3852625,39.87621102
太岁殿院落,风景名胜,风景名胜相关,旅游景点,北京古代建筑博物馆内,北京市,北京市,西城区,116.386102,39.87673061
先农坛具装殿,风景名胜,风景名胜,风景名胜,北京古代建筑博物馆内,北京市,北京市,西城区,116.3866919,39.87556942
中国古代建筑展,风景名胜,风景名胜相关,旅游景点,北京古代建筑博物馆内,北京市,北京市,西城区,116.3861411,39.87608863
陶然亭公园陶然宾馆,风景名胜,公园广场,公园内部设施,马家堡路1号,北京市,北京市,西城区,116.3795479,39.87134862
陶然亭公园-望瑞亭,风景名胜,风景名胜,风景名胜,太平街19号陶然亭公园,北京市,北京市,西城区,116.3797665,39.87329837
陶然亭公园-瑞像亭,风景名胜,风景名胜,风景名胜,太平街19号陶然亭公园,北京市,北京市,西城区,116.3797591,39.87609323
永定门公园,风景名胜,风景名胜,风景名胜,永定门内大街156号,北京市,北京市,东城区,116.3928904,39.87426374
御耕苑,风景名胜,风景名胜,风景名胜|住宿服务,永定门西街17号(先农坛体育场内),北京市,北京市,西城区,116.3893429,39.87556448
圜丘门,风景名胜,风景名胜相关,旅游景点,木料巷与永定门内大街交叉口东50米,北京市,北京市,东城区,116.3944161,39.87535251
天坛公园-显佑殿,风景名胜,风景名胜,风景名胜,天坛路甲1号天坛公园内,北京市,北京市,东城区,116.3982632,39.87747341
天坛公园-凝禧殿,风景名胜,风景名胜,风景名胜,天坛路甲1号天坛公园内,北京市,北京市,东城区,116.3982912,39.87749141
天坛公园,风景名胜,公园广场,公园,天坛东里甲1号,北京市,北京市,东城区,116.4046481,39.88054771
二十四节气公园,风景名胜,公园广场,公园,永定门东街(天坛南门),北京市,北京市,东城区,116.3994902,39.87135786
广利门,风景名胜,风景名胜,风景名胜,天坛东路甲1号天坛公园内,北京市,北京市,东城区,116.3997921,39.87341179
玉蜓公园,风景名胜,公园广场,公园,玉蜓桥附近,北京市,北京市,东城区,116.4118007,39.87119698
北京市天坛公园管理处,风景名胜,公园广场,公园广场,天坛内东里7号,北京市,北京市,东城区,116.4119681,39.87712179
体育馆路街道东玉北街社区文化广场,风景名胜,公园广场,城市广场,东四块玉南街9号院附近,北京市,北京市,东城区,116.4180448,39.87864979
泰元门,风景名胜,风景名胜,风景名胜,天坛东里甲1号天坛公园,北京市,北京市,东城区,116.4117533,39.87379781
东天门,风景名胜,风景名胜,风景名胜,天坛路甲1号天坛公园内,北京市,北京市,东城区,116.4113742,39.88014724
龙潭西湖公园,风景名胜,公园广场,公园,龙潭路甲1号(龙潭公园西侧),北京市,北京市,东城区,116.425825,39.87523483
2016世界月季洲际大会主题公园,风景名胜,风景名胜相关,旅游景点,长青园7号1038室,北京市,北京市,东城区,116.4219958,39.87565312
龙潭公园,风景名胜,风景名胜,国家级景点,龙潭路16号,北京市,北京市,东城区,116.4344587,39.87732358
龙潭西湖公园-北京教学植物园,风景名胜,公园广场,植物园,左安门西街11号,北京市,北京市,东城区,116.4291334,39.87219755
万柳堂,风景名胜,风景名胜,风景名胜,龙潭路18号,北京市,北京市,东城区,116.4382752,39.87887615
显谨亲王衍璜墓,风景名胜,风景名胜相关,旅游景点,潘家园东路13号,北京市,北京市,朝阳区,116.4453703,39.87748103
安昕石刻,风景名胜,风景名胜,风景名胜,潘家园桥与潘家园路交叉口西南150米,北京市,北京市,朝阳区,116.4521018,39.87401893
六巷,风景名胜,风景名胜,教堂,劲松北京市劲松第一中学(东校区)北,北京市,北京市,朝阳区,116.4578347,39.87982031
乘乐精舍,风景名胜,风景名胜相关,旅游景点,潘家园桥与潘家园路交叉口南150米,北京市,北京市,朝阳区,116.45315,39.87359238
观音阁,风景名胜,风景名胜相关,旅游景点,潘家园桥与潘家园路交叉口西南200米,北京市,北京市,朝阳区,116.4516455,39.8738649
方寻堂,风景名胜,风景名胜相关,旅游景点,华威里18号潘家园旧货市场商务中心北大宝石鉴定中心(潘家园分部)附近,北京市,北京市,朝阳区,116.4512533,39.87435598
远古园,风景名胜,风景名胜相关,旅游景点,华威路口东南200米,北京市,北京市,朝阳区,116.4515261,39.87401562
画框裱画佛教道教画像,风景名胜,风景名胜相关,旅游景点,潘家园桥与潘家园路交叉口西南200米,北京市,北京市,朝阳区,116.4516455,39.8738649
松榆里公园,风景名胜,公园广场,公园,潘家园,北京市,北京市,朝阳区,116.4640309,39.87337041
农光里站,风景名胜,风景名胜,风景名胜,农光路与武圣路交叉口西50米,北京市,北京市,朝阳区,116.4612286,39.88070879
窑洼湖公园,风景名胜,公园广场,公园,南磨房乡窑洼,北京市,北京市,朝阳区,116.4780857,39.88103889
潘道庙4号,风景名胜,风景名胜相关,旅游景点,潘道庙4号楼,北京市,北京市,朝阳区,116.476697,39.87829904
北京工业大学奥运纪念馆,风景名胜,风景名胜,纪念馆,平乐园100号北京工业大学奥林匹克体育馆,北京市,北京市,朝阳区,116.477817,39.87117761
半故園,风景名胜,风景名胜相关,旅游景点,北工大路与奥林匹克路交叉口东150米,北京市,北京市,朝阳区,116.4795226,39.87652727
官庄文化广场,风景名胜,公园广场,城市广场,化工路与金蝉西路交叉口东北200米,北京市,北京市,朝阳区,116.4975687,39.87630671
千年沧桑东方神木,风景名胜,风景名胜,风景名胜,小武基路13号附近,北京市,北京市,朝阳区,116.4980459,39.87245732
古塔公园-观音禅寺,风景名胜,风景名胜,寺庙道观,高碑店路185号,北京市,北京市,朝阳区,116.5278815,39.87946979
古塔公园-观音念佛堂,风景名胜,风景名胜,寺庙道观,王四营北路观音念佛堂附近,北京市,北京市,朝阳区,116.5275364,39.8799259
云峰美术馆,风景名胜,风景名胜相关,旅游景点,王四营甲2号观31号,北京市,北京市,朝阳区,116.5241554,39.87240255
古塔公园,风景名胜,公园广场,公园,王四营乡马房寺,北京市,北京市,朝阳区,116.5294808,39.87721191
白鹿公园,风景名胜,公园广场,公园,王四营乡柏阳景园A区东门,北京市,北京市,朝阳区,116.548577,39.8772737
金田公园(南区),风景名胜,公园广场,公园,豆各庄何家村,北京市,北京市,朝阳区,116.5557225,39.87839293
梨园魚場,风景名胜,风景名胜相关,旅游景点,梨园路(近梨园小区),北京市,北京市,通州区,116.6606113,39.87691053
梨园主题公园,风景名胜,公园广场,公园,梨园,北京市,北京市,通州区,116.6722945,39.87304529
基督教会张家湾分堂,风景名胜,风景名胜,教堂,永安大厦写字楼9层903室,北京市,北京市,通州区,116.68109,39.87136886
大运河森林公园,风景名胜,风景名胜,国家级景点,宋梁路,北京市,北京市,通州区,116.7358318,39.87435691
大运河森林公园东园,风景名胜,风景名胜,国家级景点,宋梁路北运河桥南,北京市,北京市,通州区,116.7394799,39.87481094
大运河庙,风景名胜,风景名胜,寺庙道观,021县道西100米,北京市,北京市,通州区,116.7443542,39.87383251
银枫秋实景区-农耕广场,风景名胜,风景名胜,风景名胜,021县道西150米,北京市,北京市,通州区,116.7439626,39.87169462
银枫秋实景区-和谐广场,风景名胜,风景名胜,风景名胜,021县道西100米,北京市,北京市,通州区,116.744029,39.87681736
黄安坨毛主席批示纪念馆,风景名胜,风景名胜,纪念馆,黄安坨村,北京市,北京市,门头沟区,115.5855653,39.86743811
底下芦,风景名胜,风景名胜相关,旅游景点,贾金路附近,北京市,北京市,房山区,115.6953339,39.87094962
峪壶峰,风景名胜,风景名胜,风景名胜,水峪村(948水峪站),北京市,北京市,房山区,115.8159002,39.86931634
天门山景区-松树岭,风景名胜,风景名胜相关,旅游景点,京昆路南50米,北京市,北京市,门头沟区,115.9941252,39.86921099
千灵山千灵亭,风景名胜,风景名胜相关,旅游景点,王佐镇西庄店村北,北京市,北京市,丰台区,116.0632584,39.86539147
千灵山-极乐峰,风景名胜,风景名胜,风景名胜,王佐镇西庄店村北附近,北京市,北京市,丰台区,116.0629008,39.86554693
戒台寺-大悲殿,风景名胜,风景名胜,风景名胜,永定镇108国道戒台寺内,北京市,北京市,门头沟区,116.0786623,39.86917068
戒台寺-北魏佛像,风景名胜,风景名胜,风景名胜,永定镇108国道戒台寺内,北京市,北京市,门头沟区,116.0787692,39.86935161
戒台寺,风景名胜,风景名胜,寺庙道观,永定镇马鞍山(近108国道),北京市,北京市,门头沟区,116.0801749,39.86931581
千灵山-活动松,风景名胜,风景名胜,风景名胜,云岗街道戒台寺东南500米,北京市,北京市,丰台区,116.0836641,39.8641905
千灵山-上院,风景名胜,风景名胜,风景名胜,,北京市,北京市,门头沟区,116.0792773,39.8675354
千灵山-方丈院,风景名胜,风景名胜,风景名胜,,北京市,北京市,门头沟区,116.0801521,39.8678779
千灵山-东静院,风景名胜,风景名胜,风景名胜,,北京市,北京市,门头沟区,116.080587,39.86788867
千灵山-西静院,风景名胜,风景名胜,风景名胜,,北京市,北京市,丰台区,116.0836702,39.86310255
千灵山-下院,风景名胜,风景名胜,风景名胜,,北京市,北京市,丰台区,116.0816783,39.86370336
戒台寺-观音殿,风景名胜,风景名胜,寺庙道观,永定镇108国道戒台寺内,北京市,北京市,门头沟区,116.0793242,39.86835433
戒台寺-明王殿,风景名胜,风景名胜,风景名胜,永定镇108国道戒台寺内,北京市,北京市,门头沟区,116.079475,39.8693112
戒台殿,风景名胜,风景名胜,风景名胜,永定镇108国道戒台寺内,北京市,北京市,门头沟区,116.0791471,39.86923339
潭柘戒台,风景名胜,风景名胜,风景名胜,永定镇戒台寺,北京市,北京市,门头沟区,116.0808778,39.86849749
千灵山-真武殿,风景名胜,风景名胜,风景名胜,,北京市,北京市,门头沟区,116.0790112,39.86888049
千灵山-九龙松,风景名胜,风景名胜,风景名胜,永定镇108国道戒台寺内,北京市,北京市,门头沟区,116.079517,39.86923218
千灵山-自在松,风景名胜,风景名胜,风景名胜,,北京市,北京市,门头沟区,116.079935,39.86849699
千灵山-卧龙松,风景名胜,风景名胜,风景名胜,,北京市,北京市,门头沟区,116.0826769,39.86600279
戒台寺-财神殿,风景名胜,风景名胜相关,旅游景点,永定镇戒安寺戒台寺内,北京市,北京市,门头沟区,116.079511,39.86951217
北宫国家森林公园-大观台,风景名胜,风景名胜,风景名胜,长辛店镇大灰厂东路55号北宫国家森林公园内,北京市,北京市,丰台区,116.1064608,39.86705809
北宫国家森林公园-彩云台,风景名胜,风景名胜,风景名胜,长辛店镇大灰厂东路55号北宫国家森林公园内,北京市,北京市,丰台区,116.1084109,39.8695882
北宫国家森林公园-仙台丽景,风景名胜,风景名胜,风景名胜,长辛店镇大灰厂东路55号北宫国家森林公园内,北京市,北京市,丰台区,116.111759,39.86615484
北宫国家森林公园-牡丹园,风景名胜,风景名胜,风景名胜,长辛店镇大灰厂东路55号北宫国家森林公园内,北京市,北京市,丰台区,116.1100689,39.86418765
北宫国家森林公园-揽翠台,风景名胜,风景名胜,风景名胜,长辛店镇大灰厂东路55号北宫国家森林公园内,北京市,北京市,丰台区,116.1090983,39.86564887
北宫国家森林公园-双秀亭,风景名胜,风景名胜,风景名胜,长辛店镇大灰厂东路55号北宫国家森林公园内,北京市,北京市,丰台区,116.1155362,39.86400922
北宫国家森林公园-石壁流淙,风景名胜,风景名胜,风景名胜,长辛店镇大灰厂东路55号北宫国家森林公园内,北京市,北京市,丰台区,116.112951,39.86528786
北宫国家森林公园-小西天,风景名胜,风景名胜,风景名胜,长辛店镇大灰厂东路55号北宫国家森林公园内,北京市,北京市,丰台区,116.1102382,39.86323082
北宫国家森林公园-玄辉塔,风景名胜,风景名胜,风景名胜,长辛店镇大灰厂东路55号北宫国家森林公园内,北京市,北京市,丰台区,116.1095152,39.86355928
北宫国家森林公园-八面来风,风景名胜,风景名胜,风景名胜,长辛店镇大灰厂东路55号北宫国家森林公园内,北京市,北京市,丰台区,116.112801,39.86294486
北宫国家森林公园-九溪叠翠,风景名胜,风景名胜,风景名胜,长辛店镇大灰厂东路55号北宫国家森林公园内,北京市,北京市,丰台区,116.111426,39.86288175
北宫国家森林公园-三潭映月,风景名胜,风景名胜,风景名胜,长辛店镇大灰厂东路55号北宫国家森林公园内,北京市,北京市,丰台区,116.1162805,39.86411192
北宫国家森林公园-揽翠亭,风景名胜,风景名胜,风景名胜,长辛店镇大灰厂东路55号北宫国家森林公园内,北京市,北京市,丰台区,116.1090983,39.86563487
北宫桥,风景名胜,风景名胜,风景名胜,长辛店镇大灰厂东路55号北宫国家森林公园内,北京市,北京市,丰台区,116.1123443,39.86329346
北宫国家森林公园动物园,风景名胜,公园广场,动物园,长辛店镇大灰厂东路55号北宫国家森林公园内,北京市,北京市,丰台区,116.1112942,39.8674114
北宫国家森林公园-梨园峡谷,风景名胜,风景名胜,风景名胜,北宫国家森林公园梨园峡谷,北京市,北京市,丰台区,116.1317175,39.87078518
北宫国家森林公园-丰台卧龙谷,风景名胜,风景名胜,风景名胜,六环长辛店镇梨园村,北京市,北京市,丰台区,116.1312144,39.87078146
护国万行寺碑,风景名胜,风景名胜,寺庙道观,大灰厂东路,北京市,北京市,丰台区,116.1570954,39.86129913
北京园博园-鄂尔多斯园,风景名胜,风景名胜,风景名胜,射击场路15号北京园博园,北京市,北京市,丰台区,116.1872023,39.87046857
北京园博园-上海园,风景名胜,风景名胜,风景名胜,射击场路15号北京园博园,北京市,北京市,丰台区,116.1881887,39.87093021
北京园博园-唐山园,风景名胜,风景名胜,风景名胜,射击场路15号北京园博园,北京市,北京市,丰台区,116.1866117,39.87093855
北京园博园-上海梦之园,风景名胜,风景名胜,风景名胜,银杏大道附近,北京市,北京市,丰台区,116.1882088,39.87094625
北京园博园-孝肃桥,风景名胜,风景名胜,风景名胜,射击场路6号附近合肥园内,北京市,北京市,丰台区,116.1873034,39.87110271
北京园博园-航天文化广场,风景名胜,公园广场,城市广场,射击场路15号永定河畔绿色生态发展带(近晓月郊野公园)航天主题园内,北京市,北京市,丰台区,116.194359,39.87085423
北京园博园-香港园,风景名胜,风景名胜,风景名胜,射击场路15号北京园博园,北京市,北京市,丰台区,116.1904636,39.87023402
北京园博园-澳门园,风景名胜,风景名胜,风景名胜,射击场路15号北京园博园,北京市,北京市,丰台区,116.1911582,39.87058814
北京园博园-梦唐园,风景名胜,风景名胜,风景名胜,射击场路15号北京园博园,北京市,北京市,丰台区,116.1916447,39.86830104
北京园博园-樱花园,风景名胜,风景名胜,风景名胜,射击场路15号北京园博园,北京市,北京市,丰台区,116.1918209,39.87060421
北京园博园天津园(银杏大道),风景名胜,风景名胜,风景名胜,射击场路15号北京园博园,北京市,北京市,丰台区,116.1898058,39.87072291
国际园林博览会-主展馆,风景名胜,风景名胜,风景名胜,长辛店白草哇西,北京市,北京市,丰台区,116.1895824,39.86951761
北京园博园-主堡,风景名胜,风景名胜,风景名胜,依文时尚欧洲园内,北京市,北京市,丰台区,116.192488,39.86653649
北京园博园-梯级半圆喷泉水池,风景名胜,风景名胜,风景名胜,依文时尚欧洲园内,北京市,北京市,丰台区,116.1925532,39.8664756
北京园博园-阿拉伯风情园,风景名胜,风景名胜,风景名胜,射击场路15号北京园博园,北京市,北京市,丰台区,116.1924769,39.86711944
北京园博园湿地景观亭2-3,风景名胜,风景名胜相关,旅游景点,张郭庄南路13号,北京市,北京市,丰台区,116.1959683,39.86690692
北京园博园-太空驿站,风景名胜,风景名胜,风景名胜,河堤路附近,北京市,北京市,丰台区,116.1930318,39.87072714
北京园博园-园博湿地观景亭,风景名胜,风景名胜,风景名胜,张郭庄南路13号,北京市,北京市,丰台区,116.1958099,39.86684268
北京园博园-伊朗园波斯仙境,风景名胜,风景名胜相关,旅游景点,银杏大道,北京市,北京市,丰台区,116.1926903,39.86818473
北京园博园-伊朗,风景名胜,风景名胜相关,旅游景点,银杏大道附近,北京市,北京市,丰台区,116.1926903,39.86818173
北京园博园-观光车梦唐园站,风景名胜,风景名胜相关,旅游景点,射击场路15号北京园博园内,北京市,北京市,丰台区,116.190965,39.86897891
北京园博园-奥地利园,风景名胜,风景名胜相关,旅游景点,园博大道与银杏大道交叉口东150米,北京市,北京市,丰台区,116.1918987,39.86512262
北京园博园-尼泊尔园,风景名胜,风景名胜相关,旅游景点,银杏大道附近,北京市,北京市,丰台区,116.1919785,39.86904254
北京依文时尚欧洲园,风景名胜,风景名胜,风景名胜,长辛店镇射击场路15号北京园博园2号门,北京市,北京市,丰台区,116.1904782,39.86552129
北京园博园欧式园林,风景名胜,风景名胜,风景名胜,长辛店白草哇西北京园博园,北京市,北京市,丰台区,116.1922445,39.86621912
北京园博园-园博功能湿地,风景名胜,公园广场,公园,射击场路15号北京园博园,北京市,北京市,丰台区,116.1967883,39.86595721
北京园博园-丘比特花坛,风景名胜,风景名胜,风景名胜,园博大道北100米,北京市,北京市,丰台区,116.1923288,39.86524431
北京园博园-高楼观水,风景名胜,风景名胜,风景名胜,河堤路附近,北京市,北京市,丰台区,116.1967503,39.86589116
经仪公园(南区),风景名胜,公园广场,公园,张仪村路,北京市,北京市,丰台区,116.2182676,39.87039237
西引力体育公园,风景名胜,公园广场,公园,园博园桥与梅市口路交叉口南150米,北京市,北京市,丰台区,116.2110424,39.86309436
小屯公园,风景名胜,公园广场,公园,小屯西路(近天弘美域),北京市,北京市,丰台区,116.2440312,39.86908509
丁丁淘气堡,风景名胜,风景名胜相关,旅游景点,小屯西路西50米,北京市,北京市,丰台区,116.2412189,39.86403728
郭庄公园-五里店绿化公园,风景名胜,公园广场,公园,G4京港澳高速附近,北京市,北京市,丰台区,116.2531323,39.86387158
盘古溪,风景名胜,风景名胜相关,旅游景点,G107(京深线),北京市,北京市,丰台区,116.2493885,39.86496063
万佛延寿寺,风景名胜,风景名胜,寺庙道观,西四环南路55号丰台体育中心内,北京市,北京市,丰台区,116.2678952,39.86480012
天昊文化广场,风景名胜,公园广场,城市广场,丰体南路与程庄路交叉口东南150米,北京市,北京市,丰台区,116.2593562,39.86401756
万佛延寿寺铜观音像及碑,风景名胜,风景名胜,风景名胜,丰体南路与丰体南路出口交叉口东北150米,北京市,北京市,丰台区,116.2678932,39.86481713
丰台花园,风景名胜,公园广场,公园,西四环南路60号,北京市,北京市,丰台区,116.2800435,39.86257897
万泉寺郑昊,风景名胜,风景名胜相关,旅游景点,三路居靠近万泉寺北路12号院,北京市,北京市,丰台区,116.3352408,39.86530221
金中都公园,风景名胜,公园广场,公园,南二环与菜户营南路交叉口东北150米,北京市,北京市,西城区,116.3435652,39.87008996
大观园-花冢,风景名胜,风景名胜,风景名胜,南菜园街12号北京大观园内,北京市,北京市,西城区,116.3485213,39.86883062
大观园-栊翠庵,风景名胜,风景名胜,风景名胜,南菜园街12号北京大观园内,北京市,北京市,西城区,116.3486888,39.87005528
大观园-倒驾慈航,风景名胜,风景名胜,风景名胜,南菜园街12号北京大观园栊翠庵内,北京市,北京市,西城区,116.3487277,39.87013022
大观园-桃林,风景名胜,风景名胜,风景名胜,南菜园街12号北京大观园内,北京市,北京市,西城区,116.3488886,39.86866203
大观园-妙音香界,风景名胜,风景名胜,风景名胜,南菜园街12号北京大观园栊翠庵内,北京市,北京市,西城区,116.3486468,39.87029334
大观园-怡红院,风景名胜,风景名胜,风景名胜,南菜园街12号大观园内,北京市,北京市,西城区,116.3487997,39.86922614
大观园-嘉荫堂,风景名胜,风景名胜,风景名胜,南菜园街12号大观园内,北京市,北京市,西城区,116.3487675,39.87097011
大观园-滴翠亭,风景名胜,风景名胜,风景名胜,南菜园街12号大观园内,北京市,北京市,西城区,116.3487937,39.86875218
大观园,风景名胜,风景名胜,省级景点,南菜园街12号,北京市,北京市,西城区,116.3497257,39.87021358
金中都水关遗址(装修中),风景名胜,风景名胜,风景名胜,玉林南路玉林小区(南二门)附近,北京市,北京市,丰台区,116.3525115,39.86112464
北京滨河公园管理处养护班,风景名胜,风景名胜相关,旅游景点,右安门西街4号附近,北京市,北京市,西城区,116.3509705,39.86853367
三希堂,风景名胜,风景名胜相关,旅游景点,大观园红楼宴酒店南推拉门内200米,北京市,北京市,西城区,116.3525422,39.87094406
玉林里体育文化广场,风景名胜,公园广场,城市广场,玉林东路与玉林里交叉口西南150米,北京市,北京市,丰台区,116.3527836,39.86420105
大观园曲径通幽,风景名胜,公园广场,公园内部设施,南菜园街12号北京红楼文化艺术博物馆附近,北京市,北京市,西城区,116.3495003,39.86879202
北京南站南广场,风景名胜,公园广场,城市广场,永外大街12号北京南站,北京市,北京市,丰台区,116.3740761,39.86235649
北京南站北广场,风景名胜,公园广场,城市广场,永外大街12号北京南站,北京市,北京市,丰台区,116.370398,39.86485293
陶然亭公园-名亭队,风景名胜,公园广场,公园,太平街20号陶然亭公园,北京市,北京市,西城区,116.3737964,39.8707423
陶然亭公园-屈原雕塑像,风景名胜,风景名胜,风景名胜,太平街19号陶然亭公园华夏名亭园,北京市,北京市,西城区,116.3730022,39.87067904
陶然亭公园-双亭,风景名胜,风景名胜,风景名胜,太平街19号陶然亭公园内,北京市,北京市,西城区,116.3747714,39.87060143
陶然亭公园-鹅池碑亭,风景名胜,风景名胜,风景名胜,太平街19号陶然亭公园内,北京市,北京市,西城区,116.3727565,39.87079527
陶然亭公园-独醒亭,风景名胜,风景名胜,风景名胜,太平街19号陶然亭公园华夏名亭园,北京市,北京市,西城区,116.3727576,39.87039629
陶然亭公园-谪仙亭,风景名胜,风景名胜相关,旅游景点,太平街19号陶然亭公园,北京市,北京市,西城区,116.3711054,39.8707259
陶然亭公园-少陵草堂碑亭,风景名胜,风景名胜相关,旅游景点,龙爪槐胡同16杜甫草堂碑亭附近,北京市,北京市,西城区,116.3702864,39.87099072
陶然亭公园-一揽亭,风景名胜,风景名胜相关,旅游景点,太平街19号陶然亭公园华夏名亭园,北京市,北京市,西城区,116.371462,39.87063654
陶然亭公园-华夏名亭园,风景名胜,风景名胜相关,旅游景点,太平街19号陶然亭公园,北京市,北京市,西城区,116.37416,39.87095696
陶然亭公园-百坡亭,风景名胜,风景名胜,风景名胜,太平街19号陶然亭公园华夏名亭园,北京市,北京市,西城区,116.3717577,39.87029427
崇文区人口文化园,风景名胜,公园广场,公园,永定门外大街与永定门桥交叉口东100米,北京市,北京市,东城区,116.3948699,39.86921079
景泰公园,风景名胜,公园广场,公园,南二环景泰桥西南角(近郭庄北里),北京市,北京市,东城区,116.3954681,39.86778384
沙子口清真寺,风景名胜,风景名胜,回教寺,沙子口东里乙7号,北京市,北京市,东城区,116.3963627,39.86333606
燕墩,风景名胜,风景名胜,风景名胜,永定门外大街,北京市,北京市,东城区,116.3927003,39.86728913
永定门外,风景名胜,风景名胜相关,旅游景点,永定门外地铁站B西北口西50米,北京市,北京市,东城区,116.3923204,39.86692721
健身广场,风景名胜,公园广场,城市广场,刘家窑路与安乐林中街交叉口东100米,北京市,北京市,东城区,116.4037061,39.86108439
东城青年林,风景名胜,公园广场,植物园,东滨河路11-8号,北京市,北京市,东城区,116.4039481,39.869854
木鼓房,风景名胜,风景名胜,风景名胜,蒲安北里1巷7号,北京市,北京市,丰台区,116.414204,39.86465911
长亭短亭(北京酒店管理公司),风景名胜,风景名胜,风景名胜,方庄芳古园一区15号楼,北京市,北京市,丰台区,116.4176878,39.86708504
党员值班亭,风景名胜,风景名胜相关,旅游景点,桃杨路,北京市,北京市,丰台区,116.410451,39.86688631
芳古园一区社区公园,风景名胜,公园广场,公园,芳古园一区(物美大卖场),北京市,北京市,丰台区,116.4169148,39.8672973
方庄体育公园,风景名胜,公园广场,公园,芳古路芳古园三区1号楼(近芳城路),北京市,北京市,丰台区,116.4222344,39.8657719
群乐园,风景名胜,公园广场,公园,群星路与芳群路交叉口西北100米,北京市,北京市,丰台区,116.4198594,39.86154051
正北楼,风景名胜,风景名胜,风景名胜,方庄芳城园一区16号楼B-102(家乐福正北300米路东),北京市,北京市,丰台区,116.4250641,39.86488139
芳城园社区公园,风景名胜,公园广场,公园,芳城路芳城园一区,北京市,北京市,丰台区,116.4286631,39.86830507
北京外城东南角楼,风景名胜,风景名胜相关,旅游景点,龙潭东路9号,北京市,北京市,东城区,116.4365441,39.87087747
明北京城城墙遗存-左安门值房,风景名胜,风景名胜相关,旅游景点,左安门内大街与龙潭东路交叉口东北50米,北京市,北京市,东城区,116.4334583,39.87101026
十里河天骄文化园,风景名胜,风景名胜相关,旅游景点,左安路19号,北京市,北京市,朝阳区,116.4381662,39.86848348
甲门,风景名胜,风景名胜相关,旅游景点,方庄路与芳城路交叉口西150米,北京市,北京市,丰台区,116.4312091,39.86742489
百米芳华园,风景名胜,公园广场,公园,左安门内大街95号,北京市,北京市,丰台区,116.4328782,39.87023736
文物昭德,风景名胜,风景名胜,风景名胜,华威南路53号附近,北京市,北京市,朝阳区,116.4472905,39.86997346
弘善寺,风景名胜,风景名胜,风景名胜,左安路北50米,北京市,北京市,朝阳区,116.4419947,39.86792472
双祥水族馆,风景名胜,公园广场,水族馆,东三环南路与南三环东路入口交叉口西150米,北京市,北京市,朝阳区,116.4487815,39.86342803
帽秀世界,风景名胜,风景名胜相关,旅游景点,十八里店弘善家园308号(十里河地铁站附近)北京制帽厂二楼,北京市,北京市,朝阳区,116.4462207,39.86853626
左安门,风景名胜,风景名胜,风景名胜,左安路与弘善西路交叉口西150米,北京市,北京市,朝阳区,116.4427798,39.86679132
司母戊铜方鼎,风景名胜,风景名胜,风景名胜,东三环南路与松榆南路交叉口东北100米,北京市,北京市,朝阳区,116.4557303,39.87032466
双龙公园,风景名胜,公园广场,公园,弘燕路1号,北京市,北京市,朝阳区,116.4768468,39.86826398
南磨房关王庙,风景名胜,风景名胜,寺庙道观,东四环,北京市,北京市,朝阳区,116.4882129,39.87060511
希腊小镇,风景名胜,风景名胜,风景名胜,东四环四方桥东南角欢乐谷内,北京市,北京市,朝阳区,116.491298,39.86730247
南磨房地区心连心广场,风景名胜,公园广场,城市广场,金蝉西路与G1京哈高速交叉口西北150米,北京市,北京市,朝阳区,116.4929519,39.87049823
沁春园,风景名胜,公园广场,公园,垡头东街与金蝉北路交叉口北150米,北京市,北京市,朝阳区,116.5060545,39.86738926
垡头休闲广场,风景名胜,公园广场,城市广场,垡头东街与金蝉北路交叉口西100米,北京市,北京市,朝阳区,116.5049817,39.86606018
垡头科普文化公园,风景名胜,公园广场,公园,垡头街与金蝉南路交叉口西北100米,北京市,北京市,朝阳区,116.5032276,39.86292819
赏春园,风景名胜,风景名胜,风景名胜,垡头街与金蝉北路交叉口南150米,北京市,北京市,朝阳区,116.5047088,39.86496544
垡头文化广场,风景名胜,公园广场,城市广场,垡头西里26号,北京市,北京市,朝阳区,116.5057561,39.86199267
个园管理处,风景名胜,风景名胜,风景名胜,化工路与金蝉北路交叉口东100米,北京市,北京市,朝阳区,116.5090246,39.86635895
个园,风景名胜,公园广场,公园,王四营乡(化工路与金蝉北路交叉口),北京市,北京市,朝阳区,116.5098264,39.86672125
第八代索纳塔,风景名胜,风景名胜相关,旅游景点,,北京市,北京市,朝阳区,116.5334763,39.86494725
长城众泰,风景名胜,风景名胜相关,旅游景点,五方天雅汽配城,北京市,北京市,朝阳区,116.5387593,39.86381041
绿丰休闲公园,风景名胜,公园广场,公园,绿丰家园东路南200米,北京市,北京市,朝阳区,116.5776659,39.86890676
万子营清真古寺,风景名胜,风景名胜,回教寺,G1京哈高速附近,北京市,北京市,朝阳区,116.5880493,39.86438107
金夫人香榭丽舍庄园,风景名胜,风景名胜,风景名胜,双树路附近,北京市,北京市,朝阳区,116.5953148,39.87085272
清真寺,风景名胜,风景名胜,回教寺,万子营356号,北京市,北京市,朝阳区,116.5943821,39.86301627
梨园田园广场,风景名胜,公园广场,城市广场,万盛南街北100米,北京市,北京市,通州区,116.6269888,39.86319025
北京通州大稿村文庙,风景名胜,风景名胜,寺庙道观,843乡道西100米,北京市,北京市,通州区,116.6375125,39.8706603
漕运古镇张家湾,风景名胜,风景名胜,风景名胜,京津公路辅路,北京市,北京市,通州区,116.6887188,39.8685044
观音庙,风景名胜,风景名胜,寺庙道观,欣桥家园,北京市,北京市,通州区,116.6910601,39.86553457
银枫秋实景区,风景名胜,风景名胜,风景名胜,大运河景区内,北京市,北京市,通州区,116.7439887,39.87112665
北京市通州区贾后疃天主堂,风景名胜,风景名胜,教堂,侉子店,北京市,北京市,通州区,116.8145438,39.86948698
福和园,风景名胜,公园广场,公园,前刘路与前疃路交叉口北50米,北京市,北京市,通州区,116.8219722,39.86658697
百花谷风景区,风景名胜,风景名胜,风景名胜,清水镇黄塔乡八亩堰,北京市,北京市,门头沟区,115.553726,39.85486609
百花山护国显光禅寺,风景名胜,风景名胜,寺庙道观,史家营乡百花山,北京市,北京市,房山区,115.6133264,39.8574403
百花山主峰,风景名胜,风景名胜相关,旅游景点,史家营乡莲花庵村(百花山自然风景区内),北京市,北京市,房山区,115.6107496,39.85664552
敕赐瑞云禅寺,风景名胜,风景名胜,寺庙道观,曹家房村X019,北京市,北京市,房山区,115.647272,39.85380784
百瑞谷景区(暂停营业),风景名胜,风景名胜,风景名胜,史家营乡曹家坊村北,北京市,北京市,房山区,115.6473797,39.8547636
千灵山-灰窑遗址,风景名胜,风景名胜,风景名胜,千灵山景区附近,北京市,北京市,丰台区,116.0774912,39.85734105
千灵山,风景名胜,风景名胜,风景名胜,王佐镇西庄店村北,北京市,北京市,丰台区,116.0792604,39.85945785
双佛山林园,风景名胜,风景名胜,风景名胜,长辛店镇大灰厂村,北京市,北京市,丰台区,116.1048167,39.85269195
科普园地,风景名胜,风景名胜相关,旅游景点,大灰厂路88号附近,北京市,北京市,丰台区,116.1081167,39.85257992
北宫国家森林公园-荷风蕙露,风景名胜,风景名胜,风景名胜,长辛店镇大灰厂东路55号北宫国家森林公园内,北京市,北京市,丰台区,116.1122026,39.85890658
北宫国家森林公园-全国人大林,风景名胜,风景名胜,风景名胜,长辛店镇大灰厂东路55号北宫国家森林公园内,北京市,北京市,丰台区,116.1157303,39.85847771
北宫国家森林公园-芳泽溪,风景名胜,风景名胜,风景名胜,长辛店镇大灰厂东路55号北宫国家森林公园内,北京市,北京市,丰台区,116.1157493,39.85862372
北宫国家森林公园-江南烟雨,风景名胜,风景名胜,风景名胜,长辛店镇大灰厂东路55号北宫国家森林公园内,北京市,北京市,丰台区,116.1147357,39.8583228
北宫国家森林公园-风清荷雅,风景名胜,风景名胜相关,旅游景点,长辛店镇大灰厂东路55号北宫国家森林公园内,北京市,北京市,丰台区,116.1145083,39.85845758
娘娘庙,风景名胜,风景名胜,寺庙道观,长辛店镇大灰厂村公交站,北京市,北京市,丰台区,116.1214613,39.85246999
槐树岭公园,风景名胜,公园广场,公园,大灰厂东路,北京市,北京市,丰台区,116.1572912,39.8593356
中心公园,风景名胜,公园广场,公园,大灰厂东路11号,北京市,北京市,丰台区,116.1628408,39.85882793
福生寺,风景名胜,风景名胜,寺庙道观,大灰厂东路,北京市,北京市,丰台区,116.1839619,39.85406589
晓月郊野公园,风景名胜,公园广场,公园,宛平城,北京市,北京市,丰台区,116.2016556,39.85576084
卢沟桥西射击场路碉堡,风景名胜,风景名胜,风景名胜,射击场路西50米,北京市,北京市,丰台区,116.2058635,39.85433857
赵登禹将军之墓,风景名胜,风景名胜,风景名胜,卢沟桥,北京市,北京市,丰台区,116.2315968,39.8541353
丰益花园,风景名胜,公园广场,公园,丰管路1号,北京市,北京市,丰台区,116.306748,39.85973856
庄怡公园,风景名胜,公园广场,公园,"丰管路53号(东大街,泥洼,丰益桥)",北京市,北京市,丰台区,116.2997997,39.85865903
耶稣善牧,风景名胜,风景名胜,教堂,太平桥路南150米,北京市,北京市,丰台区,116.3109367,39.86073773
天主教北京教区东管头天主堂,风景名胜,风景名胜,教堂,东管头121号附近,北京市,北京市,丰台区,116.3109956,39.86047064
万泉雅程,风景名胜,风景名胜相关,旅游景点,万泉寺256号,北京市,北京市,丰台区,116.3333004,39.85603833
中顶庙,风景名胜,风景名胜,寺庙道观,中顶村,北京市,北京市,丰台区,116.3475591,39.85355105
古文化广场C,风景名胜,风景名胜相关,旅游景点,玉泉营南三环西路北京古文化广场,北京市,北京市,丰台区,116.3419878,39.85195572
嘉河公园,风景名胜,公园广场,公园,马家堡,北京市,北京市,丰台区,116.3564645,39.85202618
芳芳亭公园,风景名胜,公园广场,公园,南三环西路辅路附近,北京市,北京市,丰台区,116.3680261,39.85612096
右安门消夏文化广场,风景名胜,公园广场,城市广场,玉林南路南50米,北京市,北京市,丰台区,116.3607692,39.86044766
万芳亭公园,风景名胜,公园广场,公园,南三环西路3号,北京市,北京市,丰台区,116.3698626,39.85726091
祥和园,风景名胜,公园广场,公园,马家堡路33号院,北京市,北京市,丰台区,116.3759005,39.86081099
荷花精舍,风景名胜,风景名胜相关,旅游景点,木樨园珠江骏景中区西门13号楼103号(近海户路金勺子酒家),北京市,北京市,丰台区,116.3880894,39.85176417
以马内利,风景名胜,风景名胜相关,旅游景点,西罗园路附近,北京市,北京市,丰台区,116.3840125,39.8580776
植觉,风景名胜,风景名胜相关,旅游景点,永定门外大街101-3号百荣世贸商城A座2层,北京市,北京市,东城区,116.3926274,39.85840862
仙宜岱,风景名胜,风景名胜相关,旅游景点,永定门外大街101号百荣世贸商城,北京市,北京市,东城区,116.3925733,39.85951857
德禅,风景名胜,风景名胜相关,旅游景点,定安路300号附近,北京市,北京市,丰台区,116.4081575,39.85647555
成寿寺,风景名胜,风景名胜,风景名胜,于家坟89号,北京市,北京市,丰台区,116.4282494,39.85129142
婚庆堂,风景名胜,风景名胜,教堂,南三环东路6号嘉业大厦内(近地铁刘家窑站),北京市,北京市,丰台区,116.4215707,39.85537871
玉兰苑,风景名胜,公园广场,公园,临泉路,北京市,北京市,丰台区,116.4357173,39.85514988
老街坊果园,风景名胜,公园广场,公园,方庄南路,北京市,北京市,丰台区,116.4346719,39.85555609
成寿寺街,风景名胜,风景名胜,风景名胜,成寿寺街76号附近,北京市,北京市,丰台区,116.4336672,39.85208963
成寿寺村,风景名胜,风景名胜,风景名胜,成寿寺中路与方庄南路交叉口南150米,北京市,北京市,丰台区,116.4328645,39.85174635
范海洋观古堂,风景名胜,风景名胜相关,旅游景点,成寿寺路75号爱家收藏,北京市,北京市,丰台区,116.4386372,39.85386813
分钟寺546号,风景名胜,风景名胜相关,旅游景点,小红门路294号附近,北京市,北京市,丰台区,116.4474822,39.85244982
分钟寺,风景名胜,风景名胜,风景名胜,枣林街甲8号,北京市,北京市,丰台区,116.4484558,39.85356687
分钟寺10-3,风景名胜,风景名胜相关,旅游景点,南三环东路与南三环东路出口交叉口东北150米,北京市,北京市,丰台区,116.4442095,39.85899761
丰台区分中寺地区群防群治队,风景名胜,风景名胜相关,旅游景点,小红门路351号,北京市,北京市,丰台区,116.446427,39.85485744
分钟寺640号,风景名胜,风景名胜相关,旅游景点,分钟寺大街北150米,北京市,北京市,丰台区,116.4426964,39.85295891
分钟寺313号,风景名胜,风景名胜相关,旅游景点,南三环东路与南三环东路出口交叉口南200米,北京市,北京市,丰台区,116.4428633,39.85663104
分钟寺558号,风景名胜,风景名胜相关,旅游景点,分钟寺大街与小红门路交叉口西150米,北京市,北京市,丰台区,116.4459631,39.85204462
分钟寺545号,风景名胜,风景名胜相关,旅游景点,小红门路292号附近,北京市,北京市,丰台区,116.446695,39.85310611
分钟寺622号,风景名胜,风景名胜相关,旅游景点,分钟寺大街519号附近,北京市,北京市,丰台区,116.4444809,39.85377346
分钟寺576号,风景名胜,风景名胜相关,旅游景点,小红门路与枣林街交叉口西150米,北京市,北京市,丰台区,116.4456852,39.85337997
北京十里河蒙元文化广场招商,风景名胜,风景名胜相关,旅游景点,吕营大街122号附近,北京市,北京市,朝阳区,116.4552753,39.85911216
蚂蚁景观,风景名胜,风景名胜相关,旅游景点,十里河文化街美联居尚文化园,北京市,北京市,朝阳区,116.4540855,39.86039127
金光佛堂,风景名胜,风景名胜,风景名胜,分钟寺桥与G2京沪高速交叉口东150米,北京市,北京市,朝阳区,116.4517495,39.85996087
师弥精舍,风景名胜,风景名胜,风景名胜,分钟寺桥,北京市,北京市,朝阳区,116.4511076,39.86063037
翠城熙园文化广场,风景名胜,公园广场,城市广场,垡头翠成馨园411号,北京市,北京市,朝阳区,116.4991373,39.85390757
普罗轩崖柏,风景名胜,风景名胜相关,旅游景点,垡头路63号附近,北京市,北京市,朝阳区,116.4929937,39.85709208
翠城公园,风景名胜,公园广场,公园,东垡头路临70号,北京市,北京市,朝阳区,116.5012548,39.85832961
垡头街道翠城盛园社区文化广场,风景名胜,公园广场,城市广场,垡头翠成馨园,北京市,北京市,朝阳区,116.5077303,39.85449285
三元里社区健身文化广场,风景名胜,公园广场,城市广场,化工路与垡头东路交叉口北50米,北京市,北京市,朝阳区,116.5118799,39.85828059
垡头东里-社区健身文化广场,风景名胜,公园广场,城市广场,化工路与垡头东路交叉口东100米,北京市,北京市,朝阳区,116.512462,39.85810326
孛罗营村文化活动广场,风景名胜,公园广场,城市广场,王四营五方汽配城,北京市,北京市,朝阳区,116.534863,39.85912383
环渤海花卉园区,风景名胜,风景名胜相关,旅游景点,潞城镇武疃村村南,北京市,北京市,通州区,116.8223691,39.85783719
窑神殿,风景名胜,风景名胜,寺庙道观,贾史公路,北京市,北京市,房山区,115.6133653,39.85002968
青林台民俗旅游村,风景名胜,风景名胜,风景名胜,贾史公路,北京市,北京市,房山区,115.682169,39.84784746
北京圣莲山风景度假区-佛椅山,风景名胜,风景名胜,风景名胜,史家营乡柳林水村圣莲山风景区,北京市,北京市,房山区,115.7263648,39.8441459
北京圣莲山风景度假区-真武庙,风景名胜,风景名胜,寺庙道观,史家营乡柳林水村圣莲山风景区(景区商贸中心西北),北京市,北京市,房山区,115.7209133,39.84175922
北京圣莲山风景度假区-罗汉坡,风景名胜,风景名胜,风景名胜,史家营柳林水村圣莲山风景区内,北京市,北京市,房山区,115.7243061,39.84235646
北京圣莲山风景度假区-响山背斜,风景名胜,风景名胜,风景名胜,史家营柳林水村圣莲山风景区内,北京市,北京市,房山区,115.7249485,39.84420288
北京圣莲山风景度假区-白龙湖,风景名胜,风景名胜,风景名胜,史家营柳林水村圣莲山风景区内,北京市,北京市,房山区,115.7204246,39.84198763
北京圣莲山风景度假区-文化长廊,风景名胜,风景名胜,风景名胜,史家营柳林水村圣莲山风景区内,北京市,北京市,房山区,115.7200839,39.84205992
北京圣莲山风景度假区-豹斑灰岩,风景名胜,风景名胜,风景名胜,史家营柳林水村圣莲山风景区内,北京市,北京市,房山区,115.725709,39.84562026
圣莲山风景区-观光车索道站,风景名胜,风景名胜相关,旅游景点,史家营柳林水村圣莲山风景区内,北京市,北京市,房山区,115.7271511,39.84767717
北京圣莲山风景度假区-功德碑,风景名胜,风景名胜,风景名胜,史家营柳林水村圣莲山风景区内,北京市,北京市,房山区,115.7206834,39.84188741
北京圣莲山风景度假区-真武殿,风景名胜,风景名胜,风景名胜,柳林水村圣莲山风景区真武庙内,北京市,北京市,房山区,115.7221054,39.84249717
北京圣莲山风景度假区-园湖,风景名胜,风景名胜,风景名胜,史家营柳林水村圣莲山风景区内,北京市,北京市,房山区,115.7242971,39.84218348
北京圣莲山风景度假区-门楼,风景名胜,风景名胜,风景名胜,史家营柳林水村圣莲山风景区内,北京市,北京市,房山区,115.7209723,39.84141119
北京圣莲山风景度假区-隐仙洞,风景名胜,风景名胜,风景名胜,史家营柳林水村圣莲山风景区内,北京市,北京市,房山区,115.7194434,39.84184251
北京圣莲山风景度假区-雄关,风景名胜,风景名胜,风景名胜,史家营柳林水村圣莲山风景区内,北京市,北京市,房山区,115.7265443,39.84765357
北京圣莲山风景度假区-五祖殿,风景名胜,风景名胜,风景名胜,柳林水村圣莲山风景区真武庙内,北京市,北京市,房山区,115.7220065,39.84225327
北京圣莲山风景度假区-响山,风景名胜,风景名胜,风景名胜,柳林水村中街15号,北京市,北京市,房山区,115.7250894,39.84423477
北京圣莲山风景度假区-九龙谷,风景名胜,风景名胜,风景名胜,贾史公路,北京市,北京市,房山区,115.7288333,39.84851009
北京圣莲山风景度假区-老子像,风景名胜,风景名胜,风景名胜,贾史公路,北京市,北京市,房山区,115.7202167,39.84226079
北京圣莲山风景度假区-祭拜台,风景名胜,风景名胜,风景名胜,贾史公路,北京市,北京市,房山区,115.7203537,39.84134373
北京圣莲山风景度假区-翠屏峰,风景名胜,风景名胜相关,旅游景点,贾史公路,北京市,北京市,房山区,115.7281117,39.84777457
北京圣莲山风景度假区-莲花山索道,风景名胜,风景名胜,风景名胜,史家营乡圣莲山风景区,北京市,北京市,房山区,115.7269222,39.84755933
北京圣莲山风景度假区-王母天池,风景名胜,风景名胜,风景名胜,史家营乡柳林水村圣莲山风景区,北京市,北京市,房山区,115.725708,39.84562626
圣莲山风景区-观光车老子像站,风景名胜,风景名胜相关,旅游景点,史家营柳林水村圣莲山风景区内,北京市,北京市,房山区,115.7209853,39.84170016
圣莲山风景区-观光车逍遥谷站,风景名胜,风景名胜相关,旅游景点,史家营柳林水村圣莲山风景区内,北京市,北京市,房山区,115.7231698,39.84220934
北京圣莲山风景度假区-天门,风景名胜,风景名胜相关,旅游景点,圣米石塘路附近,北京市,北京市,房山区,115.7266133,39.84737754
北京圣莲山风景度假区-长生桥,风景名胜,风景名胜相关,旅游景点,史家营柳林水村圣莲山风景区内,北京市,北京市,房山区,115.721266,39.8420289
北京圣莲山风景度假区-顺风桥,风景名胜,风景名胜相关,旅游景点,史家营柳林水村圣莲山风景区内,北京市,北京市,房山区,115.7205925,39.84193548
北京圣莲山风景度假区-千佛殿,风景名胜,风景名胜相关,旅游景点,史家营柳林水村圣莲山风景区内,北京市,北京市,房山区,115.7251546,39.84283981
北京圣莲山风景度假区-南天门,风景名胜,风景名胜,国家级景点,圣米石塘路附近,北京市,北京市,房山区,115.7266133,39.84737754
北京圣莲山风景度假区-浮云阁,风景名胜,风景名胜,风景名胜,贾史公路,北京市,北京市,房山区,115.7275519,39.84772391
北京圣莲山风景度假区-神牛岭,风景名胜,风景名胜,风景名胜,史家营乡神牛岭逍遥谷,北京市,北京市,房山区,115.7231708,39.84225933
北京圣莲山风景度假区-三碰水,风景名胜,风景名胜,风景名胜,贾史公路,北京市,北京市,房山区,115.725712,39.84562225
北京圣莲山风景度假区-云山圣境,风景名胜,风景名胜,风景名胜,贾史公路,北京市,北京市,房山区,115.7281777,39.84740155
北京圣莲山风景度假区-西山圣母,风景名胜,风景名胜,风景名胜,贾史公路,北京市,北京市,房山区,115.7289803,39.84828702
北京圣莲山风景度假区-万仙洞,风景名胜,风景名胜,风景名胜,史家营柳林水村圣莲山风景区内,北京市,北京市,房山区,115.7329997,39.84581815
北京圣莲山风景度假区-古碾房,风景名胜,风景名胜,风景名胜,史家营柳林水村圣莲山风景区内,北京市,北京市,房山区,115.7323439,39.84521548
北京圣莲山风景度假区-石佛,风景名胜,风景名胜,风景名胜,史家营柳林水村圣莲山风景区内,北京市,北京市,房山区,115.7340896,39.84604769
北京圣莲山风景度假区-宝丰湖,风景名胜,风景名胜,风景名胜,史家营柳林水村圣莲山风景区内,北京市,北京市,房山区,115.7303716,39.84272159
北京圣莲山风景度假区-杨家院,风景名胜,风景名胜,风景名胜,史家营柳林水村圣莲山风景区内,北京市,北京市,房山区,115.7334554,39.84752786
北京圣莲山风景度假区-杏林塔院,风景名胜,风景名胜,风景名胜,史家营柳林水村圣莲山风景区内,北京市,北京市,房山区,115.7325778,39.84564535
北京圣莲山风景度假区-莲子峰,风景名胜,风景名胜,风景名胜,史家营柳林水村圣莲山风景区内,北京市,北京市,房山区,115.7324158,39.84542543
北京圣莲山风景度假区-斗母宫,风景名胜,风景名胜,风景名胜,史家营柳林水村圣莲山风景区内,北京市,北京市,房山区,115.7336714,39.84753477
北京圣莲山风景度假区-蟠桃宫,风景名胜,风景名胜,风景名胜,史家营柳林水村圣莲山风景区内,北京市,北京市,房山区,115.7332044,39.84783295
北京圣莲山风景度假区-迎客松,风景名胜,风景名胜,风景名胜,史家营柳林水村圣莲山风景区内,北京市,北京市,房山区,115.7327557,39.84603924
北京圣莲山风景度假区-胜泉寺,风景名胜,风景名胜,风景名胜,史家营柳林水村圣莲山风景区内,北京市,北京市,房山区,115.7328017,39.84565225
北京圣莲山风景度假区-鼓楼,风景名胜,风景名胜,风景名胜,史家营柳林水村圣莲山风景区内,北京市,北京市,房山区,115.7328017,39.84570024
北京圣莲山风景度假区-九莲洞,风景名胜,风景名胜,风景名胜,史家营柳林水村圣莲山风景区内,北京市,北京市,房山区,115.7332574,39.84767993
北京圣莲山风景度假区-凤凰亭,风景名胜,风景名胜,风景名胜,史家营柳林水村圣莲山风景区内,北京市,北京市,房山区,115.7324495,39.84795627
北京圣莲山风景度假区-长亭,风景名胜,风景名胜,风景名胜,史家营柳林水村圣莲山风景区内,北京市,北京市,房山区,115.729172,39.84190729
北京圣莲山风景度假区-圣莲宝塔,风景名胜,风景名胜,风景名胜,史家营柳林水村圣莲山风景区内,北京市,北京市,房山区,115.7340866,39.8459977
北京圣莲山风景度假区-迎客亭,风景名胜,风景名胜,风景名胜,史家营柳林水村圣莲山风景区内,北京市,北京市,房山区,115.7329267,39.84595017
北京圣莲山风景度假区-天街,风景名胜,风景名胜,风景名胜,史家营柳林水村圣莲山风景区内,北京市,北京市,房山区,115.7329896,39.84619913
北京圣莲山风景度假区-圣女亭,风景名胜,风景名胜,风景名胜,史家营柳林水村圣莲山风景区内,北京市,北京市,房山区,115.7321989,39.84508355
北京莲花山景区管理处,风景名胜,风景名胜,风景名胜,史家营柳林水村圣莲山风景区内,北京市,北京市,房山区,115.7333294,39.8476459
北京圣莲山风景度假区-曹宅,风景名胜,风景名胜,风景名胜,史家营柳林水村圣莲山风景区内,北京市,北京市,房山区,115.7336804,39.84729878
北京圣莲山风景度假区-吴宅,风景名胜,风景名胜,风景名胜,史家营柳林水村圣莲山风景区内,北京市,北京市,房山区,115.7330334,39.84790201
北京圣莲山风景度假区-圣母宫,风景名胜,风景名胜,风景名胜,史家营柳林水村圣莲山风景区内,北京市,北京市,房山区,115.7332574,39.84767993
北京圣莲山风景度假区-悬空寺,风景名胜,风景名胜,风景名胜,史家营柳林水村圣莲山风景区内,北京市,北京市,房山区,115.731609,39.84525682
北京圣莲山风景度假区-笔架山,风景名胜,风景名胜,风景名胜,史家营柳林水村圣莲山风景区内,北京市,北京市,房山区,115.7319375,39.84837948
北京圣莲山风景度假区-歧祥居,风景名胜,风景名胜,风景名胜,史家营柳林水村圣莲山风景区内,北京市,北京市,房山区,115.7326115,39.84801319
北京圣莲山风景度假区-药师殿,风景名胜,风景名胜,风景名胜,史家营柳林水村圣莲山风景区内,北京市,北京市,房山区,115.7330897,39.84574212
北京圣莲山风景度假区-韦陀殿,风景名胜,风景名胜,风景名胜,史家营柳林水村圣莲山风景区内,北京市,北京市,房山区,115.7329727,39.84572817
北京圣莲山风景度假区-圣水洞,风景名胜,风景名胜,风景名胜,史家营柳林水村圣莲山风景区内,北京市,北京市,房山区,115.7332857,39.84583203
北京圣莲山风景度假区-亮马台,风景名胜,风景名胜,风景名胜,史家营柳林水村圣莲山风景区内,北京市,北京市,房山区,115.7290879,39.84342925
北京圣莲山风景度假区-大雄宝殿,风景名胜,风景名胜相关,旅游景点,史家营柳林水村圣莲山风景区内,北京市,北京市,房山区,115.7329907,39.84576916
北京圣莲山风景度假区-三圣殿,风景名胜,风景名胜相关,旅游景点,史家营柳林水村圣莲山风景区内,北京市,北京市,房山区,115.7327927,39.84576224
北京圣莲山风景度假区-天王殿,风景名胜,风景名胜相关,旅游景点,史家营柳林水村圣莲山风景区内,北京市,北京市,房山区,115.7329727,39.84572817
北京圣莲山风景度假区-钟楼,风景名胜,风景名胜相关,旅游景点,史家营柳林水村圣莲山风景区内,北京市,北京市,房山区,115.7330897,39.84566512
北京圣莲山风景度假区-三清殿,风景名胜,风景名胜相关,旅游景点,史家营柳林水村圣莲山风景区内,北京市,北京市,房山区,115.7337694,39.84734774
北京圣莲山风景度假区-二十八盘,风景名胜,风景名胜,风景名胜,史家营乡柳林水村圣莲山风景区,北京市,北京市,房山区,115.7291663,39.84815692
北京圣莲山风景度假区-蔡义先墓,风景名胜,风景名胜相关,旅游景点,,北京市,北京市,房山区,115.7311044,39.85066974
疯狂跑吧,风景名胜,风景名胜相关,旅游景点,长兴路北50米,北京市,北京市,丰台区,116.1447497,39.84634402
长丰店白枣地理标志广场,风景名胜,公园广场,城市广场,长兴路南100米,北京市,北京市,丰台区,116.1644274,39.84189387
留霞峪后街小庙,风景名胜,风景名胜,寺庙道观,留霞峪135门前路附近,北京市,北京市,丰台区,116.1782377,39.84397231
二七车辆社区文化广场,风景名胜,公园广场,城市广场,张郭庄南路二七车辆社区,北京市,北京市,丰台区,116.1946286,39.84682197
海贝儿儿童主题公园,风景名胜,风景名胜相关,旅游景点,卢沟桥杜家坎环岛东北角金瑞天霖购物中心B1,北京市,北京市,丰台区,116.2034649,39.84407001
卢沟桥,风景名胜,风景名胜,国家级景点,城南街,北京市,北京市,丰台区,116.2147807,39.84927916
卢沟晓月,风景名胜,风景名胜,风景名胜,S50西五环附近,北京市,北京市,丰台区,116.2141445,39.85011946
御井,风景名胜,风景名胜,风景名胜,城内街甲82号,北京市,北京市,丰台区,116.2169181,39.84941826
宛平县署旧址,风景名胜,风景名胜相关,旅游景点,卢沟桥东侧宛平城内,北京市,北京市,丰台区,116.2170273,39.84945037
兴隆寺,风景名胜,风景名胜,寺庙道观,卢沟桥城内街甲115号,北京市,北京市,丰台区,116.2181039,39.84994134
宛平城西城门,风景名胜,风景名胜,风景名胜,宛平城内,北京市,北京市,丰台区,116.2161589,39.84948053
岱王庙,风景名胜,风景名胜,风景名胜,宛平城(近卢沟桥),北京市,北京市,丰台区,116.2101576,39.84875414
威严门,风景名胜,风景名胜,风景名胜,城内街与城南街交叉口东50米,北京市,北京市,丰台区,116.2164313,39.84949379
关帝堂,风景名胜,风景名胜,风景名胜,卢沟桥城内街101号,北京市,北京市,丰台区,116.2182931,39.85038949
卢沟桥晓月湖公园,风景名胜,公园广场,公园,西五环附近,北京市,北京市,丰台区,116.2161563,39.84634771
中国人民抗日战争纪念馆,风景名胜,风景名胜,纪念馆,卢沟桥城内街101号,北京市,北京市,丰台区,116.2198784,39.85058587
中国人民抗日战争纪念雕塑园,风景名胜,风景名胜,纪念馆,卢沟桥城南街77号,北京市,北京市,丰台区,116.2211105,39.84777506
宛平县衙,风景名胜,风景名胜,风景名胜,卢沟桥城内街甲11号,北京市,北京市,丰台区,116.2218371,39.85093046
宛平,风景名胜,风景名胜,风景名胜,晓月中路东150米,北京市,北京市,丰台区,116.2278018,39.84749975
七·七事变弹坑遗址,风景名胜,风景名胜,风景名胜,宛平城,北京市,北京市,丰台区,116.2210062,39.8492009
顺治门,风景名胜,风景名胜,风景名胜,宛平城内,北京市,北京市,丰台区,116.2238027,39.85069396
晓月阁,风景名胜,风景名胜相关,旅游景点,宛平城卢沟桥宛平古城城内街甲8号,北京市,北京市,丰台区,116.2230459,39.85007744
清真寺(文体路店),风景名胜,风景名胜,回教寺,电报局街5号(近文体路),北京市,北京市,丰台区,116.2800762,39.84852072
秋迹,风景名胜,风景名胜相关,旅游景点,丰台大桥南街与西四环南路入口交叉口东北50米,北京市,北京市,丰台区,116.2796386,39.84180368
社区文化广场,风景名胜,公园广场,城市广场,丰台站地铁站C2东南口西北150米,北京市,北京市,丰台区,116.2986291,39.85008654
二郎庙,风景名胜,风景名胜,寺庙道观,新村,北京市,北京市,丰台区,116.3009013,39.84389397
青少年爱心广场,风景名胜,公园广场,城市广场,新村,北京市,北京市,丰台区,116.3182607,39.84856951
夏家胡同,风景名胜,风景名胜相关,旅游景点,夏家胡同128号西侧平房,北京市,北京市,丰台区,116.3203889,39.84784946
东方友谊健身广场,风景名胜,公园广场,城市广场,南三环西路辅路,北京市,北京市,丰台区,116.3333171,39.84953768
柏森大观,风景名胜,风景名胜相关,旅游景点,,北京市,北京市,丰台区,116.3360825,39.84545278
绿雕公园(装修中),风景名胜,公园广场,公园,花乡草桥地铁站A口对面,北京市,北京市,丰台区,116.3418063,39.84354454
镇国寺,风景名胜,风景名胜,风景名胜,草桥社区文化中心2层花乡草桥社区文化中心图书馆附近,北京市,北京市,丰台区,116.3467212,39.84285409
庭院奇石景观木亭,风景名胜,风景名胜,风景名胜,京开高速与玉泉营桥交叉口西100米,北京市,北京市,丰台区,116.339017,39.84536242
花篮花束,风景名胜,风景名胜相关,旅游景点,京开高速与玉泉营桥交叉口西50米,北京市,北京市,丰台区,116.3391947,39.84499712
晚福,风景名胜,风景名胜,教堂|餐饮服务,草桥东路8号院1号楼2层,北京市,北京市,丰台区,116.3542349,39.84870269
嘉园三里公园,风景名胜,公园广场,公园,马家堡西路,北京市,北京市,丰台区,116.3622542,39.84239175
存放处,风景名胜,风景名胜相关,旅游景点,马家堡中路38号附近,北京市,北京市,丰台区,116.3684193,39.84309829
静憩园,风景名胜,风景名胜相关,旅游景点,马家堡南街39号院-2号楼-4单元-301号,北京市,北京市,丰台区,116.371074,39.85046804
巡逻岗亭,风景名胜,风景名胜相关,旅游景点,临泓路31号,北京市,北京市,丰台区,116.3851567,39.84413884
九木纹,风景名胜,风景名胜,风景名胜,南苑路11号北京新世纪服装大厦6层,北京市,北京市,丰台区,116.3935475,39.84908903
海慧寺37号,风景名胜,风景名胜相关,旅游景点,大红门路与时村路交叉口北150米,北京市,北京市,丰台区,116.4004348,39.84584542
崇文门教堂,风景名胜,风景名胜,教堂,石榴庄路附近,北京市,北京市,丰台区,116.4133896,39.84539456
巾帼靓丽,风景名胜,风景名胜相关,旅游景点,吕营大街55号附近,北京市,北京市,朝阳区,116.464399,39.84198413
和谐广场(大羊坊路),风景名胜,公园广场,城市广场,大羊坊路,北京市,北京市,朝阳区,116.4781249,39.84891472
北焦公园,风景名胜,公园广场,公园,十八里店,北京市,北京市,朝阳区,116.5262832,39.8483034
北京名皓艺宠宠物公园,风景名胜,风景名胜相关,旅游景点,十八里店王村路北焦公园,北京市,北京市,朝阳区,116.5273947,39.8488852
富力又一城公园,风景名胜,公园广场,公园,东五环富力又一城b区会所内(近黄厂路),北京市,北京市,朝阳区,116.5478311,39.84598102
马家湾湿地公园(建设中),风景名胜,公园广场,公园,大鲁店北路,北京市,北京市,朝阳区,116.5562386,39.84425961
红军公园(建设中),风景名胜,公园广场,公园,大鲁店北路,北京市,北京市,朝阳区,116.573834,39.84520636
憩园(郎各庄村南街),风景名胜,公园广场,公园,郎各庄村东路与郎各庄村南街交叉口东北100米,北京市,北京市,朝阳区,116.5702953,39.84865606
郎各庄村文化广场,风景名胜,公园广场,城市广场,大鲁店北路与郎各庄村中路交叉口南50米,北京市,北京市,朝阳区,116.5706441,39.84528759
文化广场,风景名胜,风景名胜相关,旅游景点,大鲁店北路与郎各庄村中路交叉口西100米,北京市,北京市,朝阳区,116.5701537,39.84464416
郎各庄村休闲公园,风景名胜,公园广场,公园|风景名胜,大鲁店北路与郎各庄村中路交叉口南50米,北京市,北京市,朝阳区,116.5706451,39.84528359
古运萧太后河码头遗址公园,风景名胜,公园广场,公园,铺外二路北150米,北京市,北京市,通州区,116.6191688,39.8435759
通州环球主题公园(建设中),风景名胜,公园广场,公园,京哈高速和东六环路交会处西北角,北京市,北京市,通州区,116.6738109,39.8429071
北京通州文化旅游区,风景名胜,风景名胜相关,旅游景点,台湖镇田府村大高力庄路,北京市,北京市,通州区,116.6692426,39.84518369
太玉园健身广场,风景名胜,公园广场,城市广场,张湾村,北京市,北京市,通州区,116.6940467,39.84862359
立禅庵村,风景名胜,风景名胜,风景名胜,张家湾镇(村委会前方),北京市,北京市,通州区,116.6917586,39.84739543
菩提精舍,风景名胜,风景名胜相关,旅游景点,张采路2053号附近,北京市,北京市,通州区,116.6968327,39.84970009
清真寺,风景名胜,风景名胜,回教寺,张湾镇村421号,北京市,北京市,通州区,116.7001991,39.84592418
武窑村古运河渡口文化广场,风景名胜,公园广场,城市广场,大武路与武窑路交叉口西50米,北京市,北京市,通州区,116.7711734,39.84391731
百花山自然风景区-燕溪跌水,风景名胜,风景名胜相关,旅游景点,清水镇境内百花山自然风景区内,北京市,北京市,门头沟区,115.5738066,39.83192804
百花山自然风景区-松亭夕照,风景名胜,风景名胜相关,旅游景点,清水镇境内百花山自然风景区内,北京市,北京市,门头沟区,115.5753051,39.83551793
北京百花山国家级自然保护区管理处,风景名胜,风景名胜,风景名胜,清水镇境内百花山自然风景区内,北京市,北京市,门头沟区,115.5729768,39.83830796
百花山自然风景区-凭栏观瀑,风景名胜,风景名胜,风景名胜,清水镇境内百花山自然风景区内,北京市,北京市,门头沟区,115.57534,39.83611292
百花山自然风景区-长岭松涛,风景名胜,风景名胜,风景名胜,清水镇境内百花山自然风景区内,北京市,北京市,门头沟区,115.5743963,39.83256045
百花山自然风景区-双峰入云,风景名胜,风景名胜,风景名胜,清水镇境内百花山自然风景区内,北京市,北京市,门头沟区,115.5786961,39.83308527
百花山自然风景区-贵宾楼,风景名胜,风景名胜相关,旅游景点,清水镇境内百花山自然风景区内,北京市,北京市,门头沟区,115.5762811,39.83621957
百花山自然风景区-休息亭,风景名胜,风景名胜,风景名胜,清水镇境内百花山自然风景区内,北京市,北京市,门头沟区,115.582919,39.83148636
北京圣莲山风景度假区,风景名胜,风景名胜,国家级景点,史家营柳林水村,北京市,北京市,房山区,115.693418,39.84035143
北京圣莲山风景度假区-玉皇庙,风景名胜,风景名胜,寺庙道观,贾史公路,北京市,北京市,房山区,115.7170668,39.83796401
北京圣莲山风景度假区-泰安亭,风景名胜,风景名胜,风景名胜,史家营柳林水村圣莲山风景区内,北京市,北京市,房山区,115.7134826,39.83478897
北京圣莲山风景度假区-鼎盛,风景名胜,风景名胜,风景名胜,史家营柳林水村圣莲山风景区内,北京市,北京市,房山区,115.7145505,39.83534877
北京圣莲山风景度假区-龙王殿,风景名胜,风景名胜,风景名胜,玉皇庙内,北京市,北京市,房山区,115.7172826,39.83819278
北京圣莲山风景度假区-达观桥,风景名胜,风景名胜,风景名胜,史家营柳林水村圣莲山风景区内,北京市,北京市,房山区,115.7169868,39.83854805
北京圣莲山风景度假区-八仙塔,风景名胜,风景名胜,风景名胜,史家营柳林水村圣莲山风景区内,北京市,北京市,房山区,115.7161047,39.83733902
北京圣莲山风景度假区-山魂,风景名胜,风景名胜,风景名胜,史家营柳林水村圣莲山风景区内,北京市,北京市,房山区,115.7139449,39.83672634
北京圣莲山风景度假区-黄龙潭,风景名胜,风景名胜,风景名胜,史家营柳林水村圣莲山风景区内,北京市,北京市,房山区,115.7158337,39.83975814
北京圣莲山风景度假区-圣米石塘,风景名胜,风景名胜,风景名胜,史家营柳林水村圣莲山风景度假区附近,北京市,北京市,房山区,115.715275,39.83350412
圣莲山风景区-观光车玉皇庙站,风景名胜,风景名胜相关,旅游景点,史家营柳林水村圣莲山风景区内,北京市,北京市,房山区,115.7175313,39.83908149
北京圣莲山风景度假区-玉皇殿,风景名胜,风景名胜相关,旅游景点,玉皇庙内,北京市,北京市,房山区,115.7172826,39.83819278
北京圣莲山风景度假区-鸿翔桥,风景名胜,风景名胜相关,旅游景点,圣米石塘路附近,北京市,北京市,房山区,115.7156464,39.83545761
北京圣莲山风景度假区-张裂隙,风景名胜,风景名胜,风景名胜,贾史公路,北京市,北京市,房山区,115.721466,39.84110579
北京圣莲山风景度假区-玄女洞,风景名胜,风景名胜相关,旅游景点,史家营乡圣莲山风景区玄女洞,北京市,北京市,房山区,115.721466,39.84110579
将军坨风景区(暂停营业),风景名胜,风景名胜,风景名胜,河北镇檀木港村大桥北2公里处,北京市,北京市,房山区,115.9539582,39.83800663
将军坨风景区-镇边城,风景名胜,风景名胜相关,旅游景点,门头沟镇边镇,北京市,北京市,房山区,115.9595896,39.84019246
灵鹫禅寺,风景名胜,风景名胜,寺庙道观,谷积山,北京市,北京市,房山区,116.0056324,39.84084372
灵鹫禅寺(谷积山),风景名胜,风景名胜,风景名胜,谷积山灵鹫禅寺附近,北京市,北京市,房山区,116.0057161,39.84066148
广智禅寺,风景名胜,风景名胜,寺庙道观,,北京市,北京市,房山区,116.0262141,39.8404274
环秀禅寺,风景名胜,风景名胜,风景名胜,崇各庄乡小幼营村西,北京市,北京市,房山区,116.0285298,39.83732959
太子峪草莓园,风景名胜,风景名胜相关,旅游景点,长辛店镇太子峪高新果蔬基地(铁路桥西),北京市,北京市,丰台区,116.1583912,39.836132
一勺池,风景名胜,风景名胜,风景名胜,太子峪路东50米,北京市,北京市,丰台区,116.1687682,39.83748625
长体城市休闲公园,风景名胜,公园广场,公园,长体城市休闲公园(中奥广场·首站附近),北京市,北京市,丰台区,116.1794694,39.83361517
绿堤公园,风景名胜,公园广场,公园,河畔,北京市,北京市,丰台区,116.2209504,39.83924845
宛平文化广场,风景名胜,公园广场,城市广场,卢沟桥晓月苑小区居委会,北京市,北京市,丰台区,116.2348342,39.83930342
榆园,风景名胜,公园广场,公园,看丹路附近,北京市,北京市,丰台区,116.2553492,39.83628628
药王庙,风景名胜,风景名胜,寺庙道观,花乡,北京市,北京市,丰台区,116.2688479,39.83625592
丰台科技园生态主题公园,风景名胜,公园广场,公园,科兴路1号(科怡路口),北京市,北京市,丰台区,116.2889646,39.83779993
小公园,风景名胜,公园广场,公园,新村街道南四环西路昌宁大厦东50米,北京市,北京市,丰台区,116.2810996,39.83302136
笑宝堡,风景名胜,风景名胜相关,旅游景点,科学城恒富街中心绿地4号,北京市,北京市,丰台区,116.2874647,39.83369944
北京市丰台区丰台园区公园,风景名胜,公园广场,公园,科兴路1号,北京市,北京市,丰台区,116.2896766,39.83608196
密云古北口河西村徐大叔,风景名胜,风景名胜相关,旅游景点,密云古北口河西村,北京市,北京市,丰台区,116.3021489,39.83454936
多肉王子进口多肉植物园,风景名胜,公园广场,植物园,花乡南四环西路花香源花木场,北京市,北京市,丰台区,116.3266057,39.83180151
花乡姐妹林,风景名胜,风景名胜,风景名胜,丰民同和国际农业科技发展有限公司附近,北京市,北京市,丰台区,116.3226443,39.83556988
世界花卉大观园,风景名胜,公园广场,植物园,南四环中路235号,北京市,北京市,丰台区,116.3458599,39.83481605
北京基督教丰台堂,风景名胜,风景名胜,教堂,京开路12号,北京市,北京市,丰台区,116.3417823,39.83605705
世界花卉大观园管理处,风景名胜,公园广场,植物园,南四环中路235号世界花卉大观园,北京市,北京市,丰台区,116.3460181,39.83117802
林枫花园,风景名胜,公园广场,公园广场,马家堡西路与枫竹苑北路交汇处,北京市,北京市,丰台区,116.3659488,39.83394269
月光广场,风景名胜,公园广场,城市广场,马家堡东路辅路,北京市,北京市,丰台区,116.3777469,39.83588698
大红门远洋文化广场,风景名胜,公园广场,城市广场,马家堡东路108号院-2号楼-106号,北京市,北京市,丰台区,116.383494,39.84078289
财门,风景名胜,风景名胜相关,旅游景点,南四环中路与南四环中路入口交叉口西北150米,北京市,北京市,丰台区,116.3883058,39.83191232
還珠园,风景名胜,风景名胜相关,旅游景点,马家堡东路西150米,北京市,北京市,丰台区,116.3792208,39.83503294
哈利路亚,风景名胜,风景名胜相关,旅游景点,马家堡东路106号新天地写字楼7层,北京市,北京市,丰台区,116.3807191,39.83947563
中国民间艺术之乡,风景名胜,风景名胜相关,旅游景点,南苑路82号附近,北京市,北京市,丰台区,116.3954285,39.83334185
金蟾玉宫,风景名胜,风景名胜,风景名胜,南顶路131号附近,北京市,北京市,丰台区,116.4078183,39.84038032
石榴庄公园,风景名胜,公园广场,公园,南四环中路大红门东桥凉水河南,北京市,北京市,丰台区,116.4163035,39.83201881
榴彩公园,风景名胜,公园广场,公园,榴乡路,北京市,北京市,丰台区,116.414831,39.83825715
石榴庄城市休闲公园,风景名胜,公园广场,城市广场,金桥西街南150米,北京市,北京市,丰台区,116.4128855,39.83404489
双庙,风景名胜,风景名胜相关,旅游景点,南顶路东50米,北京市,北京市,丰台区,116.4248262,39.83716869
城外诚北广场,风景名胜,风景名胜相关,旅游景点,南四环成寿寺路308号,北京市,北京市,朝阳区,116.4439051,39.83250458
古圣堂,风景名胜,风景名胜相关,旅游景点,,北京市,北京市,朝阳区,116.4569873,39.83802954
欧苑景观,风景名胜,风景名胜相关,旅游景点,大羊坊路西50米,北京市,北京市,朝阳区,116.4879209,39.83777011
海棠公园(天宜公寓西南),风景名胜,公园广场,公园,十八里店乡东南四环十八里店北桥出口向东,北京市,北京市,朝阳区,116.4989189,39.83472308
老君堂公园-晨练广场,风景名胜,公园广场,城市广场,,北京市,北京市,朝阳区,116.5148886,39.83371958
老君堂公园-树亭台,风景名胜,风景名胜,风景名胜,十八里店老君堂公园(五环西),北京市,北京市,朝阳区,116.5170885,39.83195683
老君堂公园-休憩亭,风景名胜,风景名胜,风景名胜,十八里店老君堂公园(五环西),北京市,北京市,朝阳区,116.5170422,39.83276665
老君堂公园-林荫栈道,风景名胜,风景名胜,风景名胜,十八里店老君堂公园(五环北),北京市,北京市,朝阳区,116.5138441,39.83234173
老君堂公园-香花台,风景名胜,风景名胜,风景名胜,十八里店老君堂公园,北京市,北京市,朝阳区,116.5117866,39.83309384
老君堂公园-健体台,风景名胜,风景名胜,风景名胜,十八里店老君堂公园,北京市,北京市,朝阳区,116.5129959,39.83324027
柏坡黄万年青,风景名胜,风景名胜相关,旅游景点,易开元国际石材交易市场2区5排090号附近,北京市,北京市,朝阳区,116.524582,39.83806662
大鲁店文化广场,风景名胜,公园广场,公园,黑庄户大鲁店大二村,北京市,北京市,朝阳区,116.5859957,39.83581032
基督教堂,风景名胜,风景名胜,教堂,张台路南50米,北京市,北京市,通州区,116.6543235,39.83135308
玉甫上营文化广场,风景名胜,公园广场,城市广场,台湖大街1号,北京市,北京市,通州区,116.6541051,39.83167547
景山台湖园林中心,风景名胜,公园广场,公园,张台路与西下营路交叉口西150米,北京市,北京市,通州区,116.6603606,39.83164362
上店聚会点,风景名胜,风景名胜,教堂,上店南路与梁上路交叉口东北50米,北京市,北京市,通州区,116.750598,39.83591838
百花山自然风景区(暂停营业),风景名胜,风景名胜,风景名胜,清水镇百花山林场,北京市,北京市,门头沟区,115.5680656,39.82251242
百花山自然风景区-顶峰观日,风景名胜,风景名胜相关,旅游景点,莲花庵村百花山自然风景区内,北京市,北京市,房山区,115.5957317,39.82591691
百花山自然风景区-蚂蚁山,风景名胜,风景名胜,风景名胜,莲花庵村百花山自然风景区内,北京市,北京市,门头沟区,115.5915069,39.82678926
百花山自然风景区-石林花径,风景名胜,风景名胜,风景名胜,莲花庵村百花山自然风景区内,北京市,北京市,房山区,115.5957858,39.82494097
百花山自然风景区-百花草甸,风景名胜,风景名胜,风景名胜,史家营乡莲花庵村百花山自然风景区内护国显光禅寺处步行,北京市,北京市,房山区,115.5932756,39.82466733
北京圣莲山风景度假区-莲花亭,风景名胜,风景名胜,风景名胜,史家营柳林水村圣莲山风景区内,北京市,北京市,房山区,115.7200174,39.83016674
龙神庙,风景名胜,风景名胜,寺庙道观,108国道复线,北京市,北京市,房山区,115.8795397,39.82327017
三关寺,风景名胜,风景名胜,寺庙道观,李各庄加油站后面,北京市,北京市,房山区,115.9419913,39.82187315
贞节牌坊遗址,风景名胜,风景名胜相关,旅游景点,阎吕路青龙湖镇晓幼营村村民委员会,北京市,北京市,房山区,116.0630234,39.82859597
姚广孝墓塔,风景名胜,风景名胜,风景名胜,青龙湖镇长乐寺村东,北京市,北京市,房山区,116.0796998,39.82378979
三清关帝庙,风景名胜,风景名胜,寺庙道观,大富庄村,北京市,北京市,丰台区,116.094134,39.82522934
云岗森林公园,风景名胜,公园广场,公园,马家坟,北京市,北京市,丰台区,116.1526417,39.82393829
长辛店补习学校旧址,风景名胜,风景名胜相关,旅游景点,长辛店镇,北京市,北京市,丰台区,116.1958982,39.82633223
长辛店留法勤工俭学旧址,风景名胜,风景名胜,风景名胜,,北京市,北京市,丰台区,116.1954531,39.82671852
长辛店二七大罢工旧址,风景名胜,风景名胜,纪念馆,长辛店大街196号附近,北京市,北京市,丰台区,116.2013631,39.82223153
二七革命遗址,风景名胜,风景名胜,风景名胜,长辛店大街东100米,北京市,北京市,丰台区,116.2016568,39.82144599
长辛店清真寺,风景名胜,风景名胜,回教寺,大寺口3,北京市,北京市,丰台区,116.2020966,39.82322748
长辛店天主教堂,风景名胜,风景名胜,教堂,长辛店镇教堂胡同41号,北京市,北京市,丰台区,116.1995219,39.82340182
北京市丰台区长辛店公园,风景名胜,公园广场,公园,长辛店桥西花园南里甲1号,北京市,北京市,丰台区,116.2005613,39.83053783
清真古寺,风景名胜,风景名胜相关,旅游景点,教堂胡同与长辛店大街交叉口东北100米,北京市,北京市,丰台区,116.2017207,39.82322896
大寺口72号,风景名胜,风景名胜相关,旅游景点,长辛店周口店路大寺口72号楼,北京市,北京市,丰台区,116.2034485,39.82302334
大寺口46号,风景名胜,风景名胜相关,旅游景点,西峰寺社区长辛店大街大寺口46号楼,北京市,北京市,丰台区,116.2030816,39.82351881
勅建延祚善庆宫,风景名胜,风景名胜相关,旅游景点,教堂胡同与长辛店大街交叉口南100米,北京市,北京市,丰台区,116.20132,39.82217847
世纪森林公园,风景名胜,公园广场,公园,农场路(近卢沟桥老庄子),北京市,北京市,丰台区,116.2390479,39.8232785
看丹公园,风景名胜,公园广场,公园,花乡看丹村看丹南路,北京市,北京市,丰台区,116.2622427,39.83050569
科丰公园,风景名胜,公园广场,公园,科丰桥桥东50米,北京市,北京市,丰台区,116.2887811,39.8286328
冰雪公园(冰淇淋)(万达广场),风景名胜,风景名胜相关,旅游景点,丰科路6号院万达广场F5层,北京市,北京市,丰台区,116.2934824,39.82314183
万饰如艺文化景观,风景名胜,风景名胜相关,旅游景点,丰台南路37号附近,北京市,北京市,丰台区,116.3213733,39.82692589
欧式廊架,风景名胜,公园广场,植物园,南四环中路235号世界花卉大观园,北京市,北京市,丰台区,116.3473424,39.83088381
槐新公园,风景名胜,公园广场,公园,南四环中路142号,北京市,北京市,丰台区,116.3551534,39.82419787
现代水族,风景名胜,公园广场,水族馆|购物服务,花乡花卉产业园区6号厅D3,北京市,北京市,丰台区,116.3514637,39.82810329
桃苑公园,风景名胜,公园广场,公园,公益桥公益庄,北京市,北京市,丰台区,116.3766542,39.82599449
京田百岁山,风景名胜,风景名胜相关,旅游景点,南苑路甲79号附近,北京市,北京市,丰台区,116.3980389,39.82404652
清真寺,风景名胜,风景名胜,回教寺,三台山村96号,北京市,北京市,朝阳区,116.4555207,39.82178806
北京市朝阳区小红门乡牌坊村民兵连,风景名胜,风景名胜,风景名胜,牌坊街东50米,北京市,北京市,朝阳区,116.4623356,39.83035348
博大水库公园,风景名胜,公园广场,公园,十八里店南桥博大路,北京市,北京市,朝阳区,116.4750304,39.82588832
镇海寺郊野公园,风景名胜,公园广场,公园,红坊路北(近博大路),北京市,北京市,朝阳区,116.4809751,39.82750632
文化娱乐广场,风景名胜,公园广场,公园广场,十八里店乡横街子村,北京市,北京市,朝阳区,116.4951282,39.82916615
北京欧苑景观设计中心,风景名胜,风景名胜相关,旅游景点,横街村1032,北京市,北京市,朝阳区,116.4944702,39.8259354
老君堂公园,风景名胜,公园广场,公园,十八里店乡,北京市,北京市,朝阳区,116.5131679,39.83034495
亦新公园-西区,风景名胜,公园广场,公园,亦庄镇S50东五环天尊苑旁,北京市,北京市,大兴区,116.5122113,39.82353769
北京亦新公园(天尊苑东北),风景名胜,公园广场,公园,亦庄经济技术开发区(和成璟园西),北京市,北京市,大兴区,116.5152308,39.82574407
海葬纪念碑,风景名胜,风景名胜相关,旅游景点,,北京市,北京市,朝阳区,116.587495,39.8260053
金福湿地公园,风景名胜,公园广场,公园,台湖镇张台路,北京市,北京市,通州区,116.5951204,39.82539047
外郎营法治广场,风景名胜,公园广场,城市广场,周坡路北50米,北京市,北京市,通州区,116.6200257,39.82402923
台湖文化艺术公园,风景名胜,公园广场,公园,台湖大街10号,北京市,北京市,通州区,116.6462765,39.82929291
台湖公园,风景名胜,公园广场,公园,九德路,北京市,北京市,通州区,116.6426177,39.82349867
新印象台湖森林公园,风景名胜,公园广场,公园,X015(张台路),北京市,北京市,通州区,116.6414337,39.82314271
里二泗古迹,风景名胜,风景名胜,风景名胜,里二泗中路北100米,北京市,北京市,通州区,116.7537044,39.83005866
佑民观坤道院,风景名胜,风景名胜相关,旅游景点,里二泗中路北100米,北京市,北京市,通州区,116.7533585,39.82969456
杨林水民俗旅游村,风景名胜,风景名胜,风景名胜,杨林水村路,北京市,北京市,房山区,115.7023213,39.82079107
铁瓦寺(暂停营业),风景名胜,风景名胜,寺庙道观,河北镇政府院内,北京市,北京市,房山区,115.9326369,39.8187194
常乐寺,风景名胜,风景名胜,寺庙道观,青龙湖镇V7北湖壹号,北京市,北京市,房山区,116.0701143,39.8206584
密檐塔,风景名胜,风景名胜,风景名胜,大富庄路路南,北京市,北京市,丰台区,116.1034329,39.81509668
云岗森林公园-云山叠翠,风景名胜,风景名胜相关,旅游景点,云岗北环路北100米,北京市,北京市,丰台区,116.1542289,39.81778959
镇岗塔,风景名胜,风景名胜,风景名胜,长辛店乡云岗村,北京市,北京市,丰台区,116.1642665,39.81385044
塔西公园,风景名胜,公园广场,公园,云岗北区西里42号楼旁,北京市,北京市,丰台区,116.1604688,39.81402635
西峰寺147号,风景名胜,风景名胜相关,旅游景点,长辛店北关社区西后街西峰寺147号楼,北京市,北京市,丰台区,116.1930421,39.82043518
西峰寺149号,风景名胜,风景名胜相关,旅游景点,西后街北京中医药大学东方医院西北,北京市,北京市,丰台区,116.1928667,39.82025691
长辛店二七革命遗址,风景名胜,风景名胜,纪念馆,长辛店大街224号附近,北京市,北京市,丰台区,116.2010907,39.82075825
常兴殿,风景名胜,风景名胜相关,旅游景点,周口店路与G4京港澳高速出口交叉口西50米,北京市,北京市,丰台区,116.1990974,39.81173104
房车世界露营公园,风景名胜,公园广场,公园广场,长阳镇大宁山庄北京房车博览中心北,北京市,北京市,丰台区,116.2044199,39.81176645
场帝足球公园,风景名胜,风景名胜相关,旅游景点,总部基地西(678公交总站路口南侧100米),北京市,北京市,丰台区,116.2604557,39.81447399
御康公园,风景名胜,公园广场,公园,花乡六圈村丰葆路168号(富锦家园南),北京市,北京市,丰台区,116.275911,39.8135531
世界公园-飞机参观,风景名胜,风景名胜,风景名胜,大葆台158号世界公园游艺区,北京市,北京市,丰台区,116.2797323,39.81136363
御康公园-银杏广场,风景名胜,公园广场,公园,丰葆路西200米,北京市,北京市,丰台区,116.2823772,39.81316604
世界公园-驯象乐园,风景名胜,风景名胜,风景名胜,丰葆路158号世界公园,北京市,北京市,丰台区,116.2815217,39.81173429
世界公园-国际街,风景名胜,风景名胜,风景名胜,花乡丰葆路158号世界公园内,北京市,北京市,丰台区,116.2844173,39.81193133
世界公园-华沙美人鱼,风景名胜,风景名胜,风景名胜,花乡丰葆路158号世界公园内,北京市,北京市,丰台区,116.2820599,39.81151359
御康公园-主广场,风景名胜,公园广场,城市广场,御康公园内,北京市,北京市,丰台区,116.2839348,39.81345889
世界公园-国会大厦,风景名胜,风景名胜,风景名胜,大葆台158号世界公园世界公园艺术团附近,北京市,北京市,丰台区,116.2815966,39.81120823
北京民俗表演团,风景名胜,风景名胜相关,旅游景点,新发地天伦锦城15号楼1511,北京市,北京市,丰台区,116.3267901,39.81723416
张裕长城,风景名胜,风景名胜相关,旅游景点,六圈路与黄陈路交叉口东50米,北京市,北京市,丰台区,116.330181,39.81979651
海子公园,风景名胜,公园广场,公园,新发地村,北京市,北京市,丰台区,116.3426091,39.81526701
潘家庙558号,风景名胜,风景名胜相关,旅游景点,新村街道京开路海子公园南100米,北京市,北京市,丰台区,116.3449248,39.81153127
潘家庙406号,风景名胜,风景名胜相关,旅游景点,南苑西路230号,北京市,北京市,丰台区,116.3437651,39.81985766
潘家庙56号,风景名胜,风景名胜相关,旅游景点,南苑西路258号,北京市,北京市,丰台区,116.3424388,39.82055693
新宫文化广场,风景名胜,公园广场,城市广场,新宫村,北京市,北京市,丰台区,116.3543289,39.8159207
槐房钓鱼公园,风景名胜,公园广场,公园,槐房路,北京市,北京市,丰台区,116.3723488,39.81735393
和义公园,风景名胜,公园广场,公园,万泽龙物流对面,北京市,北京市,丰台区,116.3884233,39.82028407
旺兴湖郊野公园,风景名胜,公园广场,公园,旧宫镇绿化隔离区内(近庑殿路),北京市,北京市,大兴区,116.4282064,39.81160696
旺兴湖公园-观景亭,风景名胜,风景名胜,风景名胜,南场一村德贤路旺兴湖公园,北京市,北京市,大兴区,116.4265624,39.81117374
旺兴湖公园,风景名胜,公园广场,公园,旧宫镇绿化隔离区内(近庑殿路),北京市,北京市,大兴区,116.4298984,39.8130243
健身广场,风景名胜,公园广场,城市广场,庑殿路,北京市,北京市,大兴区,116.431288,39.81446529
旺兴湖郊野公园北区,风景名胜,公园广场,公园,旧宫镇附近,北京市,北京市,朝阳区,116.4379739,39.81983408
宣颐公园,风景名胜,公园广场,公园,旧宫镇小红门路28号,北京市,北京市,大兴区,116.4457182,39.81430856
鲁人景观,风景名胜,风景名胜相关,旅游景点,宣熙路18号,北京市,北京市,大兴区,116.4401442,39.81110172
合创绿地,风景名胜,风景名胜相关,旅游景点,宣颐路与小红门路交叉口西北100米,北京市,北京市,大兴区,116.4490286,39.81273177
城外城绿色健身广场,风景名胜,公园广场,城市广场,小红门博大路8号,北京市,北京市,朝阳区,116.4790402,39.81729041
鸿博公园,风景名胜,公园广场,公园,小红门乡博大路与红坊路交叉口附近(近红坊路),北京市,北京市,朝阳区,116.4727652,39.81791349
城外诚润京广场,风景名胜,公园广场,城市广场,十八里店南桥博大路8号,北京市,北京市,朝阳区,116.4793985,39.81736244
城润广场,风景名胜,公园广场,城市广场,博大路和横街子路的交叉口附近,北京市,北京市,朝阳区,116.4806581,39.81811405
阿弥陀佛,风景名胜,风景名胜,风景名胜,东马路北50米,北京市,北京市,大兴区,116.4813242,39.81257939
国际企业文化园东园,风景名胜,公园广场,公园,亦庄开发区文化园东路,北京市,北京市,大兴区,116.4940492,39.81255809
升降平台,风景名胜,风景名胜相关,旅游景点,横街子184号,北京市,北京市,朝阳区,116.5022381,39.82038789
游骑兵紫竹桥营,风景名胜,风景名胜相关,旅游景点,亦庄中国梦谷足球场,北京市,北京市,大兴区,116.5152816,39.82077355
东石公园,风景名胜,公园广场,公园,站前街与通马路交叉口西南100米,北京市,北京市,通州区,116.5703041,39.81781608
乐跑公园,风景名胜,公园广场,公园,东小路,北京市,北京市,通州区,116.5826546,39.81479568
白草畔景区,风景名胜,风景名胜,风景名胜,霞云岭乡四马台村,北京市,北京市,房山区,115.5975189,39.80828777
银狐洞园区-凤凰山公园,风景名胜,公园广场,公园,佛子庄乡凤凰山公园(银狐洞附近),北京市,北京市,房山区,115.8886716,39.8026261
芳香谷,风景名胜,风景名胜,风景名胜,河北镇河南村地税所南1000米,北京市,北京市,房山区,115.9265484,39.80457862
北京石花洞鸟语林风景区,风景名胜,风景名胜,国家级景点,河北乡南车营村,北京市,北京市,房山区,115.9462618,39.80732434
鸣泉山寨,风景名胜,风景名胜,风景名胜,乔麦山公园路附近,北京市,北京市,房山区,115.9411175,39.81013874
诚通颐年山庄月湖,风景名胜,公园广场,公园,诚通颐年山庄内,北京市,北京市,房山区,115.9632928,39.8090749
西海绿洲国际休闲度假区,风景名胜,风景名胜,风景名胜,青龙湖西岸(京辉高尔夫南侧),北京市,北京市,房山区,116.0676146,39.80419223
南宫文化广场,风景名胜,公园广场,城市广场,南宫迎宾路与新苑路交叉口西北50米,北京市,北京市,丰台区,116.148537,39.80440441
南宫温泉,风景名胜,风景名胜相关,旅游景点,王佐镇南宫村长青路97号南宫文化休闲广场西侧,北京市,北京市,丰台区,116.1471534,39.804329
朱家坟碉堡,风景名胜,风景名胜,风景名胜,云冈路附近,北京市,北京市,丰台区,116.1908273,39.80769154
紫谷伊甸园,风景名胜,风景名胜相关,旅游景点,农场路9号南600米,北京市,北京市,丰台区,116.25372,39.80882188
世界公园-白宫,风景名胜,风景名胜,风景名胜,花乡丰葆路158号世界公园美洲景区内,北京市,北京市,丰台区,116.2777123,39.80850435
世界公园-林肯纪念堂,风景名胜,风景名胜,纪念馆,花乡丰葆路158号世界公园美洲景区内,北京市,北京市,丰台区,116.2782766,39.80845567
世界公园-墨西哥土著图腾柱,风景名胜,风景名胜,风景名胜,丰葆路158号世界公园,北京市,北京市,丰台区,116.2787371,39.80765316
华盛顿纪念碑,风景名胜,风景名胜,风景名胜,大葆台158号世界公园美洲景区内,北京市,北京市,丰台区,116.2780709,39.8086349
世界公园-美国国会大厦,风景名胜,风景名胜,风景名胜,丰葆路158号世界公园,北京市,北京市,丰台区,116.2777233,39.80890131
世界公园-塔欣壁龛金字塔,风景名胜,风景名胜,风景名胜,丰葆路158号世界公园,北京市,北京市,丰台区,116.2779591,39.80773411
世界公园-自由女神,风景名胜,风景名胜,风景名胜,丰葆路158号世界公园,北京市,北京市,丰台区,116.2791033,39.80998453
世界公园-纽约曼哈顿,风景名胜,风景名胜,风景名胜,丰葆路158号世界公园,北京市,北京市,丰台区,116.2787908,39.80950095
世界公园-科罗拉多大峡谷,风景名胜,风景名胜,风景名胜,丰葆路158号世界公园,北京市,北京市,丰台区,116.2790653,39.81032455
世界公园,风景名胜,风景名胜,国家级景点,大葆台158号,北京市,北京市,丰台区,116.2819494,39.80913991
大葆台汉墓,风景名胜,风景名胜,风景名胜,花乡大葆台村,北京市,北京市,丰台区,116.2897324,39.80445611
花乡公园,风景名胜,公园广场,公园,花乡大葆台,北京市,北京市,丰台区,116.290591,39.8042148
九龙口,风景名胜,风景名胜,风景名胜,京开路西红门段1号,北京市,北京市,大兴区,116.3373009,39.80459635
西红门九龙口休闲公园,风景名胜,公园广场,公园,京良路与黄陈路交叉口东南200米,北京市,北京市,大兴区,116.33687,39.80344823
南苑公园,风景名胜,公园广场,公园,南苑西路5号,北京市,北京市,丰台区,116.3724921,39.8051317
北京基督教会南苑堂,风景名胜,风景名胜,教堂,南苑北马路18-20号,北京市,北京市,丰台区,116.3804008,39.80423031
大爱永生,风景名胜,风景名胜,风景名胜,南苑路166号宝苑国际购物中心F1(茉莉幻想游乐园),北京市,北京市,丰台区,116.4027483,39.80866047
清龙宫,风景名胜,风景名胜相关,旅游景点,万源北路153号,北京市,北京市,大兴区,116.4228418,39.8065294
碧海公园,风景名胜,公园广场,公园,旧宫科技路,北京市,北京市,大兴区,116.4326675,39.80907185
旧宫,风景名胜,风景名胜相关,旅游景点,旧宫地铁站B2南口北100米,北京市,北京市,大兴区,116.4546942,39.80556728
南郊观象台,风景名胜,风景名胜相关,旅游景点,三台山路亦庄桥北侧,北京市,北京市,大兴区,116.4683791,39.80647622
国际企业文化园西园,风景名胜,公园广场,公园,亦庄开发区五环文化园西路6号院,北京市,北京市,大兴区,116.4803593,39.80724998
顺景温泉东坝,风景名胜,风景名胜相关,旅游景点,潞西路53号,北京市,北京市,通州区,116.576874,39.8055823
垛子,风景名胜,风景名胜相关,旅游景点,011县道,北京市,北京市,通州区,116.6177622,39.80206331
兴武林村健身广场,风景名胜,公园广场,公园广场,兴武林路东100米,北京市,北京市,通州区,116.6544241,39.80795256
枣林庄清真寺,风景名胜,风景名胜相关,旅游景点,枣林庄外围路附近,北京市,北京市,通州区,116.728126,39.80979557
银狐洞园区,风景名胜,风景名胜,国家级景点,佛子庄乡下英水村,北京市,北京市,房山区,115.8972419,39.79728551
北台燕职基地,风景名胜,风景名胜相关,旅游景点,,北京市,北京市,房山区,115.8898687,39.79417311
水洞天锅,风景名胜,风景名胜,风景名胜,,北京市,北京市,房山区,115.9050806,39.79568071
十八罗汉,风景名胜,风景名胜,风景名胜,,北京市,北京市,房山区,115.9020703,39.79698367
九寨瀑布,风景名胜,风景名胜,风景名胜,,北京市,北京市,房山区,115.9030646,39.7953805
观音送子,风景名胜,风景名胜,风景名胜,,北京市,北京市,房山区,115.9020543,39.79677069
观音抱子,风景名胜,风景名胜,风景名胜,百花齐放北90米,北京市,北京市,房山区,115.9020643,39.79647071
棕熊登塔,风景名胜,风景名胜,风景名胜,,北京市,北京市,房山区,115.9050547,39.79496878
中华国宝,风景名胜,风景名胜,风景名胜,银狐洞园区,北京市,北京市,房山区,115.9020595,39.79506783
童子拜佛,风景名胜,风景名胜,风景名胜,,北京市,北京市,房山区,115.9020783,39.7965787
清真宝塔,风景名胜,风景名胜,风景名胜,,北京市,北京市,房山区,115.9030695,39.79597944
美女寻夫,风景名胜,风景名胜,风景名胜,,北京市,北京市,房山区,115.9020686,39.79467586
海狮望天,风景名胜,风景名胜,风景名胜,,北京市,北京市,房山区,115.9040597,39.7946712
海狮戏鹰,风景名胜,风景名胜,风景名胜,,北京市,北京市,房山区,115.9040546,39.7959671
银狐,风景名胜,风景名胜,风景名胜,,北京市,北京市,房山区,115.9020635,39.79486585
延安宝塔,风景名胜,风景名胜,风景名胜,杜甫草堂附近,北京市,北京市,房山区,115.9000628,39.79756811
山庄梯田,风景名胜,风景名胜,风景名胜,,北京市,北京市,房山区,115.9010671,39.79727591
群峰竞秀,风景名胜,风景名胜,风景名胜,河北镇水洞天锅东北200米,北京市,北京市,房山区,115.9070723,39.79687769
笼中刺猬,风景名胜,风景名胜,风景名胜,,北京市,北京市,房山区,115.9000718,39.79787808
嘉峪雄狮,风景名胜,风景名胜,风景名胜,,北京市,北京市,房山区,115.9050538,39.79406986
凤凰钻山,风景名胜,风景名胜,风景名胜,,北京市,北京市,房山区,115.9040617,39.79476619
峡谷仙桥,风景名胜,风景名胜,风景名胜,百花齐放西北170米,北京市,北京市,房山区,115.9010761,39.79697593
百花齐放,风景名胜,风景名胜,风景名胜,,北京市,北京市,房山区,115.9020544,39.79566478
仙猴啃桃,风景名胜,风景名胜,风景名胜,,北京市,北京市,房山区,115.9020724,39.79578277
长城烽火,风景名胜,风景名胜,风景名胜,,北京市,北京市,房山区,115.9030596,39.79516751
人参王,风景名胜,风景名胜,风景名胜,,北京市,北京市,房山区,115.9020643,39.79677169
菊花盛开,风景名胜,风景名胜,风景名胜,,北京市,北京市,房山区,115.9020685,39.79547979
银河瀑布,风景名胜,风景名胜,风景名胜,河北镇水洞天锅南250米,北京市,北京市,房山区,115.9040639,39.7934683
北京石花洞国家地质公园,风景名胜,风景名胜,国家级景点,河北镇南车营村,北京市,北京市,房山区,115.9406923,39.79484878
中华奇石馆,风景名胜,风景名胜,风景名胜,石花洞路附近,北京市,北京市,房山区,115.9419587,39.79470829
中国房山世界地质公园,风景名胜,风景名胜,风景名胜,石花洞路附近,北京市,北京市,房山区,115.9409388,39.79441933
石花洞风景区,风景名胜,风景名胜,国家级景点,河北镇南车营村,北京市,北京市,房山区,115.9404627,39.79489122
双峪胜景,风景名胜,风景名胜,风景名胜,阎东路,北京市,北京市,房山区,115.966758,39.79582756
万佛堂孔水洞,风景名胜,风景名胜,风景名胜,阎东路,北京市,北京市,房山区,115.975803,39.79170826
磁家务文体广场,风景名胜,公园广场,城市广场,河北镇,北京市,北京市,房山区,115.9824274,39.79581632
北京青龙湖公园,风景名胜,公园广场,公园|风景名胜,王佐镇怪村西,北京市,北京市,房山区,116.082315,39.79549762
南宫体育公园,风景名胜,公园广场,公园,王佐镇南宫温泉度假酒店西侧,北京市,北京市,丰台区,116.1373251,39.79669737
南宫旅游景区,风景名胜,风景名胜,国家级景点,王佐镇南宫南路1号,北京市,北京市,丰台区,116.1458743,39.79333468
老爷庙,风景名胜,风景名胜,寺庙道观,王佐镇长青路103号院243号,北京市,北京市,丰台区,116.1446204,39.79814314
南宫旅游景区-五洲植物乐园,风景名胜,公园广场,植物园,南宫迎宾路南宫世界地热博览园内,北京市,北京市,丰台区,116.1494471,39.79195102
南宫旅游景区-南宫热带植物园,风景名胜,公园广场,植物园,王佐镇南宫南路1号世界地热博览园内,北京市,北京市,丰台区,116.149435,39.79203099
南宫旅游景区-水帘洞服务台,风景名胜,风景名胜相关,旅游景点,南宫迎宾路南宫世界地热博览园内,北京市,北京市,丰台区,116.1494471,39.79195102
南宫旅游景区-仙子游园,风景名胜,风景名胜相关,旅游景点,南宫迎宾路南宫世界地热博览园内,北京市,北京市,丰台区,116.1494471,39.79195102
南宫旅游景区-水帘洞,风景名胜,风景名胜相关,旅游景点,南宫迎宾路南宫世界地热博览园内,北京市,北京市,丰台区,116.1497519,39.79164958
南宫旅游景区-东海戏水,风景名胜,风景名胜相关,旅游景点,南宫迎宾路南宫世界地热博览园内,北京市,北京市,丰台区,116.1494471,39.79195102
南宫旅游景区-大王巡山,风景名胜,风景名胜相关,旅游景点,南宫迎宾路南宫世界地热博览园内,北京市,北京市,丰台区,116.1494471,39.79195102
南宫旅游景区-花果山,风景名胜,风景名胜,风景名胜,南宫迎宾路南宫世界地热博览园内,北京市,北京市,丰台区,116.1494471,39.79195102
三官庙,风景名胜,风景名胜,寺庙道观,周口店路西100米,北京市,北京市,丰台区,116.186261,39.79672777
大王庙,风景名胜,风景名胜,寺庙道观,左堤路,北京市,北京市,丰台区,116.2593464,39.79788596
高鑫公园,风景名胜,公园广场,公园,花乡高立庄村,北京市,北京市,丰台区,116.2923548,39.79655165
兴华公园,风景名胜,公园广场,公园,西红门欣宁街北口,北京市,北京市,大兴区,116.3231762,39.79469385
兴海家园日苑小广场,风景名胜,公园广场,城市广场,欣和街,北京市,北京市,大兴区,116.3256629,39.79123836
静园,风景名胜,风景名胜,风景名胜,宏都路16号附近,北京市,北京市,大兴区,116.3289644,39.79879142
北京市基督教丰台区红房子聚会点,风景名胜,风景名胜,教堂,五爱屯东街,北京市,北京市,丰台区,116.3760295,39.7966502
南苑文化健身广场,风景名胜,公园广场,城市广场,团河路与西红门路交叉口西150米,北京市,北京市,丰台区,116.3699464,39.79533405
七营房,风景名胜,风景名胜相关,旅游景点,南苑机场内,北京市,北京市,丰台区,116.3968429,39.79155694
青葵园,风景名胜,风景名胜相关,旅游景点,万源南路2号附近,北京市,北京市,丰台区,116.4224033,39.79761159
河滨公园(东马路),风景名胜,公园广场,公园,,北京市,北京市,大兴区,116.4613089,39.80073299
亦庄文化广场,风景名胜,公园广场,城市广场,贵园路附近,北京市,北京市,大兴区,116.4702439,39.79674909
博大公园,风景名胜,公园广场,公园,亦庄天华南街,北京市,北京市,大兴区,116.4973548,39.79516931
亦庄天主教教堂,风景名胜,风景名胜,教堂,亦庄荣华中路7号国荣国际B座1号楼4层(马赛克楼),北京市,北京市,大兴区,116.4961888,39.80004943
韩国坝览久妆,风景名胜,风景名胜相关,旅游景点,天宝园四里卡尔生活馆,北京市,北京市,大兴区,116.491788,39.79371782
博大公园-十年树木,风景名胜,风景名胜,风景名胜,科慧大道西100米,北京市,北京市,大兴区,116.4993424,39.79479725
普渡寺,风景名胜,风景名胜,寺庙道观,张家湾镇陆辛庄村3号,北京市,北京市,通州区,116.6756827,39.79427706
藏益恒悟禅堂,风景名胜,风景名胜相关,旅游景点,北大化路与潞西路交叉口南100米,北京市,北京市,通州区,116.6820035,39.79127056
汽车公园,风景名胜,风景名胜相关,旅游景点,108国道,北京市,北京市,房山区,115.5256298,39.78162997
百草畔自然风景区,风景名胜,风景名胜,风景名胜,霞云岭,北京市,北京市,房山区,115.6068501,39.78355052
真武庙,风景名胜,风景名胜,寺庙道观,上英水村,北京市,北京市,房山区,115.891705,39.78695511
第三空间精品民宿度假区,风景名胜,风景名胜相关,旅游景点,佛子庄乡上英水村村委会南30米,北京市,北京市,房山区,115.8935393,39.78613042
房山万佛堂花塔,风景名胜,风景名胜,风景名胜,万佛堂花塔,北京市,北京市,房山区,115.9811914,39.78914757
石梯关帝庙,风景名胜,风景名胜相关,旅游景点,坨万路西150米,北京市,北京市,房山区,116.0306318,39.78384429
山顶观景台,风景名胜,风景名胜,风景名胜,,北京市,北京市,房山区,116.0460592,39.78443041
青龙湖汽车露营地,风景名胜,公园广场,公园,魏各庄路西50米,北京市,北京市,房山区,116.0753653,39.78602056
开新农场(青龙湖店),风景名胜,风景名胜相关,旅游景点,王佐镇怪村村卫生所对面,北京市,北京市,丰台区,116.0946622,39.78712032
八一影视基地,风景名胜,风景名胜,风景名胜,王佐乡,北京市,北京市,丰台区,116.1315448,39.78677158
南岗洼古桥,风景名胜,风景名胜,风景名胜,王佐镇佃起村,北京市,北京市,丰台区,116.1830843,39.78354539
独义大棚,风景名胜,风景名胜相关,旅游景点,长阳6号路附近,北京市,北京市,房山区,116.2017389,39.78975456
兰花文化休闲公园,风景名胜,公园广场,公园,京深路与稻田路交汇处东北角,北京市,北京市,房山区,116.211918,39.78266496
狼垡公园,风景名胜,公园广场,公园,武警路与葆台路交叉口北150米,北京市,北京市,大兴区,116.2760117,39.7906878
北京中华文化园,风景名胜,公园广场,公园,芦花路40号,北京市,北京市,大兴区,116.2888677,39.78241927
中华文化园-南山,风景名胜,风景名胜相关,旅游景点,黄村镇明春苑春泽院2号,北京市,北京市,大兴区,116.2901358,39.78782286
高立庄公园,风景名胜,公园广场,公园,京良路东100米,北京市,北京市,丰台区,116.3129321,39.79026883
鱼跃龙门,风景名胜,风景名胜相关,旅游景点,郭公庄路,北京市,北京市,丰台区,116.3121067,39.7843969
北京天祥文化生活广场,风景名胜,公园广场,城市广场,宏康路与郭公庄路交叉口东50米,北京市,北京市,丰台区,116.3132283,39.7830589
地铁文化公园-大兴庙会,风景名胜,风景名胜,寺庙道观,欣雅街南路,北京市,北京市,大兴区,116.3176326,39.78129867
兴海公园(宏福路),风景名胜,公园广场,公园,西红门镇兴海家园星苑对面,北京市,北京市,大兴区,116.327529,39.78799206
西红门清真寺,风景名胜,风景名胜,回教寺,欣旺北大街109号,北京市,北京市,大兴区,116.3354729,39.78973993
明珠广场,风景名胜,公园广场,城市广场,西红门路26号,北京市,北京市,大兴区,116.3432124,39.78775015
福星文化广场,风景名胜,公园广场,城市广场,京开高速与宏福东路交叉口东100米,北京市,北京市,大兴区,116.3431743,39.7891311
南苑兵营司令部旧址(暂停营业),风景名胜,风景名胜,风景名胜,北京南苑机场,北京市,北京市,丰台区,116.3935102,39.78877034
江西鄱阳长生殿,风景名胜,风景名胜相关,旅游景点,友谊路东侧8-2附近,北京市,北京市,大兴区,116.3956441,39.78141383
旧宫镇基督教会(旧宫聚会点),风景名胜,风景名胜,教堂,南环路与旧忠路交叉口西南100米,北京市,北京市,大兴区,116.4452439,39.79044246
南海子公园北门大牌楼,风景名胜,风景名胜相关,旅游景点,公园北环路南50米,北京市,北京市,大兴区,116.4568663,39.78654807
花历园,风景名胜,公园广场,公园,排干渠西路与科创十二街交叉口北100米,北京市,北京市,大兴区,116.5675682,39.7909564
桃太郎桃园,风景名胜,风景名胜相关,旅游景点,"张家湾镇烧酒巷村村委会村南(近京哈高速,通州大运河森林公园)",北京市,北京市,通州区,116.6941199,39.78917476
天旋自然风景区,风景名胜,风景名胜,风景名胜,蒲洼乡芦子水村(隗氏英烈纪念碑南500米),北京市,北京市,房山区,115.4658243,39.77475046
花台,风景名胜,风景名胜,风景名胜,蒲洼乡京昆路花台,北京市,北京市,房山区,115.5248622,39.78127102
花台登山步道,风景名胜,风景名胜,风景名胜,蒲洼乡东村花台蒲洼,北京市,北京市,房山区,115.5253509,39.7811373
云海亭,风景名胜,风景名胜,风景名胜,,北京市,北京市,房山区,115.523684,39.77263474
花台蒲洼,风景名胜,风景名胜相关,旅游景点,108国道,北京市,北京市,房山区,115.5256711,39.78110812
没有共产党就没有新中国纪念馆,风景名胜,风景名胜,纪念馆,108国道,北京市,北京市,房山区,115.5784314,39.7798912
堂上民俗村,风景名胜,风景名胜,风景名胜,108国道北50米,北京市,北京市,房山区,115.5829537,39.77678464
蝴蝶谷,风景名胜,风景名胜,风景名胜,108国道西50米,北京市,北京市,房山区,115.5906362,39.77393047
白草畔自然风景区,风景名胜,风景名胜,风景名胜,AREAMISS房山区霞云岭乡百草畔自然风景区,北京市,北京市,房山区,115.6290011,39.77369226
红岭佛山景区,风景名胜,风景名胜相关,旅游景点,中窖路东50米,北京市,北京市,房山区,115.8425934,39.78063318
青龙湖镇夏日文化广场,风景名胜,公园广场,城市广场,良坨路北150米,北京市,北京市,房山区,116.0332128,39.77584666
共和国部长纪念林,风景名胜,风景名胜,风景名胜,首创新悦都北,北京市,北京市,房山区,116.1828227,39.77502871
立垡花园,风景名胜,公园广场,公园,狼立路北100米,北京市,北京市,大兴区,116.2570723,39.7742103
地铁文化公园,风景名胜,公园广场,公园,西红门规划南环路(近地铁四号线西红门站),北京市,北京市,大兴区,116.3199893,39.78036623
天主教西红门祈祷所,风景名胜,风景名胜,教堂,西红门南桥与S50南五环交叉口北150米,北京市,北京市,大兴区,116.3294907,39.77886314
西红门星光生态文化休闲公园,风景名胜,公园广场,公园,西红门南桥东侧路北,北京市,北京市,大兴区,116.3413598,39.77577549
大兴生态文明教育公园,风景名胜,公园广场,公园,S50南五环附近,北京市,北京市,大兴区,116.3533997,39.77581443
新三余公园,风景名胜,公园广场,公园,金西路东150米,北京市,北京市,大兴区,116.3628222,39.77244842
北京国际露营公园,风景名胜,公园广场,公园,南苑村团河路369号,北京市,北京市,丰台区,116.3759296,39.78081665
老三余公园,风景名胜,公园广场,公园,西红门寿宝庄,北京市,北京市,大兴区,116.3700315,39.77823246
寿保庄公园,风景名胜,公园广场,公园,金安路,北京市,北京市,大兴区,116.3781614,39.77414449
市民公园,风景名胜,公园广场,公园广场,南小街四村,北京市,北京市,大兴区,116.4174986,39.77988795
南海子公园-麋鹿苑,风景名胜,公园广场,动物园|风景名胜,南海子公园,北京市,北京市,大兴区,116.4565541,39.77255258
南海子公园,风景名胜,公园广场,公园,黄亦路16号,北京市,北京市,大兴区,116.459497,39.77622451
南海子公园花卉观赏区,风景名胜,公园广场,公园,,北京市,北京市,大兴区,116.4710147,39.77150846
亦庄湿地,风景名胜,公园广场,公园,科创十七街,北京市,北京市,通州区,116.5787908,39.7751151
三岔口亭,风景名胜,风景名胜相关,旅游景点,,北京市,北京市,房山区,115.5157103,39.76607476
蒲洼狩猎场,风景名胜,风景名胜相关,旅游景点,近郊房山区西南深山区蒲洼乡卢子水村,北京市,北京市,房山区,115.5500352,39.76397363
金鸽广场,风景名胜,公园广场,城市广场,京昆路与翻泉沟路交叉口东南200米,北京市,北京市,房山区,115.7699208,39.77108648
羊一文化广场,风景名胜,公园广场,城市广场,上店路与东万路交叉口东南100米,北京市,北京市,房山区,115.9629287,39.76140208
美薇婷婚礼主题生态观光园,风景名胜,风景名胜相关,旅游景点,大庙路,北京市,北京市,房山区,116.0917758,39.77031373
科技文创孵化广场,风景名胜,公园广场,城市广场,昊天大街东50米,北京市,北京市,房山区,116.1576304,39.76160963
北京首创奥莱休闲驿站景区,风景名胜,风景名胜,省级景点,悦盛路6号院,北京市,北京市,房山区,116.180856,39.76239146
奇乐城堡主题公园,风景名胜,风景名胜相关,旅游景点,悦盛路6号首创奥特莱斯F3,北京市,北京市,房山区,116.1808239,39.76230841
翡翠公园,风景名胜,公园广场,公园,双高路163号,北京市,北京市,大兴区,116.3140925,39.76644683
滨河公园,风景名胜,公园广场,公园,乐园路北150米,北京市,北京市,大兴区,116.3188127,39.76661879
足御堂足道,风景名胜,风景名胜相关,旅游景点,金星西路兴涛社区53号1-03兴创律师事务所旁,北京市,北京市,大兴区,116.3216497,39.76270673
高米店公园,风景名胜,公园广场,公园,高米店乐园路跟辅高路交叉口,北京市,北京市,大兴区,116.335057,39.76432306
油菜花海,风景名胜,风景名胜相关,旅游景点,西三路东侧,北京市,北京市,大兴区,116.4069347,39.76867751
南海子南门广场,风景名胜,公园广场,公园广场,公园南环路北50米,北京市,北京市,大兴区,116.4661041,39.76766346
绿得金现代生态观光园,风景名胜,风景名胜相关,旅游景点,博兴西路,北京市,北京市,大兴区,116.4737275,39.76312086
南海子公园-南海子牡丹园,风景名胜,风景名胜相关,旅游景点,亦庄南海子公园,北京市,北京市,大兴区,116.4703115,39.76978368
凉水河公园1区,风景名胜,公园广场,公园,建安街与西环南路交叉口西150米,北京市,北京市,大兴区,116.5166034,39.7694535
凉水河公园3区,风景名胜,公园广场,公园,博兴三路,北京市,北京市,大兴区,116.5210101,39.76477601
清真寺,风景名胜,风景名胜,回教寺,马驹桥镇北门口村120号,北京市,北京市,通州区,116.5458293,39.76436957
幽州台,风景名胜,公园广场,公园,西环南路36号,北京市,北京市,大兴区,116.5440393,39.77014443
礼拜寺,风景名胜,风景名胜,风景名胜,漷马路旧线清真寺东南门,北京市,北京市,通州区,116.5455587,39.76428005
革命烈士纪念碑,风景名胜,风景名胜,纪念馆,兴贸一街与G2京沪高速交叉口西100米,北京市,北京市,通州区,116.5537648,39.76262112
上石堡纪念馆,风景名胜,风景名胜,纪念馆,108国道上石堡纪念馆,北京市,北京市,房山区,115.7612412,39.75482138
水峪民俗旅游村,风景名胜,风景名胜,风景名胜,南窖乡水峪村(近108国道),北京市,北京市,房山区,115.8224089,39.75787078
行游天下自驾游护照,风景名胜,风景名胜相关,旅游景点,科技路8号凯丽大厦西座3105室,北京市,北京市,房山区,115.8631009,39.75897687
金陵遗址,风景名胜,风景名胜,风景名胜,周口店镇龙门口村北的九龙山主峰下大宝顶前约15米处,北京市,北京市,房山区,115.9147918,39.75258357
和谐广场,风景名胜,公园广场,城市广场,东万路西150米,北京市,北京市,房山区,115.9591388,39.7601121
东风文化广场,风景名胜,公园广场,城市广场,双泉西路与双泉路交叉口北50米,北京市,北京市,房山区,115.9588591,39.7555163
东岭郊野公园,风景名胜,公园广场,公园,东万路,北京市,北京市,房山区,115.9718595,39.76117047
南观村口,风景名胜,风景名胜相关,旅游景点,043县道南50米,北京市,北京市,房山区,116.0032874,39.76062424
观音殿,风景名胜,风景名胜,寺庙道观,S66京昆联络线附近,北京市,北京市,房山区,116.0323696,39.75612068
翠林漫步公园,风景名胜,公园广场,公园,二十一号路与翠林路交叉口北150米,北京市,北京市,房山区,116.1474548,39.75976352
黄辛庄绿荫健身公园,风景名胜,公园广场,公园,松林西路与黄辛庄路交叉口北50米,北京市,北京市,房山区,116.1421403,39.75605988
泰和良子足道,风景名胜,风景名胜相关,旅游景点,天星街1号院16号楼1层119,北京市,北京市,房山区,116.1553532,39.75284337
长阳公园,风景名胜,公园广场,公园,长阳镇长阳一村东,北京市,北京市,房山区,116.1737611,39.75857696
水务局公园,风景名胜,公园广场,公园,东环路与规划一路交叉口东南100米,北京市,北京市,房山区,116.18364,39.75774184
房山区新城滨水森林公园东区,风景名胜,风景名胜相关,旅游景点,长阳东环路新城滨水森林公园东区,北京市,北京市,房山区,116.1830496,39.75638495
房山区新城滨水森林公园南区,风景名胜,风景名胜相关,旅游景点,长阳路北200米,北京市,北京市,房山区,116.1820676,39.75136376
房山新城滨水森林公园综合管理服务中心,风景名胜,公园广场,公园广场,长阳镇北广阳城村北芭蕾雨悦都西侧,北京市,北京市,房山区,116.1799221,39.75723732
长阳体育公园,风景名胜,公园广场,公园,,北京市,北京市,房山区,116.1962052,39.76002127
长阳音乐节,风景名胜,风景名胜,风景名胜,长阳体育公园西侧长阳音乐主题公园,北京市,北京市,房山区,116.1908724,39.75926792
康庄公园(滨河街),风景名胜,公园广场,公园,滨河东里东康庄公园(近京开高速),北京市,北京市,大兴区,116.336086,39.7542712
鲨鱼公园,风景名胜,公园广场,公园,康庄路华堂商场水晶广场5层,北京市,北京市,大兴区,116.3305581,39.75614235
金星公园,风景名胜,公园广场,公园,滨河街,北京市,北京市,大兴区,116.3350305,39.76070348
佛道圆,风景名胜,风景名胜,风景名胜,广茂大街5号院,北京市,北京市,大兴区,116.3408039,39.76046798
怡苑亭,风景名胜,风景名胜相关,旅游景点,福海路怡苑亭,北京市,北京市,大兴区,116.3437895,39.75332348
金海公园,风景名胜,公园广场,公园,志建路东50米,北京市,北京市,大兴区,116.40336,39.75838214
志远庄公园,风景名胜,公园广场,公园,志远庄,北京市,北京市,大兴区,116.4038051,39.75950417
岗亭,风景名胜,风景名胜相关,旅游景点,团忠路南50米附近,北京市,北京市,大兴区,116.4182099,39.76081647
体育公园,风景名胜,公园广场,公园,千倾堂街附近,北京市,北京市,大兴区,116.481989,39.75393557
米拉公园,风景名胜,公园广场,公园,北五村小区外环路与漷马路交叉口南100米,北京市,北京市,通州区,116.5391951,39.75989124
凉水河公园5区,风景名胜,公园广场,公园,北五村小区外环路与漷马路交叉口西50米,北京市,北京市,通州区,116.5388741,39.76082044
神龙公园,风景名胜,公园广场,公园,马驹桥乡兴华中街,北京市,北京市,通州区,116.5407862,39.75271744
基督之家,风景名胜,风景名胜,教堂,马驹桥镇(通州第二医院对面),北京市,北京市,通州区,116.543271,39.75705219
金马公园,风景名胜,公园广场,公园广场,兴贸四街与四支路交叉口东北150米,北京市,北京市,通州区,116.5763314,39.75778727
珠江四季广场,风景名胜,公园广场,城市广场,兴贸四街与物流东路交叉口西100米,北京市,北京市,通州区,116.5805887,39.7576418
猫耳山风景区,风景名胜,风景名胜相关,旅游景点,三合村路,北京市,北京市,房山区,115.8513393,39.74649083
石安寺,风景名胜,风景名胜,风景名胜,周胜路,北京市,北京市,房山区,115.9003945,39.74334928
十字寺遗址,风景名胜,风景名胜,世界遗产,车厂村,北京市,北京市,房山区,115.9014618,39.74295008
金陵遗址-九龙山景区,风景名胜,风景名胜,观景点,车厂路,北京市,北京市,房山区,115.9113731,39.74790975
白水寺森林公园,风景名胜,风景名胜,风景名胜,燕山燕中路(近燕山火车站),北京市,北京市,房山区,115.944942,39.74862259
天元寺,风景名胜,风景名胜相关,旅游景点,大马村东路附近,北京市,北京市,房山区,116.1015481,39.74374439
府前广场,风景名胜,公园广场,城市广场,良乡政通路2号院区政府,北京市,北京市,房山区,116.1370501,39.74447497
北京市房山世界地质公园管理处(北京市房山区旅游发展委员会东),政府机构及社会团体,政府及社会团体相关,政府及社会团体相关|风景名胜,良乡月华北大街8号,北京市,北京市,房山区,116.1454421,39.74632349
雍和顺,风景名胜,风景名胜,风景名胜,长阳路天骄俊园一号楼1-5号底商,北京市,北京市,房山区,116.1695394,39.74977306
伟望公社,政府机构及社会团体,社会团体,社会团体相关|风景名胜,长阳镇保和庄,北京市,北京市,房山区,116.2060987,39.74414588
建苑,风景名胜,公园广场,公园,求实路与清源西路交叉口西北200米,北京市,北京市,大兴区,116.2791535,39.74376265
清源公园-大兴烈士纪念广场,风景名胜,公园广场,城市广场,清源路清源公园内,北京市,北京市,大兴区,116.294835,39.74131005
兴旺公园(北区),风景名胜,公园广场,公园,丽园路与兴旺路交叉口西50米,北京市,北京市,大兴区,116.3021526,39.74885269
北京基督教会大兴福音堂,风景名胜,风景名胜,教堂,黄村清源西路与兴旺路交叉口,北京市,北京市,大兴区,116.3051369,39.74379991
祖慈肩颈,风景名胜,风景名胜相关,旅游景点,丽园路丽园小区C区北大门西侧200米路南25门脸,北京市,北京市,大兴区,116.3122029,39.74853129
中心花园,风景名胜,公园广场,公园,兴和大街与枣园路交叉口南150米,北京市,北京市,大兴区,116.3226599,39.75052307
枣林公园,风景名胜,公园广场,公园,兴丰大街玫瑰城购物中心南侧,北京市,北京市,大兴区,116.3300131,39.75070897
团河行宫遗址公园(装修中),风景名胜,公园广场,公园,爱民路8号,北京市,北京市,大兴区,116.3726994,39.74626303
曹氏祠堂,风景名胜,风景名胜,风景名胜,曹庄村,北京市,北京市,通州区,116.8899747,39.74388348
石门走廊,风景名胜,风景名胜,风景名胜,世界地质公园十渡园区七渡村七渡花果山景区猴山内,北京市,北京市,房山区,115.5746401,39.73143279
霞云岭鸽子台水库,风景名胜,风景名胜相关,旅游景点,霞云岭乡,北京市,北京市,房山区,115.7432419,39.73510728
霞云岭冰瀑,风景名胜,风景名胜,风景名胜,霞云岭国家森林公园山水人家,北京市,北京市,房山区,115.741409,39.73715418
霞云岭山水人家金水湖景区,风景名胜,风景名胜,风景名胜,霞云岭乡霞云岭村鸽子台水库,北京市,北京市,房山区,115.7440732,39.7355732
下寺石塔,风景名胜,风景名胜,风景名胜,下寺村北3.5公里处,北京市,北京市,房山区,115.8562683,39.73747316
金祖山,风景名胜,风景名胜,风景名胜,周口店镇车厂村,北京市,北京市,房山区,115.9108307,39.73613348
太平圣寺,风景名胜,风景名胜,寺庙道观,良乡太平庄村,北京市,北京市,房山区,116.110332,39.73233676
房山堂,风景名胜,风景名胜,教堂,西潞,北京市,北京市,房山区,116.1126255,39.73174564
基督教,风景名胜,风景名胜,教堂,太平庄南路南50米,北京市,北京市,房山区,116.1126435,39.73189664
北潞园健身公园,风景名胜,公园广场,公园,苏庄东街与良乡西路交叉口,北京市,北京市,房山区,116.1193062,39.73468962
昊天广场,风景名胜,公园广场,城市广场,良乡拱辰大街,北京市,北京市,房山区,116.1353314,39.73245574
文体公园,风景名胜,公园广场,公园,月华大街与良坨大街交叉口北100米,北京市,北京市,房山区,116.1296847,39.73873683
观音阁,风景名胜,风景名胜相关,旅游景点,拱辰大街甲27号附近,北京市,北京市,房山区,116.1347183,39.73791817
良乡文化广场,风景名胜,公园广场,城市广场,政通西路与政通路交叉口东南200米,北京市,北京市,房山区,116.1291884,39.74034197
鲜饮南路,风景名胜,风景名胜相关,旅游景点,文化路37号附近,北京市,北京市,房山区,116.1388221,39.73145728
昊天公园,风景名胜,公园广场,公园,东关街73号,北京市,北京市,房山区,116.1486635,39.7322677
保合庄村健身休闲广场,风景名胜,公园广场,城市广场,长阳镇,北京市,北京市,房山区,116.2043466,39.74037603
朱岗子村健身广场,风景名胜,公园广场,公园广场,朱岗子村,北京市,北京市,房山区,116.2186631,39.73334988
清源公园,风景名胜,公园广场,公园,黄村镇清源西路孙庄子村北口向西200米,北京市,北京市,大兴区,116.298933,39.73344609
兴旺公园,风景名胜,公园广场,公园,三合路与兴旺路交叉口南150米,北京市,北京市,大兴区,116.3111282,39.73391699
兴旺公园(南区),风景名胜,公园广场,公园,三合路与兴旺路交叉口西北150米,北京市,北京市,大兴区,116.3103496,39.73577823
黄村公园(清源路),风景名胜,公园广场,公园,清源路南,北京市,北京市,大兴区,116.3289049,39.74054822
清真寺(兴丰大街),风景名胜,风景名胜,回教寺,兴丰大街三段141号,北京市,北京市,大兴区,116.3331404,39.73172726
团河苑小区-健身广场,风景名胜,公园广场,城市广场,观音寺街道兴亦路团河苑小区健身广场,北京市,北京市,大兴区,116.365848,39.73884524
盛世南宫影视文化城(京福路)(暂停营业),风景名胜,风景名胜,风景名胜|科教文化服务,104国道,北京市,北京市,大兴区,116.4487528,39.73305178
第五季农业生态观光园,风景名胜,风景名胜相关,旅游景点,"于家务乡大耕垡村(东五环京津高速于家务出口红绿灯右拐,过桥后左拐沿河边直行即到)",北京市,北京市,通州区,116.7122547,39.7400513
西太平水库,风景名胜,风景名胜相关,旅游景点,十渡镇涞宝路六合庄景区,北京市,北京市,房山区,115.5310358,39.73103982
十渡猕猴大峡谷,风景名胜,风景名胜,风景名胜,西太平村,北京市,北京市,房山区,115.5710595,39.73019797
十渡太平生态猴山景区,风景名胜,风景名胜,风景名胜,十渡风镇西太平村西,北京市,北京市,房山区,115.5710705,39.73019998
霞云岭国家森林公园房山区,风景名胜,风景名胜相关,旅游景点,霞云岭乡霞云岭国家森林公园,北京市,北京市,房山区,115.7410251,39.72805732
房山区燕山公园,风景名胜,公园广场,城市广场,燕山迎风中路14号,北京市,北京市,房山区,115.9512499,39.72587129
金凤凰广场,风景名胜,公园广场,公园,燕山迎风街1号,北京市,北京市,房山区,115.9508712,39.73121751
金燕园,风景名胜,公园广场,公园,岗南路与迎风北路交叉口东50米,北京市,北京市,房山区,115.9567112,39.72982165
燕怡园(迎风北路),风景名胜,公园广场,公园,燕山燕东路3号,北京市,北京市,房山区,115.9570615,39.72773103
燕山文化广场,风景名胜,公园广场,城市广场,燕山岗南路东一巷2号,北京市,北京市,房山区,115.956575,39.72635142
文化广场,风景名胜,公园广场,城市广场,大件路2号,北京市,北京市,房山区,116.0062372,39.72257377
房山红领巾公园,风景名胜,公园广场,公园,阎村镇大件路大石河2号桥,北京市,北京市,房山区,116.0168245,39.72254688
房山夕阳红公园,风景名胜,公园广场,公园,大件路南100米,北京市,北京市,房山区,116.0169831,39.72172154
世纪之园,风景名胜,公园广场,公园,良乡,北京市,北京市,房山区,116.1129101,39.73045303
赛纳园,风景名胜,公园广场,公园,苏庄北路南100米,北京市,北京市,房山区,116.1251938,39.7251066
主题雕塑广场,风景名胜,公园广场,公园广场,拱辰南大街与昊天大街交叉口东北100米,北京市,北京市,房山区,116.1365736,39.72352274
文苑,风景名胜,风景名胜,风景名胜,拱辰南大街26附近,北京市,北京市,房山区,116.1362062,39.7273187
良乡文庙,风景名胜,风景名胜相关,旅游景点,拱辰南大街28号附近,北京市,北京市,房山区,116.1361059,39.72734954
北京风景年票,风景名胜,风景名胜相关,旅游景点,良乡中路24号中狐票务自取点,北京市,北京市,房山区,116.1373988,39.72940529
房山新城滨水森林公园,风景名胜,风景名胜,风景名胜,长阳镇清苑北街,北京市,北京市,房山区,116.1899697,39.72263866
兴旺公园-文化空间广场,风景名胜,公园广场,公园,兴旺路1号附近,北京市,北京市,大兴区,116.3153643,39.72837565
兴旺公园-自然树池,风景名胜,公园广场,公园,兴旺路西50米,北京市,北京市,大兴区,116.316481,39.72722666
兴旺公园-同心园广场,风景名胜,公园广场,公园,兴旺路西侧1号附近,北京市,北京市,大兴区,116.3154033,39.72840057
街心公园,风景名胜,公园广场,公园,黄村兴丰大街三段197号,北京市,北京市,大兴区,116.3325721,39.72775481
火神庙,风景名胜,风景名胜,寺庙道观,黄村东大街,北京市,北京市,大兴区,116.3362536,39.73012766
水帘洞,风景名胜,风景名胜,风景名胜,海北路1号,北京市,北京市,大兴区,116.3417467,39.72201475
观音寺街,风景名胜,风景名胜,风景名胜,观音寺南里14号楼2单元302,北京市,北京市,大兴区,116.3441665,39.72308037
联东u谷中区u客广场,风景名胜,公园广场,城市广场,西周路东50米,北京市,北京市,通州区,116.5516193,39.73047107
周易社区文体广场,风景名胜,公园广场,城市广场,马驹桥,北京市,北京市,通州区,116.5761565,39.73082021
清真寺,风景名胜,风景名胜,寺庙道观|风景名胜,于家务村内路南50米,北京市,北京市,通州区,116.7030371,39.72127246
西太平洞,风景名胜,风景名胜相关,旅游景点,十渡镇涞宝路六合庄景区,北京市,北京市,房山区,115.5792541,39.71500885
娘娘庙,风景名胜,风景名胜,寺庙道观,十渡镇六合村,北京市,北京市,房山区,115.6144593,39.72064228
蝠云山景区,风景名胜,风景名胜,风景名胜,京昆路,北京市,北京市,房山区,115.7213024,39.71213211
塔湾健身广场,风景名胜,公园广场,城市广场,城关街,北京市,北京市,房山区,115.9533089,39.71576875
宏塔公园,风景名胜,公园广场,公园,燕房路西150米,北京市,北京市,房山区,115.9710209,39.71452935
阎村镇文化体育广场,风景名胜,公园广场,城市广场,紫园路112号,北京市,北京市,房山区,116.0850915,39.71270945
清真古寺,风景名胜,风景名胜,回教寺,良官公路与良梨路交叉口东150米,北京市,北京市,房山区,116.1453829,39.71518918
常庄清真寺东区,风景名胜,风景名胜,回教寺,良官公路与良梨路交叉口东150米,北京市,北京市,房山区,116.1453588,39.71518614
常庄清真寺西区,风景名胜,风景名胜,回教寺,良官公路与良梨路交叉口东100米,北京市,北京市,房山区,116.1447633,39.71516213
青春之岛社区座,风景名胜,风景名胜,风景名胜,良乡东区十四号路东200米,北京市,北京市,房山区,116.1689822,39.71474526
求知广场,风景名胜,公园广场,城市广场,良乡东区十六号路北150米,北京市,北京市,房山区,116.1635637,39.71627494
大学城公园,风景名胜,公园广场,公园,于管营村南大街29号,北京市,北京市,房山区,116.1703902,39.71403998
大兴滨河森林公园,风景名胜,公园广场,公园,黄良路以北,北京市,北京市,大兴区,116.3040409,39.71449151
北京·富士友谊林,风景名胜,公园广场,植物园,义秀路与新源大街交叉口西北150米,北京市,北京市,大兴区,116.3114106,39.71690761
文化交流中心(黄徐路),风景名胜,风景名胜相关,旅游景点,海子角南路与黄徐路交叉口西50米,北京市,北京市,大兴区,116.3395075,39.71426077
刘一村公园,风景名胜,公园广场,公园,刘一村,北京市,北京市,大兴区,116.3685152,39.71650097
小铺头主题公园,风景名胜,公园广场,公园,南高路西150米,北京市,北京市,大兴区,116.4551972,39.71415496
小浦头教堂,风景名胜,风景名胜,教堂,创新大街2-2号附近,北京市,北京市,大兴区,116.4573164,39.71761063
牛坊教堂,风景名胜,风景名胜,风景名胜,长子营镇牛坊村东北端,北京市,北京市,大兴区,116.6166243,39.71691338
牛坊耶稣圣心堂,风景名胜,风景名胜,教堂,长子营镇丰禾巷北牛坊,北京市,北京市,大兴区,116.6228879,39.71408581
延芳广场,风景名胜,风景名胜相关,旅游景点,大果路与通房路交叉口西100米,北京市,北京市,通州区,116.7108799,39.7199104
永乐店清真寺,风景名胜,风景名胜,回教寺,永三村134号,北京市,北京市,通州区,116.77373,39.71159539
蒲洼自然保护区,风景名胜,风景名胜,风景名胜,涞宝路东50米,北京市,北京市,房山区,115.5527865,39.70299773
龙王庙,风景名胜,风景名胜,寺庙道观,红井路北200米,北京市,北京市,房山区,115.6086568,39.70411831
平顶山,风景名胜,风景名胜相关,旅游景点,十渡镇涞宝路六合庄景区,北京市,北京市,房山区,115.6156091,39.70576218
层间揉皱,风景名胜,风景名胜相关,旅游景点,十渡镇涞宝路六合庄景区,北京市,北京市,房山区,115.627311,39.70551652
叠层石,风景名胜,风景名胜相关,旅游景点,十渡镇涞宝路六合庄景区,北京市,北京市,房山区,115.6237539,39.7051582
玉虚宫,风景名胜,风景名胜相关,旅游景点,店乡黄山店村宝金山内,北京市,北京市,房山区,115.8252081,39.70823998
黄元寺北,风景名胜,风景名胜相关,旅游景点,新黄路与黄长路交叉口西北50米,北京市,北京市,房山区,115.8449415,39.70854528
山口文化广场,风景名胜,公园广场,城市广场,周口店镇山口村,北京市,北京市,房山区,115.9283533,39.70418887
中国房山岩地质公园(建设中),风景名胜,公园广场,公园,山官路附近,北京市,北京市,房山区,115.9485779,39.70563907
官地村,风景名胜,风景名胜相关,旅游景点,山官路南50米官地村村委会(山官路)附近,北京市,北京市,房山区,115.9436534,39.70299203
卧虎山生态森林公园,风景名胜,风景名胜,风景名胜,杏花东路附近,北京市,北京市,房山区,115.9624823,39.70227248
北关文体广场,风景名胜,公园广场,城市广场,北新路与燕房路交叉口东北50米,北京市,北京市,房山区,115.9786706,39.71074869
朝曦公园,风景名胜,公园广场,公园,柳林前街与燕房路交叉口西100米,北京市,北京市,房山区,115.9835891,39.70275914
温馨公园,风景名胜,公园广场,公园,马各庄北九号,北京市,北京市,房山区,116.0220562,39.70810527
乐毅墓,风景名胜,风景名胜,风景名胜,乐毅路与百花路交叉口东南50米,北京市,北京市,房山区,116.1370764,39.7107792
良香公园,风景名胜,公园广场,公园,白杨东路与白杨西路交叉口西南50米,北京市,北京市,房山区,116.1430698,39.70809324
关帝阁,风景名胜,风景名胜,风景名胜,黑鲁路北50米,北京市,北京市,房山区,116.1549421,39.70409464
观音故里-大锅菜(西山汇店),风景名胜,风景名胜,风景名胜,实业大街30号院1号楼,北京市,北京市,房山区,116.2080095,39.70301751
哈利路亚,风景名胜,风景名胜相关,旅游景点,黄村黄村镇周村中街21号附近,北京市,北京市,大兴区,116.285399,39.70509519
念坛公园,风景名胜,公园广场,公园,念坛村新源大街,北京市,北京市,大兴区,116.3069799,39.7041276
畅景园,风景名胜,风景名胜,风景名胜,留民营路西150米,北京市,北京市,大兴区,116.5663179,39.70622545
永乐广场,风景名胜,公园广场,城市广场,永乐大街2号,北京市,北京市,通州区,116.7901869,39.70537629
天主堂,风景名胜,风景名胜,教堂,340乡道南150米,北京市,北京市,通州区,116.844032,39.70530157
天缘圣境,风景名胜,风景名胜,风景名胜,,北京市,北京市,房山区,115.5219601,39.69771608
六合庄景区,风景名胜,风景名胜相关,旅游景点,十渡镇涞宝路十渡风景名胜区,北京市,北京市,房山区,115.6075989,39.70037658
药师寺,风景名胜,风景名胜,寺庙道观,宝涞路附近,北京市,北京市,房山区,115.8348959,39.69198916
周口店坡峰岭风景区,风景名胜,风景名胜,风景名胜,周口店镇黄山店村西北,北京市,北京市,房山区,115.8363578,39.69388051
黄山村坡峰岭秋枫亭,风景名胜,风景名胜相关,旅游景点,,北京市,北京市,房山区,115.8370804,39.69751226
北京醉石林,风景名胜,风景名胜,风景名胜,宝涞路北100米,北京市,北京市,房山区,115.83974,39.69595518
大金喜寺,风景名胜,风景名胜,风景名胜,周胜路,北京市,北京市,房山区,115.9052993,39.69978333
穆岩寺,风景名胜,风景名胜,风景名胜,周胜路,北京市,北京市,房山区,115.9110782,39.69848028
永寿禅寺,风景名胜,风景名胜,寺庙道观,周口店,北京市,北京市,房山区,115.9214984,39.69589302
牛口峪公园,风景名胜,公园广场,公园,牛口峪,北京市,北京市,房山区,115.9610982,39.69498418
北京迎宾公园,风景名胜,公园广场,公园,房山东大桥,北京市,北京市,房山区,115.9898581,39.69953862
北京市直机关林,风景名胜,风景名胜,风景名胜,黄良路南100米,北京市,北京市,大兴区,116.2317267,39.69354
永定纪念林,风景名胜,风景名胜,风景名胜,黄良路南100米,北京市,北京市,大兴区,116.2300992,39.6938172
北京市劳动模范世纪林,风景名胜,风景名胜,风景名胜,黄良路与316省道交叉口北200米,北京市,北京市,大兴区,116.2307325,39.69608717
红色主题公园,风景名胜,风景名胜相关,旅游景点,黄良路与黄良路北巷交叉口东50米,北京市,北京市,大兴区,116.2575612,39.69226898
大兴城市广场,风景名胜,公园广场,城市广场,文新南街与罗奇营路交叉口东北100米,北京市,北京市,大兴区,116.2906308,39.70009912
桂村人口文化广场,风景名胜,公园广场,城市广场,西红门,北京市,北京市,大兴区,116.3702574,39.69781571
动漫水世界,风景名胜,风景名胜相关,旅游景点,大回城街东100米,北京市,北京市,大兴区,116.5185293,39.694197
东辛屯民俗旅游村,风景名胜,风景名胜相关,旅游景点,青云店镇东辛屯,北京市,北京市,大兴区,116.5180385,39.69476856
留民营生态科普公园,风景名胜,风景名胜,省级景点,长子营镇留民营村留民营生态农场,北京市,北京市,大兴区,116.5687668,39.69790128
留民营村,风景名胜,风景名胜相关,旅游景点,长子营镇留民营村,北京市,北京市,大兴区,116.566604,39.69168789
北京留民营生态庄园,风景名胜,风景名胜,省级景点,长子营镇留民营生态农场内(留民营路),北京市,北京市,大兴区,116.5687793,39.69376391
权品生态庄园,风景名胜,风景名胜相关,旅游景点,留民营(近采摘园),北京市,北京市,大兴区,116.5666727,39.69494548
王老铺的三清洞,风景名胜,风景名胜相关,旅游景点,十渡镇涞宝路房山十渡风景名胜区,北京市,北京市,房山区,115.6645633,39.68253371
三清地下峡谷景区,风景名胜,风景名胜相关,旅游景点,十渡镇涞宝路十渡风景名胜区,北京市,北京市,房山区,115.6718705,39.68563619
周口店幽岚山景区,风景名胜,风景名胜,风景名胜,黄山店村,北京市,北京市,房山区,115.8543939,39.68838507
红螺三险,风景名胜,风景名胜相关,旅游景点,周口店镇黄山店村西北,北京市,北京市,房山区,115.851549,39.6877789
快活林,风景名胜,风景名胜相关,旅游景点,新黄路附近,北京市,北京市,房山区,115.8586754,39.68385883
周口店遗址(装修中),风景名胜,风景名胜,世界遗产,周口店大街1号中国房山世界地质公园周口店园区内,北京市,北京市,房山区,115.9225214,39.68706015
圣火广场,风景名胜,公园广场,城市广场,周口店大街1号周口店遗址内,北京市,北京市,房山区,115.928438,39.68928794
周口店遗址博物馆(暂停营业),科教文化服务,博物馆,博物馆|风景名胜,周口店周胜路,北京市,北京市,房山区,115.9309158,39.68634465
永乐园,风景名胜,风景名胜,风景名胜,京周路与兴房大街交叉口西100米,北京市,北京市,房山区,115.9787399,39.69049742
田各庄村文化广场,风景名胜,公园广场,城市广场,城管街道,北京市,北京市,房山区,116.0129043,39.68133404
健身公园,风景名胜,公园广场,公园,长沟镇西甘池村,北京市,北京市,房山区,116.2054965,39.68724068
生化园,风景名胜,公园广场,公园广场,天华大街与永兴路交叉口东100米,北京市,北京市,大兴区,116.3103163,39.68304558
基督教会前大营堂,风景名胜,风景名胜,教堂,黄村镇前大营村北街3号,北京市,北京市,大兴区,116.3643858,39.68576322
北京爱情海玫瑰园,风景名胜,风景名胜,风景名胜,魏善庄镇后查路88号,北京市,北京市,大兴区,116.43038,39.6888747
万亩次生林,风景名胜,公园广场,公园,长子营镇南部,北京市,北京市,大兴区,116.5900339,39.68391507
五福观光园,风景名胜,风景名胜相关,旅游景点,长西路,北京市,北京市,大兴区,116.6220633,39.69003426
解脱园放生池,风景名胜,风景名胜相关,旅游景点,西槐庄路,北京市,北京市,通州区,116.826687,39.69015569
东湖港大峡谷-七彩栈道,风景名胜,风景名胜,风景名胜,东湖港大峡谷,北京市,北京市,房山区,115.5193518,39.67985179
东湖港大峡谷-三瀑叠翠,风景名胜,风景名胜相关,旅游景点,十渡镇涞宝路东湖港景区三瀑叠翠,北京市,北京市,房山区,115.5201792,39.67680252
上方山国家森林公园-大悲庵,风景名胜,风景名胜,风景名胜,岳各路云水洞景区内,北京市,北京市,房山区,115.8096385,39.67471419
上方山国家森林公园,风景名胜,风景名胜,省级景点,韩村河镇圣水峪村旁边,北京市,北京市,房山区,115.8206162,39.67294376
周口店文化广场,风景名胜,公园广场,城市广场,周口店大街1号周口店遗址内,北京市,北京市,房山区,115.9402821,39.68052917
周口店人民公园,风景名胜,公园广场,公园,京周路与房易路交叉口西北150米,北京市,北京市,房山区,115.9398171,39.67958022
福鼎广场,风景名胜,风景名胜相关,旅游景点,企业街与房琉路交叉口西150米,北京市,北京市,房山区,115.9733827,39.67965174
北京提香高尔夫俱乐部,体育休闲服务,高尔夫相关,高尔夫球场|风景名胜,窦店锦绣路18号,北京市,北京市,房山区,116.0760281,39.67522374
科赛神龙药用珍稀植物生态保育园,风景名胜,公园广场,植物园,官道西大街8号,北京市,北京市,房山区,116.1356639,39.67931069
天一恒康,风景名胜,风景名胜相关,旅游景点,天荣大街与永旺路交叉口西南150米,北京市,北京市,大兴区,116.3046241,39.6790157
绿野基地,风景名胜,风景名胜相关,旅游景点,北臧村镇纬四路,北京市,北京市,大兴区,116.3168814,39.67677815
兴隆庄健身广场,风景名胜,公园广场,城市广场,兴东路与魏永路交叉口东南100米,北京市,北京市,大兴区,116.3850795,39.67181939
世界月季主题园,风景名胜,风景名胜,风景名胜,魏善庄镇魏北路与魏西路交叉口,北京市,北京市,大兴区,116.4141743,39.67219768
东湖港大峡谷,风景名胜,风景名胜,风景名胜,十大路,北京市,北京市,房山区,115.5242983,39.66742403
龙仙宫(暂停营业),风景名胜,风景名胜,风景名胜,张坊镇东关上村,北京市,北京市,房山区,115.7301466,39.66824367
红叶大峡谷(暂停营业),风景名胜,风景名胜,风景名胜,世界地质公园十渡园区二渡仙栖谷内,北京市,北京市,房山区,115.7554073,39.66230516
上方山国家森林公园-上方山云水洞,风景名胜,风景名胜相关,旅游景点,韩村河镇圣水峪村(上方山森林公园内),北京市,北京市,房山区,115.807674,39.66646204
北寨沟旅游风景区,风景名胜,风景名胜,风景名胜,上太湖路与圣下路交叉口南50米,北京市,北京市,房山区,115.8071365,39.6663141
云水洞索道,风景名胜,风景名胜,风景名胜,岳各庄,北京市,北京市,房山区,115.8074894,39.66673666
上方山国家森林公园-山神庙,风景名胜,风景名胜,风景名胜,韩村河镇圣水峪上方山国家森林公园内,北京市,北京市,房山区,115.8214539,39.67083967
南无地藏王菩萨,风景名胜,风景名胜,风景名胜,韩村河镇圣水峪上方山国家森林公园内,北京市,北京市,房山区,115.821099,39.6696872
五一民俗园,风景名胜,风景名胜相关,旅游景点,周口店娄子水村,北京市,北京市,房山区,115.9144521,39.6691843
双孝观音庵,风景名胜,风景名胜,风景名胜,,北京市,北京市,房山区,115.975057,39.6652973
中国版图教育公园,风景名胜,公园广场,公园,窦店人民公园(大窦路东80米),北京市,北京市,房山区,116.0639954,39.6626428
漫香亭,风景名胜,风景名胜相关,旅游景点,新源大街1号院靠近天宫院(地铁站),北京市,北京市,大兴区,116.314324,39.66944025
狼各庄清真寺,风景名胜,风景名胜,回教寺,同顺街与星顺路交叉口北50米,北京市,北京市,大兴区,116.3431303,39.67062192
清真礼拜寺,风景名胜,风景名胜,回教寺,黄村镇狼各庄同顺街29号,北京市,北京市,大兴区,116.3428758,39.67068536
兴隆寺公园,风景名胜,风景名胜,风景名胜,兴东路与魏石路交叉口西100米,北京市,北京市,大兴区,116.3933067,39.66647877
中华老字号王致和基地,风景名胜,风景名胜,风景名胜,青云店,北京市,北京市,大兴区,116.5435685,39.66720606
北京大兴采育镇万亩葡萄观光园,风景名胜,风景名胜相关,旅游景点,采育镇,北京市,北京市,大兴区,116.6180763,39.66476186
采育葡萄观光园,风景名胜,风景名胜,风景名胜,周神路,北京市,北京市,大兴区,116.6253411,39.66502129
采育公园,风景名胜,公园广场,公园,育胜街北50米,北京市,北京市,大兴区,116.6223152,39.6618736
蝴蝶来野艺术生态乐园,风景名胜,风景名胜相关,旅游景点|体育休闲服务,采育镇东庄村小荒8号,北京市,北京市,大兴区,116.6754263,39.66461882
西湖港奇潭峡谷风景区,风景名胜,风景名胜,风景名胜,十大路,北京市,北京市,房山区,115.4887384,39.65520792
西湖港奇潭峡谷风景区-云梯,风景名胜,风景名胜,风景名胜,世界地质公园十渡园区十七渡十渡仙西山风景区内,北京市,北京市,房山区,115.4959045,39.65258976
西湖港奇潭峡谷风景区-瀑玉,风景名胜,风景名胜,风景名胜,世界地质公园十渡园区十七渡十渡仙西山风景区内,北京市,北京市,房山区,115.4982437,39.65376952
西湖港奇潭峡谷风景区-野战大东沟,风景名胜,风景名胜,风景名胜,房山世界地质公园十渡园区十五渡,北京市,北京市,房山区,115.4979046,39.65961746
十渡仙西山风景区-观景亭,风景名胜,风景名胜,风景名胜,世界地质公园十渡园区十七渡十渡仙西山风景区内,北京市,北京市,房山区,115.4966264,39.65225098
西湖港奇潭峡谷风景区-孔雀大栅,风景名胜,风景名胜,风景名胜,世界地质公园十渡园区十七渡十渡仙西山风景区内,北京市,北京市,房山区,115.4979744,39.65580335
北京十渡国家地质公园界,风景名胜,风景名胜,风景名胜,十渡镇中国房山世界地质公园十渡园区内,北京市,北京市,房山区,115.4893934,39.65194646
西湖港奇潭峡谷风景区-观音庙,风景名胜,风景名胜,寺庙道观,世界地质公园十渡园区十七渡十渡仙西山风景区内,北京市,北京市,房山区,115.498857,39.65549903
十渡仙西山风景区-休息亭,风景名胜,风景名胜相关,旅游景点|生活服务,世界地质公园十渡园区十七渡十渡仙西山风景区内,北京市,北京市,房山区,115.4961393,39.65317436
西湖港奇潭峡谷风景区-悬梯,风景名胜,风景名胜,风景名胜,世界地质公园十渡园区十七渡十渡仙西山风景区内,北京市,北京市,房山区,115.4998431,39.65385626
西湖港奇潭峡谷风景区-会仙亭,风景名胜,风景名胜,风景名胜,世界地质公园十渡园区十七渡十渡仙西山风景区内,北京市,北京市,房山区,115.5001783,39.65554495
西湖港奇潭峡谷风景区-神会池,风景名胜,风景名胜,风景名胜,世界地质公园十渡园区十七渡十渡仙西山风景区内,北京市,北京市,房山区,115.4994202,39.65561368
西湖港奇潭峡谷风景区-访仙亭,风景名胜,风景名胜,风景名胜,世界地质公园十渡园区十七渡十渡仙西山风景区内,北京市,北京市,房山区,115.4991852,39.65589493
西湖港奇潭峡谷风景区-藏身崖,风景名胜,风景名胜相关,旅游景点,世界地质公园十渡园区十七渡十渡仙西山风景区内,北京市,北京市,房山区,115.5003681,39.65484263
西湖港奇潭峡谷风景区-心领,风景名胜,风景名胜,风景名胜,世界地质公园十渡园区十七渡十渡仙西山风景区内,北京市,北京市,房山区,115.5000066,39.65569541
十渡仙西山风景区,风景名胜,风景名胜,风景名胜,十渡镇平峪村大沙地西北向450米处,北京市,北京市,房山区,115.5002746,39.65575919
仙西山水洞寨,体育休闲服务,度假疗养场所,度假村|住宿服务,十七渡站北路1号仙西山景区,北京市,北京市,房山区,115.5000788,39.65614654
西湖港奇潭峡谷风景区-仙西山,风景名胜,风景名胜相关,旅游景点,十渡大沙地仙西山景区,北京市,北京市,房山区,115.5001833,39.65575292
东湖港大峡谷-十六渡,风景名胜,风景名胜,风景名胜,十大路西50米,北京市,北京市,房山区,115.5126449,39.65948256
东湖港大峡谷-十六渡桃渡夕照,风景名胜,风景名胜,风景名胜,十大路附近,北京市,北京市,房山区,115.5123809,39.65957979
东湖港大峡谷-瀑布,风景名胜,风景名胜,风景名胜,世界地质公园十渡园区十四渡平峪村彩虹不夜谷景区内,北京市,北京市,房山区,115.5339476,39.65661489
十渡爱梦缘婚庆文化广场,风景名胜,公园广场,城市广场,世界地质公园十渡园区十四渡平峪村彩虹不夜谷景区内,北京市,北京市,房山区,115.534421,39.65766881
彩虹不夜谷,风景名胜,公园广场,公园,房山世界地质公园十渡园区十四渡平峪村,北京市,北京市,房山区,115.5313669,39.65868736
十渡-久聚别墅-农家乐-风景区,风景名胜,风景名胜,风景名胜,十渡风景区,北京市,北京市,房山区,115.5431571,39.65402763
十四渡,风景名胜,风景名胜相关,旅游景点,世界地质公园十渡园区内,北京市,北京市,房山区,115.5393545,39.65710504
十四渡一障平天,风景名胜,风景名胜相关,旅游景点,十大路南50米,北京市,北京市,房山区,115.5393746,39.65712608
浑水摸鱼,风景名胜,风景名胜相关,旅游景点,世界地质公园十渡园区十四渡北京十渡龙湖湾风景区内,北京市,北京市,房山区,115.5442623,39.65406986
十渡欢乐源景区,风景名胜,风景名胜,风景名胜,十大路东100米,北京市,北京市,房山区,115.5423959,39.65391408
北京十渡龙湖湾风景区,风景名胜,风景名胜,风景名胜,十大路东100米,北京市,北京市,房山区,115.5423769,39.65388705
蝙蝠山,风景名胜,风景名胜相关,旅游景点,十渡镇涞宝路房山十渡风景名胜区,北京市,北京市,房山区,115.595707,39.65308347
仙栖洞,风景名胜,风景名胜,省级景点,张坊镇东关上村,北京市,北京市,房山区,115.7429454,39.65827262
五星峡(暂停营业),风景名胜,风景名胜,风景名胜,化唐沟路东50米,北京市,北京市,房山区,115.7582314,39.66077275
大什锦塔,风景名胜,风景名胜,风景名胜,云居寺路,北京市,北京市,房山区,115.7599995,39.65240522
腾飞文化园,风景名胜,风景名胜,风景名胜,周口店新街原水泥厂,北京市,北京市,房山区,115.9251876,39.65291556
清真寺,风景名胜,风景名胜,回教寺,新街路南50米,北京市,北京市,房山区,115.9354201,39.65635424
护国香光寺,风景名胜,风景名胜,寺庙道观,大韩继村,北京市,北京市,房山区,115.9421064,39.65593977
石楼镇文体广场,风景名胜,公园广场,城市广场,石楼,北京市,北京市,房山区,115.9749644,39.65670109
窦店影视基地,风景名胜,风景名胜,风景名胜,G4京港澳高速西200米,北京市,北京市,房山区,116.0685171,39.65210745
德胜兴庄园,风景名胜,风景名胜相关,旅游景点,世界名园北边,北京市,北京市,房山区,116.0617603,39.65312842
西场公园,风景名胜,公园广场,公园,双西路7号,北京市,北京市,房山区,116.1880256,39.65172841
彩之丘庄园,风景名胜,风景名胜相关,旅游景点,长阳镇公议庄村889号,北京市,北京市,房山区,116.198865,39.65671762
东方骑士乐园,风景名胜,风景名胜,风景名胜,北藏村镇纬四路东方世纪骑士度假村,北京市,北京市,大兴区,116.2339059,39.65777474
呀路古热带植物园·恐龙馆,风景名胜,公园广场,植物园,104国道朱庄北口东行200米路北,北京市,北京市,大兴区,116.5881353,39.65683443
呀路古热带植物园,风景名胜,公园广场,植物园,104国道朱庄北口东行200米路北,北京市,北京市,大兴区,116.5882463,39.65671547
采育文化广场,风景名胜,公园广场,城市广场,采华路与采辛路交叉口东100米,北京市,北京市,大兴区,116.6247366,39.65436096
南辛店娘娘庙遗址,风景名胜,风景名胜,风景名胜,西东路与辛店路交叉口北100米,北京市,北京市,大兴区,116.6636992,39.65973714
西湖港奇潭峡谷风景区-十七渡,风景名胜,风景名胜,风景名胜,世界地质公园十渡园区内,北京市,北京市,房山区,115.5086076,39.64865095
房山拒马河水生野生动物自然保护区,风景名胜,风景名胜,风景名胜,世界地质公园十渡园区十七渡五行山峙内,北京市,北京市,房山区,115.5061246,39.65027943
十七渡五行山峙,风景名胜,风景名胜相关,旅游景点,十大路北50米,北京市,北京市,房山区,115.5085985,39.6487459
十三渡花海,风景名胜,风景名胜,风景名胜,世界地质公园十渡园区十三渡内,北京市,北京市,房山区,115.5430384,39.64921327
十三渡,风景名胜,风景名胜,风景名胜,世界地质公园十渡园区内,北京市,北京市,房山区,115.5460615,39.64372934
十渡镇体育健身公园,体育休闲服务,运动场馆,户外健身场所|风景名胜,十大路东50米,北京市,北京市,房山区,115.5457716,39.64443064
十三渡孤帆远影,风景名胜,风景名胜相关,旅游景点,十大路东50米,北京市,北京市,房山区,115.5460655,39.64370435
释迦牟尼洞,风景名胜,风景名胜相关,旅游景点,十渡镇中国房山世界地质公园十渡园区西河村景区内,北京市,北京市,房山区,115.5576481,39.64222155
西河村景区-流水养鱼区,风景名胜,风景名胜相关,旅游景点,世界地质公园十渡园区西河村景区内,北京市,北京市,房山区,115.5646828,39.64407562
花果山景区-七渡花果山,风景名胜,风景名胜相关,旅游景点,世界地质公园七渡花果山风景区,北京市,北京市,房山区,115.603025,39.6438387
花果山景区-华北第一水车,风景名胜,风景名胜,风景名胜,世界地质公园十渡园区七渡村七渡花果山景区内,北京市,北京市,房山区,115.603079,39.6437057
花果山景区-水帘洞,风景名胜,风景名胜,风景名胜,世界地质公园十渡园区七渡村七渡花果山景区内,北京市,北京市,房山区,115.6029371,39.64316887
花果山景区-八渡鹭飞苍崕,风景名胜,风景名胜相关,旅游景点,涞宝路十渡风景区,北京市,北京市,房山区,115.6029651,39.64270295
花果山景区-天寿山景区,风景名胜,风景名胜,风景名胜,涞宝路106号附近,北京市,北京市,房山区,115.6035659,39.64277863
花果山景区-猕猴表演场,风景名胜,风景名胜相关,旅游景点,十渡镇房山世界地质公园十渡园区七渡村七渡花果山景区内,北京市,北京市,房山区,115.602919,39.64343983
花果山景区-七渡漂流,风景名胜,风景名胜,风景名胜,世界地质公园十渡园区七渡村七渡花果山景区内,北京市,北京市,房山区,115.602255,39.64515482
花果山景区-葡萄园山庄,风景名胜,风景名胜相关,旅游景点,十渡,北京市,北京市,房山区,115.6036416,39.64455725
花果山景区,风景名胜,风景名胜,风景名胜,涞宝路十渡风景区,北京市,北京市,房山区,115.6095259,39.642005
九脸画山,风景名胜,风景名胜相关,旅游景点,十渡镇涞宝路十渡风景名胜区九脸画山,北京市,北京市,房山区,115.6125976,39.64972206
七渡背斜,风景名胜,风景名胜,风景名胜,九渡村涞宝路北京十渡风景名胜区内,北京市,北京市,房山区,115.6194836,39.64380636
七渡褶皱,风景名胜,风景名胜相关,旅游景点,十渡镇涞宝路十渡风景名胜区七渡褶皱,北京市,北京市,房山区,115.6209579,39.64392367
周吉祥塔,风景名胜,风景名胜,风景名胜,上方山下孤山口村,北京市,北京市,房山区,115.8578967,39.64171312
窦店土城遗址,风景名胜,风景名胜,风景名胜,,北京市,北京市,房山区,116.0435147,39.64196708
库尔广场,风景名胜,公园广场,公园广场,大窦路东150米,北京市,北京市,房山区,116.062248,39.64286568
富恒农业观光园,风景名胜,风景名胜相关,旅游景点,窦店镇交道一街,北京市,北京市,房山区,116.1179535,39.6420165
富恒观光园,风景名胜,风景名胜,风景名胜,交道一街,北京市,北京市,房山区,116.1206094,39.64194933
河口村文体广场,风景名胜,公园广场,城市广场,窦店镇,北京市,北京市,房山区,116.1640613,39.65083518
北京房山区金沙植物园,风景名胜,公园广场,植物园,右堤路附近,北京市,北京市,房山区,116.2037836,39.64190628
孔雀园,风景名胜,风景名胜相关,旅游景点,西刘路京台项目管理处西北侧,北京市,北京市,大兴区,116.4123948,39.6454631
大兴区采育镇生态休闲公园,风景名胜,公园广场,公园,福源路与采源路交叉口东南100米,北京市,北京市,大兴区,116.6332266,39.64773238
星月湖,风景名胜,风景名胜相关,旅游景点,采育镇彩伟路8号,北京市,北京市,大兴区,116.6625148,39.64924633
杨树林,风景名胜,风景名胜,风景名胜,世界地质公园十渡园区十三渡盛仪庄景区内,北京市,北京市,房山区,115.5448846,39.6407396
十三渡亭子,风景名胜,风景名胜相关,旅游景点,十大路东50米,北京市,北京市,房山区,115.5457439,39.64133818
盛仪庄景区,风景名胜,风景名胜,风景名胜,十渡镇北石门村十渡风景旅游区,北京市,北京市,房山区,115.5447783,39.64102133
氧吧树林休闲区,风景名胜,风景名胜相关,旅游景点,世界地质公园十渡园区十三渡盛仪庄景区内,北京市,北京市,房山区,115.5452376,39.64066731
石门锁荫,风景名胜,风景名胜相关,旅游景点,十渡镇涞宝路仙龙岛景区石门锁荫,北京市,北京市,房山区,115.5465024,39.63864217
离堆山,风景名胜,风景名胜相关,旅游景点,十渡镇涞宝路仙龙岛景区离堆山,北京市,北京市,房山区,115.541429,39.63893688
仙龙岛A,风景名胜,风景名胜,风景名胜,十大路西50米,北京市,北京市,房山区,115.5539571,39.6395063
仙龙岛,风景名胜,风景名胜,风景名胜,十大路西50米,北京市,北京市,房山区,115.5503607,39.63655673
十二渡,风景名胜,风景名胜,风景名胜,十大路西50米,北京市,北京市,房山区,115.5539942,39.63959134
西河村景区,风景名胜,风景名胜,风景名胜,十渡镇中国房山世界地质公园十渡园区内,北京市,北京市,房山区,115.5687648,39.63405906
十渡西庄村,风景名胜,风景名胜,风景名胜,西庄村'腾龙仙苑'旅游度假风景区(原十渡民俗风情苑)内,北京市,北京市,房山区,115.5788595,39.63559869
十渡高山漂流玻璃栈道,风景名胜,风景名胜,风景名胜,十渡镇西庄村,北京市,北京市,房山区,115.5787604,39.63564663
乐佛山风光赋,风景名胜,风景名胜,风景名胜,世界地质公园十渡园区十一渡乐佛山景区内,北京市,北京市,房山区,115.5728209,39.63270007
绿水湾,风景名胜,风景名胜,风景名胜,世界地质公园十渡园区十一渡乐佛山景区内,北京市,北京市,房山区,115.5728839,39.63268312
迎宾瀑,风景名胜,风景名胜,风景名胜,世界地质公园十渡园区十一渡乐佛寺内,北京市,北京市,房山区,115.5694982,39.63224115
托塔罗汉,风景名胜,风景名胜,风景名胜,世界地质公园十渡园区十一渡乐佛寺内,北京市,北京市,房山区,115.5698757,39.6323085
举钵罗汉,风景名胜,风景名胜,风景名胜,世界地质公园十渡园区十一渡乐佛寺内,北京市,北京市,房山区,115.5697145,39.6325553
善佛缘,风景名胜,风景名胜相关,旅游景点,世界地质公园十渡园区十一渡乐佛山景区内,北京市,北京市,房山区,115.5711327,39.63153783
普渡桥,风景名胜,风景名胜,风景名胜,世界地质公园十渡园区十一渡乐佛山景区内,北京市,北京市,房山区,115.5711557,39.63150286
半月潭,风景名胜,风景名胜相关,旅游景点,世界地质公园十渡园区十一渡乐佛山景区内,北京市,北京市,房山区,115.5711036,39.63146682
观音,风景名胜,风景名胜,风景名胜,世界地质公园十渡园区十一渡乐佛寺内,北京市,北京市,房山区,115.5695262,39.63280207
柳经龙溪,风景名胜,风景名胜,风景名胜,世界地质公园十渡园区十一渡乐佛寺内,北京市,北京市,房山区,115.570027,39.63224066
大横石,风景名胜,风景名胜,风景名胜,世界地质公园十渡园区十一渡乐佛山景区内,北京市,北京市,房山区,115.5711116,39.63155681
过江罗汉,风景名胜,风景名胜,风景名胜,世界地质公园十渡园区十一渡乐佛寺内,北京市,北京市,房山区,115.5703755,39.63178308
十一渡碧塔溪暎,风景名胜,风景名胜,风景名胜,世界地质公园十渡园区十一渡内,北京市,北京市,房山区,115.5737641,39.63282481
天河谷景区,风景名胜,风景名胜,风景名胜,十渡镇西庄村'腾龙仙苑'旅游度假风景区,北京市,北京市,房山区,115.5790485,39.63676257
十渡誓言玻璃栈道,风景名胜,风景名胜相关,旅游景点,十渡镇西庄村'腾龙-仙苑'旅游度假风景区(原十渡民俗风情苑)内,北京市,北京市,房山区,115.5788895,39.63556871
十渡民俗风情苑,风景名胜,风景名胜,风景名胜,十渡镇西庄村腾龙仙苑旅游度假风景区内,北京市,北京市,房山区,115.5788595,39.63560369
北京十渡老A兵团超越游乐园,风景名胜,风景名胜相关,旅游景点,十渡镇西庄村村南500米,北京市,北京市,房山区,115.5764914,39.63267782
十一渡,风景名胜,风景名胜相关,旅游景点,十大路南50米,北京市,北京市,房山区,115.5736629,39.63290371
平西抗日战争纪念馆,风景名胜,风景名胜,纪念馆,保涞街十渡镇,北京市,北京市,房山区,115.5823763,39.63783894
房山十渡风景名胜区-世界地质公园,风景名胜,公园广场,公园,十渡镇九渡村,北京市,北京市,房山区,115.5885426,39.63382237
达摩洞,风景名胜,风景名胜相关,旅游景点,九渡大街15号翠竹桥苑内,北京市,北京市,房山区,115.5890635,39.63617296
房山十渡风景名胜区-千年观音洞,风景名胜,风景名胜,风景名胜,九渡大街15号翠竹桥苑内,北京市,北京市,房山区,115.5890526,39.635985
十渡拒马乐园索道,风景名胜,风景名胜相关,旅游景点,世界地质公园十渡园区九渡十渡拒马乐园内,北京市,北京市,房山区,115.5884566,39.63355741
九渡民俗村,风景名胜,风景名胜,风景名胜,万井潭路与涞宝路交叉口西北200米,北京市,北京市,房山区,115.5880316,39.63172972
房山十渡风景名胜区-翠竹桥苑,风景名胜,风景名胜相关,旅游景点,十渡旅游区九渡村内,北京市,北京市,房山区,115.5871038,39.63497791
平西抗日烈士陵园,风景名胜,风景名胜,纪念馆,保涞街十渡镇十渡村,北京市,北京市,房山区,115.581818,39.63725983
十渡自然风景区-索道,风景名胜,风景名胜,风景名胜,涞宝路,北京市,北京市,房山区,115.5885257,39.6331695
十渡天河谷玻璃栈道,风景名胜,风景名胜相关,旅游景点,十渡镇西庄路口8号平息抗日纪念馆左转400米十渡民俗风情苑内,北京市,北京市,房山区,115.5791738,39.63563086
十渡聚龙湾景区,风景名胜,风景名胜相关,旅游景点,涞宝路与017县道交叉口东北100米,北京市,北京市,房山区,115.5868246,39.63559873
房山十渡风景名胜区-变脸石,风景名胜,风景名胜相关,旅游景点,十渡镇涞宝路房山十渡风景名胜区,北京市,北京市,房山区,115.5879322,39.63466611
九渡民俗旅游村,风景名胜,风景名胜相关,旅游景点,十渡镇九渡村,北京市,北京市,房山区,115.5879366,39.63180769
房山十渡风景名胜区,风景名胜,风景名胜,省级景点,十渡镇九渡村涞宝路,北京市,北京市,房山区,115.5937147,39.63727375
北京房山拒马河水生野生动物自然保护区,风景名胜,风景名胜,风景名胜,世界地质公园十渡园区九渡十渡拒马乐园内,北京市,北京市,房山区,115.6018604,39.63496997
天禄山风景区,风景名胜,风景名胜,风景名胜,十渡国家地质公园八渡村,北京市,北京市,房山区,115.602102,39.63766933
戏水池,风景名胜,风景名胜相关,旅游景点,十渡镇八渡大街8号天禄山水上乐园内,北京市,北京市,房山区,115.602066,39.6378963
十渡漂流终点,风景名胜,风景名胜相关,旅游景点,十渡镇八渡大街8号天禄山水上乐园内,北京市,北京市,房山区,115.6028082,39.63452062
十渡风景名胜区八渡高山漂流,体育休闲服务,休闲场所,水上活动中心|风景名胜,十渡镇八渡河下,北京市,北京市,房山区,115.601878,39.63850127
孤山寨-一线天,风景名胜,风景名胜,风景名胜,世界地质公园十渡园区七渡村孤山寨自然风景区内,北京市,北京市,房山区,115.6120881,39.63245583
孤山寨-千层岩,风景名胜,风景名胜,风景名胜,世界地质公园十渡园区七渡村孤山寨自然风景区内,北京市,北京市,房山区,115.6121083,39.63140402
孤山寨-小孤峰,风景名胜,风景名胜,风景名胜,世界地质公园十渡园区七渡村孤山寨自然风景区内,北京市,北京市,房山区,115.6138406,39.63328012
孤山寨-悬石,风景名胜,风景名胜,风景名胜,世界地质公园十渡园区七渡村孤山寨自然风景区内,北京市,北京市,房山区,115.6125039,39.63177261
孤山寨-裙边,风景名胜,风景名胜,风景名胜,世界地质公园十渡园区七渡村孤山寨自然风景区内,北京市,北京市,房山区,115.6121802,39.63174389
孤山寨-峰林和峰丛,风景名胜,风景名胜,风景名胜,世界地质公园十渡园区七渡村孤山寨自然风景区内,北京市,北京市,房山区,115.6146579,39.63316639
孤山寨-三烈士墓,风景名胜,风景名胜,风景名胜,世界地质公园十渡园区七渡村孤山寨自然风景区内,北京市,北京市,房山区,115.6180517,39.63174628
孤山寨-石香肠,风景名胜,风景名胜,风景名胜,世界地质公园十渡园区七渡村孤山寨自然风景区内,北京市,北京市,房山区,115.6136589,39.6321945
孤山寨-千年古藤,风景名胜,风景名胜,风景名胜,世界地质公园十渡园区七渡村孤山寨自然风景区内,北京市,北京市,房山区,115.6107722,39.63173706
孤山寨-石中石,风景名胜,风景名胜,风景名胜,世界地质公园十渡园区七渡村孤山寨自然风景区内,北京市,北京市,房山区,115.6155911,39.63202572
孤山寨-峰丛,风景名胜,风景名胜,风景名胜,世界地质公园十渡园区七渡村内,北京市,北京市,房山区,115.6185182,39.63181876
孤山寨-燧石条带白云岩,风景名胜,风景名胜,风景名胜,世界地质公园十渡园区七渡村内,北京市,北京市,房山区,115.6187349,39.63178953
孤山寨-千古河床,风景名胜,风景名胜,风景名胜,世界地质公园十渡园区七渡村内,北京市,北京市,房山区,115.6137408,39.63218043
孤山寨-吊桥,风景名胜,风景名胜相关,旅游景点,十渡镇中国房山世界地质公园十渡园区七渡村孤山寨自然风景区内,北京市,北京市,房山区,115.6233938,39.63681013
孤山寨-浮桥,风景名胜,风景名胜,风景名胜,十渡镇房山世界地质公园十渡园区七渡村孤山寨自然风景区内,北京市,北京市,房山区,115.6232769,39.6372012
孤山寨-九龙抱石,风景名胜,风景名胜,风景名胜,世界地质公园十渡园区七渡村孤山寨自然风景区内,北京市,北京市,房山区,115.6192112,39.63316974
孤山寨-风暴岩,风景名胜,风景名胜,风景名胜,世界地质公园十渡园区七渡村内,北京市,北京市,房山区,115.6202539,39.63413438
孤山寨-水滑山高,风景名胜,风景名胜,风景名胜,世界地质公园十渡园区七渡村孤山寨自然风景区内,北京市,北京市,房山区,115.6221785,39.63524892
十渡孤山寨大峡谷瀑布群,风景名胜,风景名胜相关,旅游景点,十渡风景名胜区七渡村南,北京市,北京市,房山区,115.6211976,39.63603092
孤山寨-斗牛,风景名胜,风景名胜相关,旅游景点,十渡镇中国房山世界地质公园十渡园区七渡村孤山寨自然风景区内,北京市,北京市,房山区,115.6222234,39.63544682
仙峰谷-六渡,风景名胜,风景名胜相关,旅游景点,世界地质公园十渡园区内,北京市,北京市,房山区,115.6373434,39.63727407
仙峰谷-六渡金滩日沐,风景名胜,风景名胜,风景名胜,涞宝路十渡风景区,北京市,北京市,房山区,115.6373694,39.63721304
仙峰谷,风景名胜,风景名胜,风景名胜,张坊,北京市,北京市,房山区,115.6460396,39.63455289
应公长老寿塔,风景名胜,风景名胜,风景名胜,岳各庄乡天开村北(岳圣路旁边),北京市,北京市,房山区,115.8769501,39.63363844
天开花海,风景名胜,风景名胜相关,旅游景点,韩村河镇天开村,北京市,北京市,房山区,115.875437,39.63189159
芦村念佛堂,风景名胜,风景名胜,寺庙道观,芦村河西庄子39号,北京市,北京市,房山区,116.0238755,39.63789805
忠台广场,风景名胜,公园广场,城市广场,窦店镇三仁农林电商产业园北,北京市,北京市,房山区,116.0581117,39.6344892
窦店公园,风景名胜,公园广场,公园,大窦路,北京市,北京市,房山区,116.0647394,39.64050995
窦店清真寺,风景名胜,风景名胜,回教寺,窦店镇大窦路(库尔家星级宾馆南50米),北京市,北京市,房山区,116.0595643,39.6367566
寅明程-田园风光,风景名胜,风景名胜相关,旅游景点,良常路东100米,北京市,北京市,房山区,116.1410887,39.63632794
庞各庄众美公园,风景名胜,公园广场,公园,幸福路与G45大广高速交叉口西南50米,北京市,北京市,大兴区,116.3184184,39.63197037
盘龙翠谷魔幻冰雕亲子乐园,风景名胜,风景名胜相关,旅游景点,庞各庄桥向东2000米路北,北京市,北京市,大兴区,116.3424811,39.6349936
北京兴安马建阳民俗旅游服务部,风景名胜,风景名胜,风景名胜,前安定村银杏路西十二条201号,北京市,北京市,大兴区,116.5023445,39.64022884
御林古桑园(暂停营业),风景名胜,公园广场,植物园,安采路路南,北京市,北京市,大兴区,116.5389667,39.63320461
朱庄公园,风景名胜,风景名胜相关,旅游景点,马朱路东50米,北京市,北京市,大兴区,116.5784348,39.6402929
五台小镇观光园,风景名胜,风景名胜,风景名胜,安采路南150米,北京市,北京市,大兴区,116.5955071,39.63513051
应天乐园,风景名胜,公园广场,公园,永乐店镇应寺村,北京市,北京市,通州区,116.7411816,39.63605251
通卅运河大公园,风景名胜,公园广场,公园,,北京市,北京市,通州区,116.7657023,39.63939199
天池山风景区-吊桥,风景名胜,风景名胜,风景名胜,世界地质公园十渡园区十一渡天池山风景区内,北京市,北京市,房山区,115.551854,39.62418984
天池山风景区-乐佛寺,风景名胜,风景名胜,寺庙道观,十渡镇十一渡口,北京市,北京市,房山区,115.5729005,39.62850198
天池山风景区-月潭,风景名胜,风景名胜,风景名胜,世界地质公园十渡园区十一渡乐佛山景区内,北京市,北京市,房山区,115.573743,39.6249374
天池山风景区-乐佛山景区,风景名胜,风景名胜,风景名胜,十渡镇十一渡口,北京市,北京市,房山区,115.5728915,39.62841799
天池山风景区-平安菩萨殿,风景名胜,风景名胜,风景名胜,世界地质公园十渡园区十一渡乐佛山景区乐佛寺内,北京市,北京市,房山区,115.5734743,39.62751065
天池山风景区-千层岩书,风景名胜,风景名胜,风景名胜,世界地质公园十渡园区十一渡乐佛山景区内,北京市,北京市,房山区,115.5739602,39.62599835
天池山风景区-飞龙瀑,风景名胜,风景名胜,风景名胜,世界地质公园十渡园区十一渡乐佛山景区内,北京市,北京市,房山区,115.5737791,39.62483445
天池山风景区-象虎石,风景名胜,风景名胜,风景名胜,世界地质公园十渡园区十一渡乐佛山景区内,北京市,北京市,房山区,115.5742647,39.6244459
普贤菩萨,风景名胜,风景名胜,风景名胜,十渡镇中国房山世界地质公园十渡园区十一渡乐佛寺内,北京市,北京市,房山区,115.5725758,39.63058029
文殊菩萨,风景名胜,风景名胜,风景名胜,十渡镇中国房山世界地质公园十渡园区十一渡乐佛寺内,北京市,北京市,房山区,115.5725948,39.63055931
天池山风景区-笑口常开,风景名胜,风景名胜,风景名胜,世界地质公园十渡园区十一渡乐佛山景区内,北京市,北京市,房山区,115.5749789,39.62231988
天池山风景区-莲峰山,风景名胜,风景名胜,风景名胜,世界地质公园十渡园区十一渡乐佛山景区内,北京市,北京市,房山区,115.5737219,39.6253383
天池山风景区-狮头远眺,风景名胜,风景名胜,风景名胜,世界地质公园十渡园区十一渡乐佛山景区内,北京市,北京市,房山区,115.575016,39.621888
天池山风景区-日潭,风景名胜,风景名胜,风景名胜,世界地质公园十渡园区十一渡乐佛山景区内,北京市,北京市,房山区,115.5746294,39.62298049
同圆藻化石,风景名胜,风景名胜,风景名胜,乐佛山景区内,北京市,北京市,房山区,115.5741542,39.62784912
天池山风景区-满天星石,风景名胜,风景名胜,风景名胜,世界地质公园十渡园区十一渡乐佛山景区内,北京市,北京市,房山区,115.5737229,39.62539428
天池山风景区-拜子亭,风景名胜,风景名胜,风景名胜,世界地质公园十渡园区十一渡乐佛山景区内,北京市,北京市,房山区,115.5737548,39.62692699
天池山风景区-飞龙潭,风景名胜,风景名胜,风景名胜,世界地质公园十渡园区十一渡乐佛山景区内,北京市,北京市,房山区,115.5737971,39.62482046
天池山风景区-寿星石,风景名胜,风景名胜,风景名胜,世界地质公园十渡园区十一渡乐佛山景区内,北京市,北京市,房山区,115.5746293,39.62312546
天池山风景区-凝聚,风景名胜,风景名胜,风景名胜,世界地质公园十渡园区十一渡乐佛山景区内,北京市,北京市,房山区,115.573728,39.62496438
天池山风景区-翘首,风景名胜,风景名胜,风景名胜,世界地质公园十渡园区十一渡乐佛山景区内,北京市,北京市,房山区,115.5746563,39.62351539
天池山风景区-斋堂,风景名胜,风景名胜,风景名胜,世界地质公园十渡园区十一渡乐佛山景区乐佛寺内,北京市,北京市,房山区,115.5734743,39.62790657
步云梯,风景名胜,风景名胜,风景名胜,世界地质公园十渡园区十一渡乐佛寺内,北京市,北京市,房山区,115.5725698,39.63044331
天池山风景区-峭壁奇柏,风景名胜,风景名胜,风景名胜,世界地质公园十渡园区十一渡乐佛山景区内,北京市,北京市,房山区,115.5747905,39.62352549
天池山风景区-连溪瀑,风景名胜,风景名胜,风景名胜,世界地质公园十渡园区十一渡乐佛山景区内,北京市,北京市,房山区,115.5746384,39.62249459
天池山风景区-福禄寿,风景名胜,风景名胜,风景名胜,世界地质公园十渡园区十一渡乐佛山景区内,北京市,北京市,房山区,115.573842,39.6262672
天池山风景区-海龟潭,风景名胜,风景名胜,风景名胜,世界地质公园十渡园区十一渡乐佛山景区内,北京市,北京市,房山区,115.5737339,39.62601517
天池山风景区-如来,风景名胜,风景名胜,风景名胜,世界地质公园十渡园区十一渡乐佛山景区内,北京市,北京市,房山区,115.575407,39.62554252
天池山风景区-千佛,风景名胜,风景名胜,风景名胜,世界地质公园十渡园区十一渡乐佛山景区内,北京市,北京市,房山区,115.5753889,39.62584845
天池山风景区-响云亭,风景名胜,风景名胜,风景名胜,世界地质公园十渡园区十一渡乐佛山景区内,北京市,北京市,房山区,115.5747089,39.62737064
天池山风景区-猴子,风景名胜,风景名胜,风景名胜,世界地质公园十渡园区十一渡乐佛山景区内,北京市,北京市,房山区,115.5738199,39.62622419
天池山风景区-星潭,风景名胜,风景名胜,风景名胜,世界地质公园十渡园区十一渡乐佛山景区内,北京市,北京市,房山区,115.5736358,39.62519226
长眉罗汉,风景名胜,风景名胜,风景名胜,十渡镇中国房山世界地质公园十渡园区十一渡乐佛寺内,北京市,北京市,房山区,115.5722755,39.62995716
天池山风景区-姐妹亭,风景名胜,风景名胜,风景名胜,世界地质公园十渡园区十一渡乐佛山景区内,北京市,北京市,房山区,115.573762,39.62486243
天池山风景区-悟水桥,风景名胜,风景名胜,风景名胜,世界地质公园十渡园区十一渡乐佛山景区内,北京市,北京市,房山区,115.5741452,39.62731522
天池山风景区-溪跃石门,风景名胜,风景名胜,风景名胜,世界地质公园十渡园区十一渡乐佛山景区内,北京市,北京市,房山区,115.5747364,39.62381639
天池山风景区-古桑新椿,风景名胜,风景名胜,风景名胜,世界地质公园十渡园区十一渡乐佛山景区内,北京市,北京市,房山区,115.5745752,39.62407522
天池山风景区-泉台知音,风景名胜,风景名胜,风景名胜,世界地质公园十渡园区十一渡乐佛山景区内,北京市,北京市,房山区,115.5746564,39.62304249
天池山风景区-菩萨群,风景名胜,风景名胜,风景名胜,世界地质公园十渡园区十一渡乐佛山景区内,北京市,北京市,房山区,115.5751477,39.62543436
天池山风景区-香炉,风景名胜,风景名胜,风景名胜,世界地质公园十渡园区十一渡乐佛山景区乐佛寺内,北京市,北京市,房山区,115.5734282,39.62788154
长寿石,风景名胜,风景名胜,风景名胜,世界地质公园十渡园区十一渡乐佛山景区内,北京市,北京市,房山区,115.5741722,39.62780614
天池山风景区-骆驼峰,风景名胜,风景名胜,风景名胜,十渡镇房山世界地质公园十渡园区十一渡乐佛寺内,北京市,北京市,房山区,115.5738406,39.62900364
天池山风景区-鸳鸯潭,风景名胜,风景名胜,风景名胜,世界地质公园十渡园区十一渡乐佛山景区内,北京市,北京市,房山区,115.5746473,39.62364036
天池山风景区-智远石,风景名胜,风景名胜,风景名胜,世界地质公园十渡园区十一渡乐佛山景区内,北京市,北京市,房山区,115.5736088,39.6253862
天池山风景区-圣洁石,风景名胜,风景名胜,风景名胜,世界地质公园十渡园区十一渡乐佛山景区内,北京市,北京市,房山区,115.5736088,39.6253522
天池山风景区-虚怀若谷,风景名胜,风景名胜,风景名胜,世界地质公园十渡园区十一渡乐佛山景区内,北京市,北京市,房山区,115.5746294,39.62254158
天池山风景区-济公神游,风景名胜,风景名胜,风景名胜,世界地质公园十渡园区十一渡乐佛山景区内,北京市,北京市,房山区,115.5745491,39.6240752
天池山风景区-乐佛寺山门,风景名胜,风景名胜,风景名胜,世界地质公园十渡园区十一渡乐佛山景区乐佛寺内,北京市,北京市,房山区,115.5734413,39.62795453
天池山风景区-长寿泉记,风景名胜,风景名胜,风景名胜,世界地质公园十渡园区十一渡乐佛山景区内,北京市,北京市,房山区,115.5746654,39.62330844
天池山风景区-壁虎栖石,风景名胜,风景名胜,风景名胜,世界地质公园十渡园区十一渡乐佛山景区内,北京市,北京市,房山区,115.5748357,39.62245575
天池山风景区-七夕桥,风景名胜,风景名胜,风景名胜,世界地质公园十渡园区十一渡乐佛山景区内,北京市,北京市,房山区,115.5737429,39.62584721
天池山风景区-天王殿,风景名胜,风景名胜相关,旅游景点,世界地质公园十渡园区十一渡乐佛山景区内,北京市,北京市,房山区,115.575415,39.62533857
天池山风景区-阿难苦修洞,风景名胜,风景名胜,风景名胜,世界地质公园十渡园区十一渡乐佛山景区内,北京市,北京市,房山区,115.57506,39.62207799
天池山风景区-望佛亭,风景名胜,风景名胜,风景名胜,世界地质公园十渡园区十一渡乐佛山景区乐佛寺内,北京市,北京市,房山区,115.5735054,39.62703877
天池山风景区-关公像,风景名胜,风景名胜,风景名胜,世界地质公园十渡园区十一渡乐佛山景区内,北京市,北京市,房山区,115.5738219,39.62645814
天池山风景区-回音亭,风景名胜,风景名胜相关,旅游景点,十渡镇中国房山世界地质公园十渡园区十一渡乐佛寺内,北京市,北京市,房山区,115.5729734,39.6296908
天池山风景区-剑穿石,风景名胜,风景名胜,风景名胜,世界地质公园十渡园区十一渡乐佛山景区内,北京市,北京市,房山区,115.5748808,39.62178292
天池山风景区-卧牛思妻,风景名胜,风景名胜,风景名胜,世界地质公园十渡园区十一渡乐佛山景区内,北京市,北京市,房山区,115.5737369,39.62579221
天池山风景区-长寿仙泉,风景名胜,风景名胜,风景名胜,世界地质公园十渡园区十一渡乐佛山景区内,北京市,北京市,房山区,115.5746563,39.62339142
锦波湖,风景名胜,风景名胜,风景名胜,世界地质公园十渡园区十一渡乐佛山景区内,北京市,北京市,房山区,115.5741903,39.62754221
罗汉群,风景名胜,风景名胜,风景名胜,世界地质公园十渡园区十一渡乐佛山景区内,北京市,北京市,房山区,115.5734572,39.62854343
坐鹿罗汉,风景名胜,风景名胜,风景名胜,十渡镇中国房山世界地质公园十渡园区十一渡乐佛寺内,北京市,北京市,房山区,115.5726691,39.62900569
天池山风景区-迎客石,风景名胜,风景名胜,风景名胜,世界地质公园十渡园区十一渡乐佛山景区内,北京市,北京市,房山区,115.5737339,39.62548527
龙泉居易,风景名胜,风景名胜,风景名胜,十渡镇房山世界地质公园十渡园区十一渡乐佛寺内,北京市,北京市,房山区,115.5726319,39.63050735
天池山风景区-苍岩,风景名胜,风景名胜,风景名胜,世界地质公园十渡园区十一渡乐佛山景区内,北京市,北京市,房山区,115.5737299,39.6253403
沉思罗汉,风景名胜,风景名胜相关,旅游景点,十渡镇中国房山世界地质公园十渡园区十一渡乐佛寺内,北京市,北京市,房山区,115.5717556,39.63101449
天池山风景区-依山泉,风景名胜,风景名胜,风景名胜,世界地质公园十渡园区十一渡乐佛山景区内,北京市,北京市,房山区,115.5745753,39.62282648
天池山风景区-千古河床,风景名胜,风景名胜,风景名胜,世界地质公园十渡园区七渡村孤山寨自然风景区内,北京市,北京市,房山区,115.5736588,39.62559319
天池山风景区-禅,风景名胜,风景名胜,风景名胜,世界地质公园十渡园区十一渡乐佛山景区内,北京市,北京市,房山区,115.57446,39.62432608
天池山风景区-龟,风景名胜,风景名胜,风景名胜,世界地质公园十渡园区十一渡乐佛山景区内,北京市,北京市,房山区,115.5739572,39.62545146
天池山风景区-鼎,风景名胜,风景名胜,风景名胜,世界地质公园十渡园区十一渡乐佛山景区乐佛寺内,北京市,北京市,房山区,115.5736797,39.62719288
北京普渡山庄乐佛山自然风景区,风景名胜,风景名胜,风景名胜,十渡镇十一渡口乐佛山庄,北京市,北京市,房山区,115.5712795,39.62660197
天池山风景区-十渡千佛玉山,风景名胜,风景名胜相关,旅游景点,世界地质公园十渡园区十一渡乐佛山景区内,北京市,北京市,房山区,115.5733082,39.62731556
天池山风景区-叠层石,风景名胜,风景名胜相关,旅游景点,莲缘峡谷景区,北京市,北京市,房山区,115.573249,39.62758245
天池山风景区-莲缘峡谷,风景名胜,风景名胜相关,旅游景点,十渡镇涞宝路房山十渡风景名胜区,北京市,北京市,房山区,115.572631,39.62948956
天池山风景区-山神,风景名胜,风景名胜,风景名胜,世界地质公园十渡园区十一渡乐佛山景区内,北京市,北京市,房山区,115.575443,39.62548056
房山十渡风景名胜区-山光佛山公园,风景名胜,公园广场,公园广场,八渡村一区37号(十渡拒马乐园),北京市,北京市,房山区,115.591141,39.63053621
房山十渡风景名胜区-十渡气盾坝,风景名胜,风景名胜,风景名胜,十渡镇房山世界地质公园十渡园区九渡北京十渡拒马乐园内,北京市,北京市,房山区,115.5897285,39.63083809
雄鹰展翅,风景名胜,风景名胜,风景名胜,世界地质公园十渡园区九渡万景仙沟自然风景区内,北京市,北京市,房山区,115.5906247,39.62343066
十渡拒马乐园-观景台,风景名胜,风景名胜,观景点,世界地质公园十渡园区九渡十渡拒马乐园-索道内,北京市,北京市,房山区,115.5971713,39.62605541
万景仙沟,风景名胜,风景名胜,风景名胜,十渡镇中国房山世界地质公园十渡园区九渡内,北京市,北京市,房山区,115.5906083,39.62614209
房山十渡风景名胜区-戏水摸鱼,风景名胜,风景名胜相关,旅游景点,世界地质公园十渡园区八渡内,北京市,北京市,房山区,115.5899346,39.63025722
孤山寨,风景名胜,风景名胜,风景名胜,十渡镇中国房山世界地质公园十渡园区七渡村内,北京市,北京市,房山区,115.6183994,39.63110303
孤山寨-十渡大瀑布,风景名胜,风景名胜,风景名胜,十渡镇房山世界地质公园十渡园区七渡村孤山寨自然风景区内,北京市,北京市,房山区,115.6196702,39.62968093
孤山寨-宝印亭,风景名胜,风景名胜,风景名胜,世界地质公园十渡园区七渡村孤山寨自然风景区内,北京市,北京市,房山区,115.6211045,39.63006222
孤山寨-鹰头石,风景名胜,风景名胜,风景名胜,世界地质公园十渡园区七渡村孤山寨自然风景区内,北京市,北京市,房山区,115.6211134,39.63006921
孤山寨-凉亭,风景名胜,风景名胜,风景名胜,世界地质公园十渡园区七渡村孤山寨自然风景区内,北京市,北京市,房山区,115.6202126,39.62961134
孤山寨自然风景区-亭子,风景名胜,风景名胜相关,旅游景点,十渡镇中国房山世界地质公园十渡园区七渡村孤山寨自然风景区内,北京市,北京市,房山区,115.6202126,39.62960834
仙峰谷-五渡,风景名胜,风景名胜,风景名胜,世界地质公园十渡园区西关上村内,北京市,北京市,房山区,115.6431291,39.62690352
清江九龙潭景区,风景名胜,风景名胜,风景名胜,十渡村四度(距四度公交车站东南方500米),北京市,北京市,房山区,115.647142,39.62185553
仙峰谷-五渡叠翠听风,风景名胜,风景名胜,风景名胜,涞宝路十渡风景区,北京市,北京市,房山区,115.6431291,39.62689952
仙峰谷-水往高处流,风景名胜,风景名胜相关,旅游景点,十渡镇涞宝路房山十渡风景名胜区,北京市,北京市,房山区,115.6398708,39.62220401
仙峰谷飞来石,风景名胜,风景名胜相关,旅游景点,十渡镇涞宝路房山十渡风景名胜区,北京市,北京市,房山区,115.6398708,39.62220401
清江九龙潭水上娱乐区-水床,风景名胜,风景名胜相关,旅游景点,涞宝路清江九龙潭清江九龙潭水上娱乐区内,北京市,北京市,房山区,115.6474305,39.62185001
山神庙,风景名胜,风景名胜,风景名胜,涞宝路穆柯寨内,北京市,北京市,房山区,115.6585344,39.62387499
寨门,风景名胜,风景名胜,风景名胜,涞宝路穆柯寨内,北京市,北京市,房山区,115.6589465,39.62387721
穆柯寨,风景名胜,风景名胜,风景名胜,张坊,北京市,北京市,房山区,115.6615989,39.62386314
三渡景区,风景名胜,风景名胜,风景名胜,十渡世界地质公园,北京市,北京市,房山区,115.6623636,39.62167513
穆柯寨休息亭,风景名胜,风景名胜相关,旅游景点|生活服务,涞宝路穆柯寨内,北京市,北京市,房山区,115.6600213,39.62402512
瓦沟民俗村登山步道,风景名胜,风景名胜相关,旅游景点,,北京市,北京市,房山区,115.6886852,39.62701195
三岔人民广场,风景名胜,公园广场,城市广场,三岔路东100米,北京市,北京市,房山区,115.8003054,39.62172671
房山天开塔,风景名胜,风景名胜,风景名胜,岳各庄乡天开村,北京市,北京市,房山区,115.8820449,39.62629333
云盖寺,风景名胜,风景名胜,寺庙道观,石楼镇大次洛村,北京市,北京市,房山区,115.9452556,39.63128499
贾公祠,风景名胜,风景名胜,风景名胜,房琉路与顾郑路交叉口东北150米,北京市,北京市,房山区,115.9802418,39.6260595
贾岛纪念馆,风景名胜,风景名胜,纪念馆,贾公祠公园,北京市,北京市,房山区,115.9803096,39.62593233
立教健身公园,风景名胜,公园广场,公园,琉璃河立教村,北京市,北京市,房山区,116.0638518,39.62121796
永定河森林牧场越野公园,风景名胜,公园广场,公园,任营村永定河畔(思格森高尔夫俱乐部),北京市,北京市,房山区,116.2041961,39.62800059
体育公园,风景名胜,公园广场,公园,团结路与隆兴大街交叉口东南150米,北京市,北京市,大兴区,116.3080131,39.62826079
田园一景月季园,风景名胜,风景名胜相关,旅游景点,东大路与未庄南路交叉口南100米,北京市,北京市,大兴区,116.3792487,39.62238318
西南研垡清真寺,风景名胜,风景名胜,寺庙道观,中心路与研垡路交叉口东南100米,北京市,北京市,大兴区,116.4149075,39.62942919
蔡辛庄菩萨庙,风景名胜,风景名胜,风景名胜,辛庄营中巷与辛庄营街交叉口东南150米,北京市,北京市,大兴区,116.6548038,39.63010674
永乐生态公园,风景名胜,公园广场,公园,永乐店镇南永乐开发区内,北京市,北京市,通州区,116.7728186,39.62767171
天池山风景区-斜塔奇峰,风景名胜,风景名胜,风景名胜,世界地质公园十渡园区十一渡乐佛山景区内,北京市,北京市,房山区,115.5741341,39.62014171
天池山风景区-雨迹寻踪,风景名胜,风景名胜,风景名胜,世界地质公园十渡园区十一渡乐佛山景区内,北京市,北京市,房山区,115.5736166,39.61888257
天池山风景区-一峰二泉,风景名胜,风景名胜,风景名胜,世界地质公园十渡园区十一渡乐佛山景区内,北京市,北京市,房山区,115.5739299,39.61933272
天池山风景区-山核桃沟,风景名胜,风景名胜,风景名胜,世界地质公园十渡园区十一渡乐佛山景区内,北京市,北京市,房山区,115.5734154,39.61863446
天池山风景区-千层石,风景名胜,风景名胜,风景名胜,世界地质公园十渡园区十一渡乐佛山景区内,北京市,北京市,房山区,115.5741842,39.61991679
天池山风景区-蛙石,风景名胜,风景名胜,风景名胜,世界地质公园十渡园区十一渡乐佛山景区内,北京市,北京市,房山区,115.5738919,39.61945166
天池山风景区-驼峰迎客,风景名胜,风景名胜,风景名胜,世界地质公园十渡园区十一渡乐佛山景区内,北京市,北京市,房山区,115.573988,39.61972668
天池山风景区-葫芦潭,风景名胜,风景名胜,风景名胜,世界地质公园十渡园区十一渡乐佛山景区内,北京市,北京市,房山区,115.573976,39.6195967
天池山风景区-山核桃林,风景名胜,风景名胜,风景名胜,世界地质公园十渡园区十一渡乐佛山景区内,北京市,北京市,房山区,115.5734063,39.61860546
天池山风景区-迦叶洞,风景名胜,风景名胜,风景名胜,世界地质公园十渡园区十一渡乐佛山景区内,北京市,北京市,房山区,115.5742102,39.6199868
天池山风景区-宽字奇石,风景名胜,风景名胜,风景名胜,世界地质公园十渡园区十一渡乐佛山景区内,北京市,北京市,房山区,115.5749069,39.62111508
天池山风景区-百鸟园,风景名胜,风景名胜,风景名胜,世界地质公园十渡园区十一渡乐佛山景区内,北京市,北京市,房山区,115.5736506,39.61891559
天池山风景区-观音圣泉,风景名胜,风景名胜,风景名胜,世界地质公园十渡园区十一渡乐佛山景区内,北京市,北京市,房山区,115.5738658,39.61951863
天池山风景区-杏劈石,风景名胜,风景名胜,风景名胜,世界地质公园十渡园区九渡万景仙沟自然风景区内,北京市,北京市,房山区,115.5840012,39.61619898
蛇盘坨,风景名胜,风景名胜,风景名胜,世界地质公园十渡园区九渡万景仙沟自然风景区内,北京市,北京市,房山区,115.5882422,39.61943729
天池山风景区-鹰嘴石,风景名胜,风景名胜,风景名胜,世界地质公园十渡园区九渡万景仙沟自然风景区内,北京市,北京市,房山区,115.583611,39.615528
万景亭,风景名胜,风景名胜,风景名胜,世界地质公园十渡园区九渡万景仙沟自然风景区内,北京市,北京市,房山区,115.5884293,39.61955029
通天洞,风景名胜,风景名胜,风景名胜,世界地质公园十渡园区九渡万景仙沟自然风景区内,北京市,北京市,房山区,115.5883672,39.61997719
天池山风景区-鹰嘴峰,风景名胜,风景名胜,风景名胜,世界地质公园十渡园区九渡万景仙沟自然风景区内,北京市,北京市,房山区,115.5834029,39.61545894
天池山风景区-蘑菇石,风景名胜,风景名胜,风景名胜,世界地质公园十渡园区九渡万景仙沟自然风景区内,北京市,北京市,房山区,115.5810194,39.61212269
鸵鸟园,风景名胜,公园广场,动物园,世界地质公园十渡园区九渡万景仙沟自然风景区内,北京市,北京市,房山区,115.5879362,39.61863641
屏风石,风景名胜,风景名胜,风景名胜,涞宝路清江九龙潭内,北京市,北京市,房山区,115.6420551,39.6195599
神仙岭,风景名胜,风景名胜,风景名胜,涞宝路清江九龙潭内,北京市,北京市,房山区,115.6412784,39.62013709
情人岛,风景名胜,风景名胜,风景名胜,涞宝路清江九龙潭内,北京市,北京市,房山区,115.6464846,39.61984013
千尺窗,风景名胜,风景名胜,风景名胜,涞宝路清江九龙潭内,北京市,北京市,房山区,115.6489645,39.62083946
漫水坝,风景名胜,风景名胜,风景名胜,涞宝路清江九龙潭内,北京市,北京市,房山区,115.6480264,39.62095513
清凉洞,风景名胜,风景名胜,风景名胜,涞宝路清江九龙潭内,北京市,北京市,房山区,115.6472511,39.6196578
龙潭,风景名胜,风景名胜,风景名胜,涞宝路清江九龙潭内,北京市,北京市,房山区,115.6484955,39.6209043
南方大峡谷景区(暂停营业),风景名胜,风景名胜相关,旅游景点,十渡镇涞宝路十渡风景名胜区,北京市,北京市,房山区,115.6589936,39.6145671
金蟾洞,风景名胜,风景名胜,风景名胜,世界地质公园十渡园区三渡乐谷银滩内,北京市,北京市,房山区,115.6594363,39.61770158
乐谷银滩,风景名胜,风景名胜,国家级景点,张坊镇穆家口村三渡,北京市,北京市,房山区,115.6632163,39.61771333
石经山风景区,风景名胜,风景名胜,省级景点,大石窝镇水头村口,北京市,北京市,房山区,115.7778167,39.61411863
石经山风景区-石经山千佛洞,风景名胜,风景名胜,风景名胜,周张路西100米,北京市,北京市,房山区,115.7795823,39.61344888
兴隆禅寺,风景名胜,风景名胜,风景名胜,,北京市,北京市,房山区,115.8873537,39.61897931
北京龙门生态园天开寺景区,风景名胜,风景名胜,寺庙道观,韩村河,北京市,北京市,房山区,115.8905547,39.61694666
龙门口水库,风景名胜,风景名胜,风景名胜,034县道北100米,北京市,北京市,房山区,115.8959228,39.61182333
伊桑阿墓石刻,风景名胜,风景名胜相关,旅游景点,皇后台路附近,北京市,北京市,房山区,115.8893834,39.61208443
生辉腾业水族馆,风景名胜,公园广场,水族馆,顾郑路东50米,北京市,北京市,房山区,115.958689,39.61361625
西周燕都遗址博物馆,科教文化服务,博物馆,博物馆|风景名胜,琉璃河董家林村7区1号,北京市,北京市,房山区,116.0505817,39.61534672
立教天主教堂,风景名胜,风景名胜,教堂,,北京市,北京市,房山区,116.0632913,39.615003
庄头文体公园,风景名胜,公园广场,公园,G4京港澳高速,北京市,北京市,房山区,116.0811781,39.6147921
英烈园,风景名胜,风景名胜,风景名胜,鲍庄路与009县道交叉口东150米,北京市,北京市,房山区,116.1835879,39.61253768
瓜乡情缘,风景名胜,公园广场,公园,庞安路南100米,北京市,北京市,大兴区,116.3232879,39.61903169
东方绿洲生态园南广场,风景名胜,公园广场,公园广场,南李渠村,北京市,北京市,大兴区,116.3410483,39.6177487
北京宜德源田野文化园,风景名胜,风景名胜相关,旅游景点,庞安路西沙窝桥西北角,北京市,北京市,大兴区,116.394701,39.61566646
半壁店森林公园,风景名胜,公园广场,公园,黄村南10公里半壁店地区,北京市,北京市,大兴区,116.4309707,39.61274169
北京国际时尚体育公园,风景名胜,公园广场,公园广场,半壁店森林公园东星明湖度假村内,北京市,北京市,大兴区,116.4323195,39.61207593
大龙河滨河公园,风景名胜,公园广场,公园,外环路与政府路交叉口西南150米,北京市,北京市,大兴区,116.4928344,39.61891287
基督教,风景名胜,风景名胜,教堂,黄村镇前大营基督教会,北京市,北京市,大兴区,116.6956779,39.61243834
天池山风景区,风景名胜,风景名胜,风景名胜,十渡镇前头港村,北京市,北京市,房山区,115.5665452,39.60963983
天池山风景区-恐龙石,风景名胜,风景名胜,风景名胜,世界地质公园十渡园区九渡万景仙沟自然风景区内,北京市,北京市,房山区,115.5798725,39.61092439
天池山风景区-子母石,风景名胜,风景名胜,风景名胜,世界地质公园十渡园区九渡万景仙沟自然风景区内,北京市,北京市,房山区,115.5797984,39.61067941
天池山风景区-笔架山,风景名胜,风景名胜相关,旅游景点,十渡镇涞宝路万井仙沟景区景区笔架山,北京市,北京市,房山区,115.5796545,39.60877575
天潭,风景名胜,风景名胜,风景名胜,世界地质公园十渡园区三渡乐谷银滩内,北京市,北京市,房山区,115.6527961,39.6098868
二渡,风景名胜,风景名胜,风景名胜,十渡镇中国房山世界地质公园十渡园区内,北京市,北京市,房山区,115.6729956,39.60924742
仙栖洞牌坊,风景名胜,风景名胜,风景名胜,世界地质公园十渡园区二渡仙栖谷内,北京市,北京市,房山区,115.6746744,39.60701473
河流阶地,风景名胜,风景名胜相关,旅游景点,十渡镇涞宝路南方大峡谷景区,北京市,北京市,房山区,115.6733682,39.60604042
云居寺,风景名胜,风景名胜,寺庙道观,大石窝镇水头村,北京市,北京市,房山区,115.7678699,39.60806287
云居寺塔及石经,风景名胜,风景名胜,寺庙道观,大石窝镇周张路云居滑雪场西北400米,北京市,北京市,房山区,115.7663062,39.60252882
云居寺-石鱼,风景名胜,风景名胜,风景名胜,云居寺路大石窝镇水屯村口云居寺内,北京市,北京市,房山区,115.7669565,39.60788014
佛法城,风景名胜,风景名胜,风景名胜,云居寺路东50米,北京市,北京市,房山区,115.770433,39.60838909
养心园,风景名胜,风景名胜,风景名胜,云居寺路大石窝镇水屯村口云居寺内,北京市,北京市,房山区,115.7695225,39.60835426
石经山风景区-静琬广场,风景名胜,公园广场,城市广场,云居寺南口西北150米,北京市,北京市,房山区,115.7716873,39.60680765
云居寺-南园,风景名胜,风景名胜,风景名胜,云居寺路西100米,北京市,北京市,房山区,115.7692391,39.60743621
三座庵牡丹园,风景名胜,公园广场,植物园,三座庵村村南,北京市,北京市,房山区,115.8311881,39.60423785
轩辕寺,风景名胜,风景名胜,风景名胜,,北京市,北京市,房山区,115.8478999,39.60483282
立善堂,风景名胜,风景名胜,寺庙道观,房易路,北京市,北京市,房山区,115.9010283,39.60588901
韩村河镇观赏石园区,风景名胜,风景名胜,风景名胜,岳琉路北50米,北京市,北京市,房山区,115.9058864,39.60782489
刻石碑,风景名胜,风景名胜相关,旅游景点,034县道南50米,北京市,北京市,房山区,115.8999669,39.6073839
立善堂(佛堂),风景名胜,风景名胜相关,旅游景点,岳琉路北100米,北京市,北京市,房山区,115.933898,39.60430942
韩村河观光园,风景名胜,公园广场,植物园,丰收大街,北京市,北京市,房山区,115.9448647,39.60452755
乾坤村河山庄,风景名胜,风景名胜,风景名胜,岳琉路北150米,北京市,北京市,房山区,115.9560515,39.6027463
琉璃河绿色广场,风景名胜,公园广场,公园,琉璃河,北京市,北京市,房山区,116.0253093,39.60583699
北京琉璃河天香牡丹园,风景名胜,公园广场,植物园,琉璃河镇琉璃河环岛西北侧,北京市,北京市,房山区,116.0517689,39.60432503
京白梨大家族主题公园,风景名胜,公园广场,公园,琉璃河镇贾河村村委会向西600米,北京市,北京市,房山区,116.183128,39.60999843
薛营清真寺,风景名胜,风景名胜,回教寺,清正路庞各庄镇薛营回民小学南300米,北京市,北京市,大兴区,116.3172572,39.60689593
阿瓜先生西瓜地,风景名胜,风景名胜相关,旅游景点,四李路,北京市,北京市,大兴区,116.3623396,39.60852438
永乐凤河公园,风景名胜,公园广场,公园,永乐店镇小甸屯村,北京市,北京市,通州区,116.7741516,39.60467306
中国房山世界地质公园十渡园区-界碑,风景名胜,风景名胜,风景名胜,世界地质公园十渡园区内,北京市,北京市,房山区,115.6851547,39.59607793
一渡石门慑水,风景名胜,风景名胜相关,旅游景点,涞宝路十渡风景区,北京市,北京市,房山区,115.6853005,39.59575874
车门峪,风景名胜,风景名胜相关,旅游景点,,北京市,北京市,房山区,115.6963773,39.59897039
摩崖造像,风景名胜,风景名胜相关,旅游景点,十渡镇涞宝路皇姑坨景区,北京市,北京市,房山区,115.7445691,39.59410383
UPLAND北京云居山地车主题公园,风景名胜,公园广场,公园,蔡家口村,北京市,北京市,房山区,115.7648316,39.59783475
富华山庄,风景名胜,风景名胜,风景名胜|体育休闲服务,下庄村云居寺十字路口向西200米,北京市,北京市,房山区,115.771676,39.60106794
仙蘑洞,风景名胜,风景名胜相关,旅游景点,,北京市,北京市,房山区,115.8095934,39.59320137
中山寺,风景名胜,风景名胜,寺庙道观,云居寺路附近,北京市,北京市,房山区,115.8379805,39.5947793
严行大德塔,风景名胜,风景名胜相关,旅游景点,长沟乡西甘池村,北京市,北京市,房山区,115.8648462,39.59630969
泉眼,风景名胜,风景名胜相关,旅游景点,,北京市,北京市,房山区,115.8691381,39.60029853
北京市长沟湿地公园-龙泉湖湖心岛,风景名胜,风景名胜,风景名胜,,北京市,北京市,房山区,115.8838411,39.59316762
水岸花田,风景名胜,风景名胜相关,旅游景点,房易路长沟检查站,北京市,北京市,房山区,115.8979237,39.59465012
花田湿地,风景名胜,风景名胜相关,旅游景点,长沟镇沿村,北京市,北京市,房山区,115.8967339,39.59742656
韩村河公园,风景名胜,公园广场,公园广场,韩村河镇,北京市,北京市,房山区,115.9491669,39.59610811
北京韩村河旅游景村,风景名胜,风景名胜,省级景点,韩村河镇政府南侧,北京市,北京市,房山区,115.9508244,39.5996635
西东公园,风景名胜,公园广场,公园,韩村河镇西东村西,北京市,北京市,房山区,115.967902,39.59752734
街心公园,风景名胜,公园广场,公园,京深路(金果林家园北),北京市,北京市,房山区,116.013053,39.59190431
北京琉璃河天香牡丹园恐龙园,风景名胜,公园广场,公园,琉陶路,北京市,北京市,房山区,116.0510868,39.59913443
梨花庄园,风景名胜,风景名胜相关,旅游景点,庞各庄镇梨花村航天科普园内,北京市,北京市,大兴区,116.2438401,39.59388968
中华耕织文化园,风景名胜,公园广场,公园,安定镇佟家务村向西北方向1000米,北京市,北京市,大兴区,116.4146011,39.59788281
皇姑坨,风景名胜,风景名胜,风景名胜,张坊,北京市,北京市,房山区,115.7371203,39.58562086
北京市长沟湿地公园,风景名胜,公园广场,公园,云居寺路,北京市,北京市,房山区,115.8854373,39.58941126
长海单车公园,风景名胜,风景名胜相关,旅游景点,X024(云居寺路),北京市,北京市,房山区,115.8929065,39.5833448
北京市长沟湿地公园-沿村娘娘庙,风景名胜,风景名胜,寺庙道观,沿村路附近,北京市,北京市,房山区,115.8907722,39.5896909
庞各庄万亩梨园,风景名胜,风景名胜相关,旅游景点,庞各庄梨花村南,北京市,北京市,大兴区,116.2348446,39.58454054
梨花村兵魂CS体验园,风景名胜,风景名胜相关,旅游景点,庞各庄西韩路梨花村CS基地(文化园拓展基地),北京市,北京市,大兴区,116.238708,39.58544329
一合园,风景名胜,风景名胜相关,旅游景点,X024(赵安路与曹各庄路向西100米),北京市,北京市,大兴区,116.2535589,39.59062151
清真寺,风景名胜,风景名胜,回教寺,伙佟路与佟营街东三条交叉口西150米,北京市,北京市,大兴区,116.5042567,39.58240322
中国房山世界地质公园十渡园区界碑(界桩),风景名胜,风景名胜,风景名胜,世界地质公园十渡园区内,北京市,北京市,房山区,115.7010236,39.57786245
爱琴海薰衣草庄园,风景名胜,风景名胜相关,旅游景点,张坊镇镇政府对面,北京市,北京市,房山区,115.7118628,39.57658254
玉皇塔,风景名胜,风景名胜相关,旅游景点,高庄村,北京市,北京市,房山区,115.800689,39.57642282
圣泉公园,风景名胜,公园广场,公园,长沟镇白云路南,北京市,北京市,房山区,115.8886415,39.57233067
长沟镇西长沟村社区广场,风景名胜,公园广场,城市广场,房易路与长沟大街交叉口西150米,北京市,北京市,房山区,115.8909293,39.57367091
房山长沟土城,风景名胜,风景名胜,风景名胜,长沟镇东长沟村,北京市,北京市,房山区,115.9002482,39.57223529
梨花村万亩梨园,风景名胜,风景名胜相关,旅游景点,庞各庄镇梨花村,北京市,北京市,大兴区,116.2442181,39.57822149
极乐禅寺,风景名胜,风景名胜,风景名胜,房易路附近,北京市,北京市,房山区,115.6988043,39.56786031
张坊宋辽古战道,风景名胜,风景名胜,风景名胜,张坊镇张坊村,北京市,北京市,房山区,115.7082698,39.56992559
问津阁,风景名胜,风景名胜,风景名胜,,北京市,北京市,房山区,115.7051567,39.57025658
张坊镇九龙旅游观光园,风景名胜,风景名胜,风景名胜,房史路与房易路交叉口东南150米,北京市,北京市,房山区,115.7186724,39.56772968
阳光广场,风景名胜,公园广场,公园广场,安立路68号,北京市,北京市,房山区,115.8074262,39.56981626
郑庄公园,风景名胜,公园广场,公园,韩村河镇郑家庄村,北京市,北京市,房山区,115.9508752,39.56778323
吴彩霞民俗旅游服务部,风景名胜,风景名胜,风景名胜,西黄垡村南西强街七排1号,北京市,北京市,大兴区,116.3148508,39.5652217
碧水公园,风景名胜,公园广场,公园,南尚乐,北京市,北京市,房山区,115.8337634,39.55591259
清真寺,风景名胜,风景名胜,教堂,郝礼路与礼贤大街交叉口西北100米,北京市,北京市,大兴区,116.4398865,39.55648464
礼贤清真寺,风景名胜,风景名胜相关,旅游景点,礼贤镇,北京市,北京市,大兴区,116.4453103,39.55638538
永济桥,风景名胜,风景名胜相关,旅游景点,城北拒马河上,北京市,北京市,房山区,115.7512247,39.54193731
照塔,风景名胜,风景名胜相关,旅游景点,南尚乐乡塔照村东,北京市,北京市,房山区,115.765484,39.54613952
中华石雕艺术园,风景名胜,风景名胜,风景名胜,大石窝镇大石窝村房易路附近,北京市,北京市,房山区,115.8162919,39.549192
御鹿苑观光农业观光园,风景名胜,公园广场,植物园,西郏河村,北京市,北京市,大兴区,116.3614432,39.55069502
西麻各庄村文化广场,风景名胜,公园广场,城市广场,石西路与翁麻路交叉口东50米,北京市,北京市,大兴区,116.2559949,39.53604097
天精地华宠乐园,风景名胜,公园广场,动物园,礼贤镇柏树庄村,北京市,北京市,大兴区,116.4527376,39.5385847
恭勤夫人谢氏墓,风景名胜,风景名胜,风景名胜,黄各庄村,北京市,北京市,大兴区,116.2880752,39.52192761
辛庄村文化广场,风景名胜,公园广场,城市广场,榆辛路南100米,北京市,北京市,大兴区,116.2484105,39.51470594
求贤村天主堂,风景名胜,风景名胜,教堂,求贤村,北京市,北京市,大兴区,116.2801911,39.50818586
榆垡文化广场,风景名胜,公园广场,城市广场,今荣街与榆垡路交叉口西150米,北京市,北京市,大兴区,116.3089808,39.50891116
梦幻紫海香草庄园,风景名胜,风景名胜,风景名胜,榆垡开发区西胡林,北京市,北京市,大兴区,116.2912978,39.49639482
西胡林天主堂,风景名胜,风景名胜,教堂,榆垡镇,北京市,北京市,大兴区,116.3039233,39.4957357
北京野生动物园-羊驼区,风景名胜,风景名胜,风景名胜,榆垡镇北京野生动物园内,北京市,北京市,大兴区,116.3228859,39.49760136
北京野生动物园-水禽湖,风景名胜,风景名胜,风景名胜,榆垡镇北京野生动物园内,北京市,北京市,大兴区,116.3286957,39.4970464
北京野生动物园-热带鸟馆,风景名胜,风景名胜,风景名胜,榆垡镇北京野生动物园内,北京市,北京市,大兴区,116.3255738,39.49706737
北京野生动物园-鸸鹋园,风景名胜,风景名胜,风景名胜,榆垡镇北京野生动物园内,北京市,北京市,大兴区,116.3235746,39.49592059
北京野生动物园-木径鸟语,风景名胜,风景名胜,风景名胜,榆垡镇北京野生动物园内,北京市,北京市,大兴区,116.3250056,39.49311978
北京野生动物园-袋鼠园,风景名胜,风景名胜,风景名胜,榆垡镇北京野生动物园内,北京市,北京市,大兴区,116.3282398,39.49632851
北京野生动物园-珍稀动物馆,风景名胜,风景名胜,风景名胜,榆垡镇北京野生动物园内,北京市,北京市,大兴区,116.3234841,39.49355456
北京野生动物园-狮狒馆,风景名胜,风景名胜,风景名胜,榆垡镇北京野生动物园内,北京市,北京市,大兴区,116.3251463,39.49323847
北京野生动物园-孔雀园,风景名胜,风景名胜,风景名胜,榆垡镇北京野生动物园内,北京市,北京市,大兴区,116.3259402,39.49524027
北京野生动物园-鸵鸟馆,风景名胜,风景名胜,风景名胜,榆垡镇北京野生动物园内,北京市,北京市,大兴区,116.3279659,39.49267625
北京野生动物园-小鹿的家,风景名胜,风景名胜,风景名胜,榆垡镇北京野生动物园内,北京市,北京市,大兴区,116.3231512,39.49855954
北京野生动物园-浣熊,风景名胜,风景名胜,风景名胜,榆垡镇北京野生动物园内,北京市,北京市,大兴区,116.3249223,39.49707762
北京野生动物园-动物标本室,风景名胜,风景名胜,风景名胜,榆垡镇北京野生动物园内,北京市,北京市,大兴区,116.3230804,39.49819079
北京野生动物园-狮虎馆,风景名胜,风景名胜,风景名胜,榆垡镇北京野生动物园内,北京市,北京市,大兴区,116.3264263,39.49350392
北京野生动物园-白牦牛,风景名胜,风景名胜,风景名胜,榆垡镇北京野生动物园内,北京市,北京市,大兴区,116.321937,39.49820899
北京野生动物园-骑士乐园,风景名胜,风景名胜,风景名胜,榆垡镇北京野生动物园内,北京市,北京市,大兴区,116.324198,39.49665515
北京野生动物园-细尾獴,风景名胜,风景名胜,风景名胜,榆垡镇北京野生动物园内,北京市,北京市,大兴区,116.3251937,39.49710009
北京野生动物园-食火鸡,风景名胜,风景名胜,风景名胜,榆垡镇北京野生动物园内,北京市,北京市,大兴区,116.3222493,39.49859426
自驾电瓶车动物迷你散放区,风景名胜,风景名胜,风景名胜,榆垡镇北京野生动物园内,北京市,北京市,大兴区,116.3283605,39.49728197
北京野生动物园-北方鸟林,风景名胜,风景名胜,风景名胜,榆垡镇北京野生动物园内,北京市,北京市,大兴区,116.3280661,39.49717356
北京野生动物园-金丝猴馆,风景名胜,风景名胜,风景名胜,榆垡镇北京野生动物园内,北京市,北京市,大兴区,116.3226549,39.49382606
北京野生动物园,风景名胜,公园广场,动物园,榆垡镇万亩森林内,北京市,北京市,大兴区,116.3294852,39.49496659
北京森林假日,风景名胜,风景名胜,风景名胜,榆垡镇野生动物园南500米,北京市,北京市,大兴区,116.3178126,39.4886961
清真古寺,风景名胜,风景名胜相关,旅游景点,辛安庄村文化活动中心东250米,北京市,北京市,大兴区,116.3297533,39.46537036
王家屯村文化广场,风景名胜,公园广场,城市广场,南马路与王屯路交叉口东150米,北京市,北京市,大兴区,116.3400335,39.46496144
清真寺,风景名胜,风景名胜,回教寺,党员路与刘崔路交叉口西南50米,北京市,北京市,大兴区,116.4320697,39.45417414
